longname,Silent % [StatCan],Boomer % [StatCan],Gen X % [StatCan],Millennial % [StatCan],Gen Z % [StatCan],Gen Alpha % [StatCan]
"Toronto CMA, ON, Canada",0.07007359515770482,0.22373468067929872,0.2034255660532008,0.2220573695094869,0.1815049817740105,0.09920380682629817
"Montréal CMA, QC, Canada",0.08069322002711007,0.23131696067867427,0.20052672336282207,0.20581587906945295,0.1726485252850596,0.10899869157688089
"Vancouver CMA, BC, Canada",0.07376041102395257,0.23419192302035335,0.20213806910296817,0.2310308736077879,0.16798947658726404,0.09088924665767407
"Ottawa - Gatineau CMA, QC-ON, Canada",0.07074091124455247,0.23684696884671308,0.19662760884832686,0.20507874849206867,0.18269582953900046,0.1080099330293385
"Calgary CMA, AB, Canada",0.05147299481389766,0.20636436334434383,0.21224891942139745,0.22927499164892426,0.18022127820386014,0.12041745256757674
"Edmonton CMA, AB, Canada",0.05744480263831585,0.20917266631592712,0.19638361504320032,0.23189424139599096,0.1817549459590201,0.12334972864754568
"Québec CMA, QC, Canada",0.09350053803531715,0.2635813862154603,0.18604827011472572,0.1957441763747043,0.15716270985380784,0.10396291940598483
"Winnipeg CMA, MB, Canada",0.07036488826832388,0.22551281513486288,0.1902225045393804,0.21436062155052038,0.18852660406416855,0.11101256644274402
"Hamilton CMA, ON, Canada",0.08649533662912175,0.2427692268487841,0.19197543448346138,0.2012894347892568,0.1736341165078233,0.10383645074155277
"Kitchener - Cambridge - Waterloo CMA, ON, Canada",0.067204137775425,0.21292013433884985,0.19108573213805288,0.22437538509602487,0.1930036188178527,0.11141099183379478
"London CMA, ON, Canada",0.0799793839102465,0.2393215097604296,0.18166088373077593,0.20915207127276755,0.1839065649360815,0.10597958638969901
"Halifax CMA, NS, Canada",0.0682713983989431,0.24617153640166736,0.19243801234254035,0.22216834431846488,0.17392066900046269,0.09703003953792166
"St. Catharines - Niagara CMA, ON, Canada",0.10428712939712953,0.2858278237231912,0.17701398327535742,0.17866110714368047,0.1601396023866017,0.09407035407403966
"Windsor CMA, ON, Canada",0.08193476809695774,0.25520319059446145,0.1902742543527308,0.1832469927464752,0.18630076757595843,0.10304002663341644
"Oshawa CMA, ON, Canada",0.0671783872367089,0.22498433508459043,0.20075191593965452,0.20231840748059962,0.1851231503349878,0.11964380392345886
"Victoria CMA, BC, Canada",0.10110790611908531,0.27328839912928005,0.186345452062132,0.20596916163765275,0.1506493825726364,0.08263969847921362
"Saskatoon CMA, SK, Canada",0.06232473138607917,0.2043828969341783,0.18420140529980794,0.2303935469641121,0.19116488641018278,0.12753253300563966
"Regina CMA, SK, Canada",0.06482614714793039,0.213017395317108,0.18932204410023878,0.2215043839409326,0.18573062338235577,0.1255994061114344
"Sherbrooke CMA, QC, Canada",0.09980641471248189,0.2626820361652513,0.17306084737559904,0.1862158475955831,0.17651458489154828,0.10172026925953635
"Kelowna CMA, BC, Canada",0.09910193792342847,0.2762835085192105,0.1785995633482633,0.1977762272389655,0.16072835310270336,0.08751040986742897
"Barrie CMA, ON, Canada",0.0697625305049747,0.23308147174770016,0.19929134597334344,0.20412521118828583,0.18542331518678454,0.10831612539891139
"St. John's CMA, NL, Canada",0.0710476463606167,0.2527072995026505,0.2069258378321533,0.20326213598344522,0.172017499344131,0.09403958097700332
"Abbotsford - Mission CMA, BC, Canada",0.07569527798350238,0.2286947416809255,0.18852312485634765,0.20714048573690522,0.1861225323696913,0.113823837372628
"Kingston CMA, ON, Canada",0.0946098756125143,0.26457711154281066,0.17518629128127788,0.20046971498158844,0.17260575835773753,0.09255124822407139
"Greater Sudbury / Grand Sudbury CMA, ON, Canada",0.08862022419156056,0.2663301836962263,0.18692411526498018,0.18783379306297338,0.1705205704560128,0.09977111332824691
"Guelph CMA, ON, Canada",0.07543981411629819,0.22432783125622335,0.1930052204351369,0.2141283683877004,0.18654757234678165,0.10655119345785932
"Trois-Rivières CMA, QC, Canada",0.11520965495899753,0.2958378462014545,0.16527928206715153,0.17499613182732474,0.1540461086182886,0.09463097632678312
"Saguenay CMA, QC, Canada",0.10184179132084656,0.30475220492047844,0.16942871867116724,0.1747114830362323,0.14974017332248352,0.099525628728792
"Moncton CMA, NB, Canada",0.0802905814801891,0.24997620784823774,0.2031849760492337,0.19902928020810215,0.16870221742854427,0.09881673698569295
"Brantford CMA, ON, Canada",0.08077791283208875,0.25292585518319155,0.18652543844417446,0.1931238062163571,0.17548185448862633,0.11116513283556179
"Saint John CMA, NB, Canada",0.08010168349402083,0.2820747524052764,0.1949039799988297,0.17803198801067224,0.16763247368118273,0.09725512241001816
"Peterborough CMA, ON, Canada",0.10897585216243497,0.2854258871030357,0.16224085720941098,0.18409814426585908,0.1629784921189532,0.09628076714030596
"Lethbridge CMA, AB, Canada",0.07410995398401543,0.21748607410995408,0.17074352143376165,0.2128844756599658,0.2001291676757889,0.12464680713651417
"Thunder Bay CMA, ON, Canada",0.09269241681189988,0.28123860089976904,0.17521176995095847,0.19324767964981948,0.164187573460868,0.09342195922668498
"Nanaimo CMA, BC, Canada",0.10359401408752437,0.2853478119071352,0.17731185563589208,0.18962201506273954,0.15436119792852462,0.08976310537818413
"Kamloops CMA, BC, Canada",0.09026284610996554,0.264864627671245,0.18004300320329988,0.2037386458379043,0.16569397516345566,0.0953969020141295
"Chilliwack CMA, BC, Canada",0.09238078479676243,0.260425831427063,0.1770631708604612,0.18449762449410512,0.1692327995776878,0.1163997888439205
"Belleville - Quinte West CMA, ON, Canada",0.09771019838949115,0.2913761302802643,0.17189257276530662,0.18205947186108254,0.15659723784245816,0.10036438886139731
"Fredericton CMA, NB, Canada",0.07665409036532622,0.2481825710867766,0.19315358424588186,0.1987669089905218,0.18132879359528833,0.10191405171620513
"Chatham-Kent CMA, ON, Canada",0.0996923668525286,0.29806767929244365,0.17083253220534506,0.16391078638723316,0.16482407229378995,0.10267256296865963
"Drummondville CMA, QC, Canada",0.09202877130751809,0.2762341117351464,0.18725982855453768,0.17287417479554626,0.16390777416494218,0.10769533944230944
"Red Deer CMA, AB, Canada",0.059147248388696054,0.22161626177491328,0.19766980664352993,0.2170054536440258,0.1875061973227566,0.11705503222607838
"Cape Breton CMA, NS, Canada",0.1053032999440687,0.3225199572888593,0.17242080642700983,0.15945492449280538,0.15630243555193973,0.08399857629531703
"Sarnia CMA, ON, Canada",0.10261528225600088,0.29474384564204925,0.16781820973437764,0.17938482010338297,0.15712165412764206,0.09831618813654734
"Granby CMA, QC, Canada",0.10131723380900125,0.3063117453347973,0.17854006586169027,0.16141602634467608,0.15087815587266729,0.1015367727771678
"Prince George CMA, BC, Canada",0.060702696654358276,0.2428107866174327,0.19061206221327087,0.21371824997202665,0.18535302674275486,0.10680317780015658
"Kawartha Lakes CMA, ON, Canada",0.11874566218688895,0.3408416934822383,0.15881128146886223,0.15925294971291562,0.13546595999747643,0.08688245315161833
"Charlottetown CMA, PE, Canada",0.07620983106820778,0.2500952622888354,0.18728565985012083,0.19262034802489514,0.19547821668995288,0.0983106820779881
"Sault Ste. Marie CMA, ON, Canada",0.11082910321488998,0.29584797605102153,0.1723285175061825,0.17310946244956404,0.1543017050631264,0.09358323571521551
"Medicine Hat CMA, AB, Canada",0.08275997641045829,0.2596815411834086,0.18701264661555606,0.18340868881462566,0.1773147238057789,0.10982242317017256
"Wood Buffalo CMA, AB, Canada",0.008660937817173016,0.13958995872521818,0.23025915149874818,0.2829014141687531,0.17660193517829356,0.1619866026118141
"North Bay CMA, ON, Canada",0.09664831719043963,0.2901539962371961,0.17608529022367764,0.18235663019998616,0.1615218451675842,0.09323392098111623
"Vernon CMA, BC, Canada",0.12669750783465167,0.3164453066706462,0.17310849126995956,0.155946873600955,0.14147142217579475,0.0863303984479928
"Norfolk CMA, ON, Canada",0.10307966096112206,0.32200848708120305,0.16329757387508576,0.16013903720177727,0.15046531213011796,0.10100992875069398
"Grande Prairie CMA, AB, Canada",0.03429462197973497,0.15939204988308633,0.19368667186282154,0.271473109898675,0.19337490257209675,0.14777864380358524
"Courtenay CMA, BC, Canada",0.12572014837029433,0.324283797648173,0.17125720148370285,0.15807749980269914,0.1328229816115539,0.08783837108357677
"Cornwall CMA, ON, Canada",0.11088779204580444,0.2959397485377675,0.16489884099671756,0.1726478722463837,0.15379646188772508,0.10182928428560188
"Saint-Hyacinthe CMA, QC, Canada",0.12132077044942886,0.2783290252647376,0.1761861085633286,0.17109980822146248,0.157341782706579,0.09572250479446348
"Brandon CMA, MB, Canada",0.07278917824606611,0.20217171252415578,0.18339928223060661,0.22020796908070264,0.19821477868777038,0.12321707923069841
"Rimouski CMA, QC, Canada",0.09986291893812808,0.31200136367590253,0.1689534333998582,0.17220056652803686,0.15266369910748984,0.0943180183505846
"Victoriaville CMA, QC, Canada",0.12406548689315779,0.28636320620800615,0.17128797198826531,0.15974259487082423,0.15529478565344945,0.10324595438629702
"Joliette CMA, QC, Canada",0.13830694852592662,0.2989856858469998,0.1608683287515404,0.16646127595032706,0.14247795999620821,0.09289980092899801
"Shawinigan CMA, QC, Canada",0.13779210314262677,0.3577759871071713,0.1559226430298149,0.14524576954069307,0.1191579371474618,0.084105560032232
"Duncan CMA, BC, Canada",0.11422550052687047,0.32497365648050597,0.16838777660695467,0.15405690200210742,0.14467860906217062,0.09367755532139099
"Penticton CMA, BC, Canada",0.14505912162162174,0.3387880067567567,0.1655405405405405,0.1521326013513514,0.12563344594594597,0.07284628378378383
"Woodstock CMA, ON, Canada",0.08921139686266137,0.24031586810372407,0.1797033400917726,0.2083022089424822,0.1627361007363142,0.11973108526304556
"Truro CMA, NS, Canada",0.10510413294485801,0.29750728391065046,0.1831229092478688,0.16661271177295783,0.15636128196827462,0.09129168015539023
"Prince Albert CMA, SK, Canada",0.07130144605116777,0.21523915461624046,0.16785317018909807,0.20066740823136892,0.20956618464961096,0.1353726362625138
"Salaberry-de-Valleyfield CMA, QC, Canada",0.1087411893762094,0.30447985835751123,0.16762335570206321,0.1850071957771147,0.13511551718040066,0.09903288360670076
"Rouyn-Noranda CMA, QC, Canada",0.08008479566599933,0.2696973265810859,0.17536214815687187,0.19809209751501597,0.16252502649864564,0.11423860558238123
"Sorel-Tracy CMA, QC, Canada",0.13026911169326025,0.3412717313646107,0.17075494165277427,0.1481305072636342,0.12860204810669223,0.08097165991902835
"Timmins CMA, ON, Canada",0.07301664439314787,0.2618150892965619,0.18867695298262668,0.19584497630907538,0.17749969627019796,0.1031466407483902
"Campbell River CMA, BC, Canada",0.10006138735420499,0.32166973603437704,0.176304481276857,0.16586863106200128,0.14450583179864931,0.09158993247391041
"Moose Jaw CMA, SK, Canada",0.09359323491471985,0.2558406191772969,0.17443027089006724,0.18919306292102644,0.17486025512397876,0.11208255697291084
"Saint-Georges CMA, QC, Canada",0.09553775743707095,0.28761441647597263,0.18850114416475966,0.16075514874141858,0.16433066361556065,0.10326086956521749
"New Glasgow CMA, NS, Canada",0.0998835177635411,0.32134536983110096,0.19161327897495614,0.1450203843913803,0.15768782760629002,0.08444962143273148
"Val-d'Or CMA, QC, Canada",0.07643779342723007,0.2725938967136149,0.17825704225352118,0.19072769953051638,0.16358568075117383,0.11839788732394363
"Orillia CMA, ON, Canada",0.127452448704508,0.2842593979332036,0.15860416354650286,0.1918526284259398,0.146472966901303,0.09135839448854274
"Stratford CMA, ON, Canada",0.10576923076923081,0.2883112980769229,0.17578125000000014,0.18419471153846154,0.15204326923076925,0.09390024038461534
"Owen Sound CMA, ON, Canada",0.12011002444987767,0.3118887530562347,0.161674816625917,0.16411980440097793,0.14883863080684603,0.09336797066014674
"Winkler CMA, MB, Canada",0.06438755173999693,0.17767898206346777,0.16817415299708735,0.20174766211865686,0.22535643108998943,0.16265521999080176
"Whitehorse CMA, YT, Canada",0.04557556773688331,0.22834768989819895,0.19937353171495686,0.24620203602192636,0.16429130775254505,0.11620986687548937
"Brockville CMA, ON, Canada",0.13246180500866284,0.32304299889746413,0.16916049771617583,0.15073239880296102,0.14616475035438645,0.07843754922034968
"Bathurst CMA, NB, Canada",0.11727416798732175,0.3518225039619649,0.1917591125198099,0.1380348652931854,0.13232963549920768,0.06877971473851029
"Centre Wellington CMA, ON, Canada",0.09465746831381362,0.2767527675276751,0.17824482592652022,0.17230867960853538,0.1657307877426598,0.1123054708807957
"Parksville CMA, BC, Canada",0.22304712717882494,0.41607488702388656,0.12427372498386043,0.09280180761781796,0.09021949644932206,0.05358295674628788
"Okotoks CMA, AB, Canada",0.056486042692939276,0.21001642036124799,0.22364532019704428,0.16256157635467977,0.2200328407224959,0.12725779967159276
"Alma CMA, QC, Canada",0.11133069828722006,0.3140645586297759,0.1689723320158102,0.15332674571805013,0.15777338603425559,0.094532279314888
"Rivière-du-Loup CMA, QC, Canada",0.10869808530426561,0.29740762435352536,0.17239647456456156,0.1675664143926305,0.15722651201080845,0.09670488937420856
"Corner Brook CMA, NL, Canada",0.10117836457445595,0.31256883568159866,0.19279514751209517,0.15934006855550822,0.1538009344262629,0.08031664925007899
"Fort St. John CMA, BC, Canada",0.03329846582984659,0.17137377963737785,0.188981868898187,0.2651673640167363,0.19891910739191065,0.14225941422594152
"Thetford Mines CMA, QC, Canada",0.1617308033339245,0.32346160666784884,0.15800673878347218,0.14045043447419756,0.13158361411597805,0.08476680262457882
"Midland CMA, ON, Canada",0.1304113526136161,0.32333393209987404,0.15789473684210525,0.17136698401293338,0.13436321178372557,0.08262978264774562
"Sept-Îles CMA, QC, Canada",0.08150597591235838,0.2618719670040709,0.19175561751094383,0.17763677390173274,0.17531387275408164,0.11191579291681256
"Miramichi CMA, NB, Canada",0.10386297376093293,0.3247084548104959,0.19369533527696772,0.1450437317784257,0.14959912536443146,0.08309037900874638
"Cranbrook CMA, BC, Canada",0.09707840236686394,0.2941937869822486,0.17862426035502954,0.17400147928994095,0.16401627218934905,0.09208579881656799
"Kentville CMA, NS, Canada",0.0958573286271595,0.30131896711870715,0.1904142671372841,0.16143414452907295,0.1601337544120379,0.0908415381757385
"Baie-Comeau CMA, QC, Canada",0.09671467217088087,0.3239198761551813,0.1896295601319761,0.15335178496036028,0.14415724539100247,0.09222686119059899
"Port Alberni CMA, BC, Canada",0.1114996114996115,0.32770007770007764,0.1732711732711733,0.16006216006215998,0.13986013986013987,0.0876068376068377
"Wasaga Beach CMA, ON, Canada",0.14320241691842903,0.37603222557905325,0.15287009063444112,0.13514602215508553,0.12024169184290046,0.07250755287009066
"Collingwood CMA, ON, Canada",0.13820973934128114,0.3160234390786016,0.16488179430187927,0.15962820771873104,0.13760355627399476,0.08365326328551227
"Squamish CMA, BC, Canada",0.04715615305067219,0.1650465356773527,0.23971044467425015,0.27528438469493277,0.147052740434333,0.1257497414684592
"Pembroke CMA, ON, Canada",0.11532021766429461,0.286312264545835,0.16324822101297623,0.1822938467978234,0.15383005441607375,0.098995395562997
"Williams Lake CMA, BC, Canada",0.07677543186180423,0.28940072510130094,0.18596715717637027,0.17892940925570483,0.1597355512902538,0.10919172531456604
"Quesnel CMA, BC, Canada",0.08077933450087563,0.31326619964973745,0.1854203152364273,0.1654991243432574,0.16090192644483353,0.0941330998248686
"Essa CMA, ON, Canada",0.03944214425800828,0.2179123992155153,0.2026585312704293,0.22619307038570502,0.17977772935280023,0.13401612551754202
"Edmundston CMA, NB, Canada",0.1210550045085662,0.35166816952209196,0.18192064923354387,0.14044183949504055,0.13525698827772767,0.06965734896302972
"Cobourg CMA, ON, Canada",0.1684544124817162,0.3256947830326671,0.1477328132618235,0.14724524622135546,0.13261823500731357,0.07825450999512437
"Yellowknife CMA, NT, Canada",0.019748210318439888,0.17921500863984197,0.21747716613181922,0.2577141446556406,0.18982967168600356,0.13601579856825477
"Sainte-Agathe-des-Monts CMA, QC, Canada",0.11083186730334255,0.3649158079919578,0.17768283488313638,0.13797436541844674,0.12113596381000251,0.08745916059311398
"Yorkton CMA, SK, Canada",0.1024279210925647,0.2377339403136065,0.18310571573090548,0.1800708143651997,0.18158826504805264,0.11507334344967098
"Lloydminster (Alberta part / partie de l'Alberta) CMA, AB, Canada",0.058793843048195814,0.19656825637143588,0.20363361090083268,0.20741862225586674,0.19505425182942215,0.13853141559424678
"Salmon Arm CMA, BC, Canada",0.15060851926977695,0.3093306288032454,0.16277890466531442,0.1422413793103449,0.14858012170385387,0.08646044624746452
"Terrace CMA, BC, Canada",0.05864354920958695,0.2447730749617544,0.18765935747067827,0.2146863844977053,0.17465578786333485,0.11958184599694034
"North Battleford CMA, SK, Canada",0.09072164948453604,0.23118556701030937,0.16675257731958762,0.18994845360824747,0.19020618556701036,0.13118556701030928
"Nelson CMA, BC, Canada",0.08318026764628708,0.28181579637890325,0.21044345316189975,0.1957491472054578,0.14353188139595904,0.08527945421149298
"Amos CMA, QC, Canada",0.07739361702127663,0.28138297872340423,0.18191489361702134,0.17792553191489358,0.17101063829787225,0.11037234042553197
"Camrose CMA, AB, Canada",0.1230359520639149,0.24820239680426093,0.1677762982689746,0.1840213049267643,0.1683089214380826,0.1086551264980027
"Swift Current CMA, SK, Canada",0.10636023516835912,0.24585783003741316,0.1710315339390702,0.19535008017103156,0.17290219134152868,0.10849812934259745
"Tillsonburg CMA, ON, Canada",0.14235831318828898,0.2925060435132957,0.16411496105291432,0.1614289551437014,0.14638732205210853,0.09320440504969119
"Matane CMA, QC, Canada",0.11930585683297171,0.35683297180043405,0.1667570498915402,0.13855748373101948,0.14018438177874182,0.07836225596529284
"Petawawa CMA, ON, Canada",0.035034482758620714,0.1503448275862069,0.15944827586206894,0.31255172413793114,0.1848275862068966,0.15779310344827577
"Summerside CMA, PE, Canada",0.10436223081170626,0.28547763666482606,0.17973495306460516,0.1595803423522916,0.17586968525676427,0.09497515184980673
"Dawson Creek CMA, BC, Canada",0.06061452513966482,0.2234636871508377,0.17821229050279302,0.22402234636871513,0.18156424581005615,0.13212290502793306
"Powell River CMA, BC, Canada",0.13160124258683986,0.3592205591640779,0.16323072578367695,0.13894380118610555,0.12680033888732004,0.08020333239197962
"Steinbach CMA, MB, Canada",0.0848076383038472,0.18590283628194337,0.16933445661331092,0.21005335579893283,0.20612187587756242,0.14377983712440323
"Port Hope CMA, ON, Canada",0.11959654178674359,0.3288184438040345,0.16368876080691647,0.16887608069164262,0.137463976945245,0.0815561959654178
"Lloydminster (Saskatchewan part / partie de la Saskatchewan) CMA, SK, Canada",0.026268656716417916,0.15910447761194021,0.19432835820895492,0.24895522388059707,0.21492537313432866,0.15641791044776127
"Sylvan Lake CMA, AB, Canada",0.034660991182730305,0.19975676497415626,0.20158102766798427,0.2271207053815749,0.2012769838856796,0.1356035269078746
"Canmore CMA, AB, Canada",0.05834633385335414,0.2667706708268331,0.2152886115444618,0.23650546021840876,0.1372854914196568,0.08580343213728547
"Ladysmith CMA, BC, Canada",0.11893443441467504,0.3508210502848305,0.16462497513200364,0.14362748399352543,0.13525829042878224,0.08673376574618308
"Dolbeau-Mistassini CMA, QC, Canada",0.11544715447154479,0.33398373983739826,0.1658536585365854,0.13821138211382122,0.15349593495934957,0.09300813008130081
"Cowansville CMA, QC, Canada",0.13186451825057544,0.29891483064781327,0.16705031239723775,0.16409075961854655,0.14008549819138444,0.0979940808944426
"Kenora CMA, ON, Canada",0.08797850906648752,0.2874412357286769,0.1776359973136334,0.1910678307588985,0.15748824714573548,0.09838817998656813
"Brooks CMA, AB, Canada",0.04913101604278077,0.15942513368983952,0.21958556149732622,0.20922459893048126,0.21557486631016054,0.1470588235294117
"Strathmore CMA, AB, Canada",0.07399650959860384,0.22303664921465968,0.2041884816753927,0.1849912739965096,0.19092495636998258,0.12286212914485166
"High River CMA, AB, Canada",0.11154116819141449,0.2698803659394793,0.1850809289232934,0.15482054890921879,0.1766361717100633,0.1020408163265306
"Trail CMA, BC, Canada",0.10803226937916517,0.3181339880743598,0.16450368291827436,0.1778323395299894,0.14345843563661873,0.08803928446159244
"Lachute CMA, QC, Canada",0.13770959686050657,0.31180877631109527,0.15982875490545848,0.16089903674634318,0.13770959686050663,0.09204423831608989
"Grand Falls-Windsor CMA, NL, Canada",0.10679611650485445,0.30816253146350225,0.19777058612010068,0.14491190219345562,0.1553398058252427,0.08701905789284432
"Ingersoll CMA, ON, Canada",0.07195301027900147,0.24779735682819384,0.18759177679882524,0.19713656387665204,0.17988252569750368,0.11563876651982376
"Prince Rupert CMA, BC, Canada",0.06436011904761899,0.24739583333333334,0.18898809523809523,0.2079613095238097,0.1804315476190475,0.11086309523809527
"Gander CMA, NL, Canada",0.09543413173652697,0.2638473053892216,0.21332335329341323,0.16841317365269454,0.1665419161676647,0.09244011976047904
"Lacombe CMA, AB, Canada",0.0837383177570093,0.23028037383177566,0.17682242990654207,0.1887850467289719,0.19551401869158885,0.12485981308411212
"Portage la Prairie CMA, MB, Canada",0.09480812641083523,0.24266365688487582,0.16328066215199397,0.1933784800601957,0.181339352896915,0.12452972159518437
"Sainte-Marie CMA, QC, Canada",0.10201751046821463,0.26760563380281693,0.18309859154929575,0.16977540921202894,0.16292348686714883,0.11457936810049489
"Thompson CMA, MB, Canada",0.022179732313575534,0.1575525812619503,0.18546845124282976,0.23403441682600387,0.22868068833652008,0.17208413001912046
"Estevan CMA, SK, Canada",0.06695379796397803,0.22474549725920143,0.19342208300704755,0.21221613155833996,0.17932654659357872,0.12333594361785437
"Wetaskiwin CMA, AB, Canada",0.10951812027080847,0.2401433691756273,0.17960971724412578,0.1720430107526881,0.18080446037435294,0.11788132218239748
"Weyburn CMA, SK, Canada",0.10789902280130297,0.21457654723127023,0.17752442996742696,0.19218241042345263,0.1836319218241041,0.12418566775244307
"Campbellton (New Brunswick part / partie du Nouveau-Brunswick) CMA, NB, Canada",0.11784232365145225,0.35477178423236516,0.17219917012448138,0.14647302904564313,0.1369294605809128,0.07178423236514522
"Elliot Lake CMA, ON, Canada",0.16893972723273204,0.41575010998680173,0.12846458424988996,0.1201055873295204,0.10030796304443466,0.06643202815662122
"Hawkesbury (Ontario part / partie de l'Ontario) CMA, ON, Canada",0.14264633546483024,0.35317265125430414,0.16330545991146084,0.14264633546483027,0.12739793408755534,0.07083128381701921
"Hawkesbury (partie du Québec / Quebec part) CMA, QC, Canada",0.11813186813186814,0.2912087912087912,0.1703296703296703,0.17307692307692307,0.1538461538461539,0.09340659340659344
"Campbellton (partie du Québec / Quebec part) CMA, QC, Canada",0.09338521400778209,0.36964980544747084,0.17898832684824903,0.14785992217898833,0.12062256809338522,0.08949416342412451
