longname,Commute Time < 15 min % [StatCan],Commute Time 15 - 29 min % [StatCan],Commute Time 30 - 59 min % [StatCan],Commute Time > 60 min % [StatCan]
"Toronto City, Toronto CDR, Ontario, Canada",0.16474809059865447,0.320460771914817,0.392338355895348,0.12245278159118067
"Montréal Ville, Montréal Territory, Quebec, Canada",0.1794490588680495,0.3568322124598911,0.37578925372446254,0.0879294749475969
"Calgary City, Division No. 6, Alberta, Canada",0.21648373622467082,0.47348249200142145,0.26335318165659527,0.04668059011731245
"Ottawa City, Ottawa CDR, Ontario, Canada",0.27214631996474153,0.4270787424709863,0.2560048479506391,0.044770089613633
"Edmonton City, Division No. 11, Alberta, Canada",0.22914760749373508,0.46320088036805834,0.2642562613526372,0.043395250785569314
"Winnipeg City, Division No. 11, Manitoba, Canada",0.27312625455040357,0.46046677780423934,0.2359575409111005,0.030449426734256418
"Mississauga City, Peel Regional municipality, Ontario, Canada",0.19237415044349754,0.3865683676995737,0.3274507545213683,0.09360672733556052
"Vancouver City, Greater Vancouver Regional district, British Columbia, Canada",0.20174758953168026,0.40334452479338834,0.3423941115702483,0.052513774104683164
"Brampton City, Peel Regional municipality, Ontario, Canada",0.14446434214684523,0.37002001474770857,0.378679026651217,0.10683661645422927
"Hamilton City, Hamilton CDR, Ontario, Canada",0.25382376290023906,0.4030166710770042,0.2602804974861067,0.08287906853664999
"Surrey City, Greater Vancouver Regional district, British Columbia, Canada",0.17752977787316226,0.3282755660478589,0.38592123618414037,0.10827341989483862
"Québec Ville, Québec Territory, Quebec, Canada",0.3282866515266206,0.4863739591218778,0.16520312894272038,0.020136260408781224
"Halifax Regional Municipality, Halifax County, Nova Scotia, Canada",0.30748477165824545,0.4387355646503909,0.21844158033669148,0.035338083354672166
"Laval Ville, Laval Territory, Quebec, Canada",0.20299760926868154,0.38331392141237114,0.33743027033654066,0.07625819898240666
"London City, Middlesex County, Ontario, Canada",0.3465578450389781,0.43538410862643184,0.17596896387658761,0.042089082458002414
"Markham City, York Regional municipality, Ontario, Canada",0.17087750958718687,0.34530791788856335,0.3781299345815475,0.10568463794270233
"Vaughan City, York Regional municipality, Ontario, Canada",0.201670644391408,0.3516805887032615,0.3607299124900559,0.08591885441527446
"Gatineau Ville, Gatineau Territory, Quebec, Canada",0.28348202502243536,0.3850498865016108,0.2836403948688166,0.047827693607137185
"Saskatoon City, Division No. 11, Saskatchewan, Canada",0.39034027519523995,0.5044161398289331,0.08269802900706547,0.022545555968761583
"Kitchener City, Waterloo Regional municipality, Ontario, Canada",0.3005155216855322,0.4527064888490407,0.18424296761179032,0.06253502185363673
"Longueuil Ville, Longueuil Territory, Quebec, Canada",0.23185473134884713,0.39432344640289724,0.3079503700942539,0.06587145215400174
"Burnaby City, Greater Vancouver Regional district, British Columbia, Canada",0.16358060409674788,0.34625622034486736,0.4182964934614052,0.07186668209697941
"Windsor City, Essex County, Ontario, Canada",0.4072497798649841,0.45722042852949774,0.11711182858820085,0.01841796301731729
"Regina City, Division No. 6, Saskatchewan, Canada",0.4256263505226888,0.48893301407463646,0.07183320679787411,0.013607428604800543
"Oakville Town, Halton Regional municipality, Ontario, Canada",0.27614985163204714,0.32483308605341227,0.31259272997032694,0.08642433234421366
"Richmond City, Greater Vancouver Regional district, British Columbia, Canada",0.2450207766155607,0.38314944834503506,0.31551798251898583,0.056311792520418395
"Richmond Hill Town, York Regional municipality, Ontario, Canada",0.16557496360989835,0.3252365356622999,0.3990174672489082,0.11017103347889358
"Burlington City, Halton Regional municipality, Ontario, Canada",0.32739321214292144,0.34449717918868056,0.2556640100295514,0.0724455986388467
"Oshawa City, Durham Regional municipality, Ontario, Canada",0.26367720905647085,0.3087833671042197,0.27504184653334524,0.15249757730596405
"Sherbrooke Ville, Sherbrooke Territory, Quebec, Canada",0.39277423099245495,0.44450087057457904,0.14154091700522367,0.021183981427742332
"Greater Sudbury / Grand Sudbury City, Greater Sudbury / Grand Sudbury CDR, Ontario, Canada",0.3634626568081748,0.41065049430921297,0.1908282794716294,0.03505856941098281
"Abbotsford City, Fraser Valley Regional district, British Columbia, Canada",0.36184826724945374,0.3183733999375584,0.23665313768342172,0.083125195129566
"Lévis Ville, Lévis Territory, Quebec, Canada",0.34923324578496967,0.4100652376514447,0.2190121155638398,0.02168940099974581
"Coquitlam City, Greater Vancouver Regional district, British Columbia, Canada",0.20077038707252914,0.3053363397219092,0.3855693348365274,0.10832393836903426
"Barrie City, Simcoe County, Ontario, Canada",0.35107256960292116,0.2701049748973071,0.2334094020994979,0.1454130534002739
"Saguenay Ville, Le Saguenay-et-son-Fjord CDR, Quebec, Canada",0.49969514850622787,0.3890776064802718,0.09772667886072622,0.013500566152774156
"Kelowna City, Central Okanagan Regional district, British Columbia, Canada",0.4151382071816066,0.43856023422027063,0.11779901834151382,0.028502540256608967
"Guelph City, Wellington County, Ontario, Canada",0.4078909474896803,0.31717385043678603,0.2052414322741673,0.06969376979936638
"Trois-Rivières Ville, Francheville CDR, Quebec, Canada",0.4740563784042038,0.3680840898232206,0.12709030100334484,0.030769230769230826
"Whitby Town, Durham Regional municipality, Ontario, Canada",0.2480766954669193,0.2818084980471063,0.32477216238608103,0.14534264409989336
"Cambridge City, Waterloo Regional municipality, Ontario, Canada",0.3261907080938933,0.36144930359403893,0.23775202103827794,0.07460796727378982
"St. Catharines City, Niagara Regional municipality, Ontario, Canada",0.4202321347291765,0.374943104233045,0.15441511151570306,0.05040964952207554
"Milton Town, Halton Regional municipality, Ontario, Canada",0.23865953109072371,0.2609582059123342,0.38825178389398585,0.1121304791029561
"Langley District Municipality, Greater Vancouver Regional district, British Columbia, Canada",0.24430091185410313,0.339380699088146,0.33776595744680854,0.0785524316109423
"Kingston City, Frontenac County, Ontario, Canada",0.4328358208955227,0.42719473498648475,0.116817487366318,0.023151956751674693
"Ajax Town, Durham Regional municipality, Ontario, Canada",0.21719914130572066,0.262028033842657,0.3703750473544637,0.15039777749715869
"Waterloo City, Waterloo Regional municipality, Ontario, Canada",0.37187408061194455,0.41938805531038537,0.15695792880258916,0.0517799352750809
"Terrebonne Ville, Les Moulins CRM, Quebec, Canada",0.17949709864603466,0.33075435203094766,0.39110251450677,0.09864603481624767
"Saanich District Municipality, Capital Regional district, British Columbia, Canada",0.3326952984806793,0.5075966024644096,0.14439526259121924,0.01531283646369183
"St. John's City, Division No. 1, Newfoundland and Labrador, Canada",0.535099836744945,0.38704006027878984,0.06040437021223159,0.01745573276403366
"Thunder Bay City, Thunder Bay District, Ontario, Canada",0.5451113136310378,0.38237208696784264,0.05363884910818902,0.01887775029293059
"Delta City, Greater Vancouver Regional district, British Columbia, Canada",0.22603137710633361,0.3302730970366068,0.36955258570598465,0.07414294015107493
"Brantford City, Brant CDR, Ontario, Canada",0.41753736278270054,0.2719217034783759,0.24137018912842226,0.06917074461050124
"Chatham-Kent Municipality, Chatham-Kent CDR, Ontario, Canada",0.4973976649317755,0.27247151498101074,0.1853987902658605,0.0447320298213532
"Clarington Municipality, Durham Regional municipality, Ontario, Canada",0.2474395739451044,0.3422094769903042,0.28349037279803396,0.12686057626655733
"Red Deer City, Division No. 8, Alberta, Canada",0.4603392367173854,0.3954851583936148,0.10401596408081813,0.040159640808181546
"Nanaimo City, Nanaimo Regional district, British Columbia, Canada",0.46456399868153825,0.3641631118819924,0.127578089123172,0.043694800313297325
"Strathcona County Specialized Municipality, Division No. 11, Alberta, Canada",0.2798688524590165,0.39422950819672137,0.2996721311475409,0.026229508196721322
"Pickering City, Durham Regional municipality, Ontario, Canada",0.18880054136355956,0.285907629842666,0.4009473862290646,0.12434444256470983
"Lethbridge City, Division No. 2, Alberta, Canada",0.5322059189256404,0.3581198706789356,0.08244217856254668,0.02723203183287741
"Kamloops City, Thompson-Nicola Regional district, British Columbia, Canada",0.42813002101100006,0.43591645037696186,0.09961685823754789,0.03633667037449018
"Saint-Jean-sur-Richelieu Ville, Le Haut-Richelieu CRM, Quebec, Canada",0.3962523422860709,0.2742036227357904,0.2816989381636478,0.04784509681449095
"Niagara Falls City, Niagara Regional municipality, Ontario, Canada",0.4155844155844162,0.3949783549783544,0.13714285714285707,0.05229437229437232
"Cape Breton Regional Municipality, Cape Breton County, Nova Scotia, Canada",0.47321428571428614,0.36677170868347275,0.1451330532212887,0.0148809523809524
"Chilliwack City, Fraser Valley Regional district, British Columbia, Canada",0.3718000812677773,0.31464174454828664,0.21522416361912494,0.09833401056481114
"Victoria City, Capital Regional district, British Columbia, Canada",0.383715766099186,0.4318282753515913,0.1662472242783123,0.018208734270910437
"Brossard Ville, Longueuil Territory, Quebec, Canada",0.2162694857552412,0.3821895717613331,0.34133667801469253,0.06020426446873322
"Maple Ridge City, Greater Vancouver Regional district, British Columbia, Canada",0.2387071135249701,0.24996688303086512,0.38018280566962503,0.13114319777453975
"North Vancouver District Municipality, Greater Vancouver Regional district, British Columbia, Canada",0.27030324154757757,0.41443011502265603,0.2798884628790519,0.03537818055071452
"Newmarket Town, York Regional municipality, Ontario, Canada",0.3013625906919128,0.24137320828172032,0.34241727127941923,0.11484692974694752
"Repentigny Ville, L'Assomption CRM, Quebec, Canada",0.23390341526400094,0.2933212203179337,0.3646766499563906,0.10809871446167472
"Peterborough City, Peterborough County, Ontario, Canada",0.5249858570620406,0.2732415613803507,0.14180652460871185,0.05996605694889684
"Saint-Jérôme Ville, La Rivière-du-Nord CRM, Quebec, Canada",0.33710691823899364,0.3182389937106916,0.27122641509434,0.07342767295597483
"Moncton City, Westmorland County, New Brunswick, Canada",0.5709048491918018,0.34310948175304073,0.06982169638393602,0.016163972671221466
"Drummondville Ville, Drummond CRM, Quebec, Canada",0.5454268756658043,0.3270430680261758,0.09724547253081715,0.030284583777202875
"Kawartha Lakes City, Kawartha Lakes CDR, Ontario, Canada",0.27580923194790263,0.24803677456425927,0.2819383259911896,0.19421566749664848
"New Westminster City, Greater Vancouver Regional district, British Columbia, Canada",0.16643159379407627,0.33427362482369516,0.41404168625607285,0.08525309512615577
"Prince George City, Fraser-Fort George Regional district, British Columbia, Canada",0.5014721834805513,0.4075623740895711,0.057647605764760565,0.033317836665117
"Caledon Town, Peel Regional municipality, Ontario, Canada",0.1754002911208152,0.2541848617176128,0.46251819505094593,0.10789665211062587
"Airdrie City, Division No. 6, Alberta, Canada",0.29221681723419046,0.30455177206393297,0.3570187630298821,0.04621264767199439
"Wood Buffalo Specialized Municipality, Division No. 16, Alberta, Canada",0.2679900744416875,0.2529557728798715,0.3418479054152677,0.13720624726317318
"Sault Ste. Marie City, Algoma District, Ontario, Canada",0.669722814498934,0.28528784648187616,0.0339019189765458,0.011087420042643925
"Sarnia City, Lambton County, Ontario, Canada",0.5689985115883477,0.33957048692324066,0.07250691048267069,0.018924091005741033
"Granby Ville, La Haute-Yamaska CRM, Quebec, Canada",0.5247560534875317,0.2909288037585832,0.14582580411998552,0.03848933863389952
"Saint John City, Saint John County, New Brunswick, Canada",0.5238037435599747,0.3853433195534979,0.07846185321979242,0.012391083666734868
"St. Albert City, Division No. 11, Alberta, Canada",0.3163473298002445,0.3962494904198941,0.2664084794129637,0.02099470036689767
"Norfolk County City, Haldimand-Norfolk CDR, Ontario, Canada",0.32305999940989855,0.3267695670157728,0.2639810922556966,0.08618934131863207
"Grande Prairie City, Division No. 19, Alberta, Canada",0.5156330972534118,0.34997408878908265,0.07928830540680594,0.05510450855069953
"Medicine Hat City, Division No. 1, Alberta, Canada",0.5734223300970877,0.31856796116504826,0.06270226537216832,0.04530744336569581
"Fredericton City, York County, New Brunswick, Canada",0.5580501618122976,0.3563915857605179,0.06816343042071192,0.017394822006472493
"Halton Hills Town, Halton Regional municipality, Ontario, Canada",0.2748794388426128,0.24704077159140703,0.38623410784743567,0.0918456817185445
"Aurora Town, York Regional municipality, Ontario, Canada",0.2529427867506159,0.24171913495756917,0.39145907473309605,0.11387900355871888
"Port Coquitlam City, Greater Vancouver Regional district, British Columbia, Canada",0.24428543033194192,0.2896044523951499,0.3661299940369708,0.09998012323593727
"Mirabel Ville, Mirabel Territory, Quebec, Canada",0.20764444444444427,0.38951111111111103,0.32800000000000024,0.0748444444444445
"Blainville Ville, Thérèse-De Blainville CRM, Quebec, Canada",0.24322672642085966,0.3630067223467103,0.30963536361784466,0.08413118761458543
"North Vancouver City, Greater Vancouver Regional district, British Columbia, Canada",0.3116476637603399,0.3644086742678293,0.27677174156047385,0.04717192041135703
"Saint-Hyacinthe Ville, Les Maskoutains CRM, Quebec, Canada",0.5277477866551499,0.278557546966098,0.16303174260418937,0.030662923774562728
"Welland City, Niagara Regional municipality, Ontario, Canada",0.3493650364766281,0.3736827884355578,0.22345312077816815,0.053499054309646035
"Belleville City, Hastings County, Ontario, Canada",0.49973074851911675,0.3260635433494886,0.13624124932687126,0.037964458804523434
"North Bay City, Nipissing District, Ontario, Canada",0.6142776523702036,0.3007900677200899,0.06292325056433408,0.022009029345372452
"Brandon City, Division No. 7, Manitoba, Canada",0.661339754816112,0.2434325744308233,0.07508756567425565,0.02014010507880911
"Mascouche Ville, Les Moulins CRM, Quebec, Canada",0.202717754511027,0.3292492760080196,0.3833815994653597,0.08465137001559363
"Châteauguay Ville, Roussillon CRM, Quebec, Canada",0.27031209698220293,0.2811452153727107,0.3768377611555326,0.07170492648955382
"Whitchurch-Stouffville Town, York Regional municipality, Ontario, Canada",0.21589725789656367,0.25997917389795216,0.3967372440124955,0.12738632419298862
"Shawinigan Ville, Shawinigan Territory, Quebec, Canada",0.45835794447725964,0.3133490844654457,0.19403425871234495,0.0342587123449498
"Haldimand County City, Haldimand-Norfolk CDR, Ontario, Canada",0.2826666666666669,0.23546666666666652,0.36640000000000017,0.1154666666666665
"Rimouski Ville, Rimouski-Neigette CRM, Quebec, Canada",0.6273955610215437,0.28092451801450896,0.07277837385165586,0.018901547112291476
"Dollard-Des Ormeaux Ville, Montréal Territory, Quebec, Canada",0.25663990117356394,0.39808523780111177,0.28011117974058064,0.06516368128474369
"Cornwall City, Stormont, Dundas and Glengarry United counties, Ontario, Canada",0.6099041249124273,0.27047844649070873,0.06402768262520463,0.055589745971659374
"Victoriaville Ville, Arthabaska CRM, Quebec, Canada",0.6336095287415847,0.26307612635939925,0.07690315898498182,0.02641118591403416
"Georgina Town, York Regional municipality, Ontario, Canada",0.2013479359730415,0.2462791350744172,0.3572030328559394,0.19516989609660196
"Woodstock City, Oxford County, Ontario, Canada",0.511706629055007,0.1853314527503527,0.2527503526093089,0.050211565585331415
"Langford City, Capital Regional district, British Columbia, Canada",0.30344655344655347,0.3923576423576422,0.2779720279720281,0.02622377622377624
"Quinte West City, Hastings County, Ontario, Canada",0.4043896572459409,0.4016837041491282,0.14521948286229702,0.048707155742633776
"Saint-Eustache Ville, Deux-Montagnes CRM, Quebec, Canada",0.27631578947368424,0.3626644736842106,0.3078399122807016,0.053179824561403514
"Vernon City, North Okanagan Regional district, British Columbia, Canada",0.5146569960713206,0.2946509519492295,0.15231187669990914,0.038380175279540615
"West Vancouver District Municipality, Greater Vancouver Regional district, British Columbia, Canada",0.27891837756634935,0.4081121682523788,0.27290936404606914,0.04006009013520282
"New Tecumseth Town, Simcoe County, Ontario, Canada",0.27387767399819213,0.17083458873154567,0.34287435974691177,0.2124133775233504
"Innisfil Town, Simcoe County, Ontario, Canada",0.17073170731707316,0.2539086929330831,0.3208255159474672,0.2545340838023765
"Vaudreuil-Dorion Ville, Vaudreuil-Soulanges CRM, Quebec, Canada",0.27028125268691183,0.3392846836893699,0.32293707002048255,0.06749699360323569
"Bradford West Gwillimbury Town, Simcoe County, Ontario, Canada",0.2154522613065327,0.20854271356783918,0.42242462311557794,0.15358040201005013
"St. Thomas City, Elgin County, Ontario, Canada",0.5039787798408487,0.2397214854111407,0.22911140583554376,0.027188328912466857
"Salaberry-de-Valleyfield Ville, Beauharnois-Salaberry CRM, Quebec, Canada",0.4452628232977366,0.2986759046182402,0.21052322807571405,0.045538044008309235
"Rouyn-Noranda Ville, Rouyn-Noranda Territory, Quebec, Canada",0.535059331175836,0.2691477885652642,0.12648327939590076,0.06930960086299895
"Boucherville Ville, Longueuil Territory, Quebec, Canada",0.31770442610652655,0.3574643660915229,0.27644411102775696,0.04838709677419355
"Mission District Municipality, Fraser Valley Regional district, British Columbia, Canada",0.25086906141367327,0.2618771726535341,0.3024333719582851,0.18482039397450745
"Timmins City, Cochrane District, Ontario, Canada",0.5281306715063523,0.3018753781004232,0.12129461584996971,0.04869933454325468
"Rocky View County Municipal District, Division No. 6, Alberta, Canada",0.17187499999999997,0.36250000000000027,0.4101562499999998,0.05546874999999999
"Lakeshore Town, Essex County, Ontario, Canada",0.24685908319185054,0.45297113752122226,0.28896434634974544,0.01120543293718167
"Brant City, Brant CDR, Ontario, Canada",0.26612355736591997,0.39002036659877803,0.26680244399185327,0.07705363204344882
"Charlottetown City, Queens County, Prince Edward Island, Canada",0.6485195797516714,0.26711238459089465,0.07545367717287482,0.008914358484559055
"Prince Albert City, Division No. 15, Saskatchewan, Canada",0.7121046892039257,0.20101781170483457,0.05125408942202846,0.0356234096692112
"Spruce Grove City, Division No. 11, Alberta, Canada",0.3208955223880598,0.3251135626216741,0.31473069435431533,0.03926022063595067
"Penticton City, Okanagan-Similkameen Regional district, British Columbia, Canada",0.6511887072808322,0.21322436849925694,0.100297176820208,0.035289747399702795
"West Kelowna City, Central Okanagan Regional district, British Columbia, Canada",0.355721393034826,0.38166311300639644,0.2199715707178394,0.04264392324093813
"Campbell River City, Strathcona Regional district, British Columbia, Canada",0.5430809399477807,0.27415143603133174,0.103319656844461,0.07944796717642663
"Sorel-Tracy Ville, Pierre-De Saurel CRM, Quebec, Canada",0.589432485322896,0.21409001956947193,0.13542074363992165,0.0610567514677104
"East Gwillimbury Town, York Regional municipality, Ontario, Canada",0.19135802469135801,0.2857142857142858,0.38580246913580235,0.1371252204585538
"Côte-Saint-Luc Ville, Montréal Territory, Quebec, Canada",0.19601837672281774,0.39305768249106676,0.33996937212863715,0.07095456865747832
"Leduc City, Division No. 11, Alberta, Canada",0.3895306859205776,0.27509025270758125,0.27653429602888085,0.05884476534296027
"Moose Jaw City, Division No. 7, Saskatchewan, Canada",0.6664133738601825,0.22036474164133737,0.07864741641337378,0.034574468085106384
"Port Moody City, Greater Vancouver Regional district, British Columbia, Canada",0.1949872557349193,0.27824978759558205,0.4447748513169073,0.08198810535259135
"Pointe-Claire Ville, Montréal Territory, Quebec, Canada",0.32435287902799786,0.3914421553090331,0.23613312202852624,0.04807184363444269
"Orillia City, Simcoe County, Ontario, Canada",0.5237873134328359,0.20475746268656708,0.185634328358209,0.08582089552238809
"Stratford City, Perth County, Ontario, Canada",0.632520325203252,0.18089430894308944,0.1491869918699187,0.03739837398373987
"Saint-Georges Ville, Beauce-Sartigan CRM, Quebec, Canada",0.5601902671057449,0.2967435053055248,0.11050128064398096,0.032564946944749366
"Fort Erie Town, Niagara Regional municipality, Ontario, Canada",0.38915779283639845,0.3054211035818009,0.2526621490803487,0.05275895450145201
"Val-d'Or Ville, La Vallée-de-l'Or CRM, Quebec, Canada",0.6222950819672132,0.2426229508196722,0.09967213114754092,0.03540983606557373
"LaSalle Town, Essex County, Ontario, Canada",0.3159156279961649,0.5829338446788112,0.09491850431447743,0.006232023010546498
"Parkland County Municipal District, Division No. 11, Alberta, Canada",0.1650082918739632,0.3412106135986732,0.405058043117745,0.08872305140961852
"Cochrane Town, Division No. 6, Alberta, Canada",0.3565823888404533,0.16216216216216212,0.40366172624237145,0.07759372275501313
"North Cowichan District Municipality, Cowichan Valley Regional district, British Columbia, Canada",0.44812925170068013,0.3265306122448979,0.15348639455782329,0.07185374149659864
"Chambly Ville, La Vallée-du-Richelieu CRM, Quebec, Canada",0.21758329987956632,0.34203131272581305,0.3733440385387395,0.06704134885588113
"Centre Wellington Township, Wellington County, Ontario, Canada",0.3575197889182059,0.283641160949868,0.2647317502198769,0.09410729991204933
"Okotoks Town, Division No. 6, Alberta, Canada",0.33852313167259795,0.2419928825622775,0.366103202846975,0.053380782918149454
"Alma Ville, Lac-Saint-Jean-Est CRM, Quebec, Canada",0.6262335526315786,0.19120065789473695,0.14679276315789483,0.035773026315789484
"Orangeville Town, Dufferin County, Ontario, Canada",0.3606625258799172,0.11677018633540377,0.37018633540372675,0.15238095238095237
"Sainte-Julie Ville, Marguerite-D'Youville CRM, Quebec, Canada",0.3003633427533307,0.4033104561970125,0.25635849818328615,0.039967702866370615
"Saint-Constant Ville, Roussillon CRM, Quebec, Canada",0.2171677215189874,0.36194620253164556,0.37381329113924044,0.047072784810126556
"Leamington Municipality, Essex County, Ontario, Canada",0.5627054955378109,0.2635039924847348,0.1503053076561767,0.023485204321277597
"Langley City, Greater Vancouver Regional district, British Columbia, Canada",0.27479338842975204,0.29669421487603304,0.33884297520661155,0.08966942148760326
"Grimsby Town, Niagara Regional municipality, Ontario, Canada",0.29113275243464887,0.3439261916965658,0.28344438749359313,0.0814966683751922
"Courtenay City, Comox Valley Regional district, British Columbia, Canada",0.5705996131528046,0.28965183752417795,0.0923597678916828,0.04738878143133461
"Magog Ville, Memphrémagog CRM, Quebec, Canada",0.4633282751643903,0.28275164390490654,0.2220536165907941,0.031866464339908945
"Boisbriand Ville, Thérèse-De Blainville CRM, Quebec, Canada",0.2533333333333334,0.401290322580645,0.28903225806451627,0.056344086021505396
"Whitehorse City, Yukon Territory, Yukon, Canada",0.5182430038965639,0.4229543039319873,0.0495926319518243,0.009210060219624516
"Dieppe City, Westmorland County, New Brunswick, Canada",0.47756410256410264,0.42902930402930395,0.07554945054945059,0.017857142857142867
"King Township, York Regional municipality, Ontario, Canada",0.15207373271889396,0.31394009216589863,0.4222350230414747,0.11175115207373268
"Conception Bay South Town, Division No. 1, Newfoundland and Labrador, Canada",0.2992941176470589,0.5068235294117647,0.17035294117647062,0.02352941176470588
"Fort Saskatchewan City, Division No. 11, Alberta, Canada",0.34591194968553457,0.3265947888589398,0.29469901168014384,0.032794249775381853
"Woolwich Township, Waterloo Regional municipality, Ontario, Canada",0.3949711891042431,0.4075432163436353,0.15767417496071245,0.039811419591409124
"Sainte-Thérèse Ville, Thérèse-De Blainville CRM, Quebec, Canada",0.2962264150943396,0.37311320754717,0.2646226415094339,0.06603773584905664
"Clarence-Rockland City, Prescott and Russell United counties, Ontario, Canada",0.22610096670247046,0.2078410311493017,0.48925886143931274,0.0767991407089152
"La Prairie Ville, Roussillon CRM, Quebec, Canada",0.2672548002075768,0.37986507524649693,0.29891022314478466,0.05396990140114166
"Saint-Bruno-de-Montarville Ville, Longueuil Territory, Quebec, Canada",0.28911980440097795,0.3832518337408315,0.2817848410757946,0.04584352078239608
"Thetford Mines Ville, Les Appalaches CRM, Quebec, Canada",0.6630321910695743,0.21806853582554497,0.08359293873312565,0.03530633437175494
"Lincoln Town, Niagara Regional municipality, Ontario, Canada",0.33988764044943814,0.3275280898876403,0.26067415730337096,0.07191011235955062
"Prince Edward County City, Prince Edward CDR, Ontario, Canada",0.33800922816152573,0.3663903169820938,0.23478044195407943,0.060820012902300935
"Lunenburg Municipal District, Lunenburg County, Nova Scotia, Canada",0.3508086674959959,0.3981767834380593,0.16711967255815247,0.08389487650779232
"Wasaga Beach Town, Simcoe County, Ontario, Canada",0.2713567839195977,0.28284278535534824,0.31801866475233326,0.12778176597272073
"Collingwood Town, Simcoe County, Ontario, Canada",0.5545454545454545,0.22857142857142856,0.13701298701298706,0.07987012987012986
"Sept-Îles Ville, Sept-Rivières--Caniapiscau CDR, Quebec, Canada",0.6248017157142675,0.23049199883250218,0.13704775320110155,0.0076585322521287875
"Beloeil Ville, La Vallée-du-Richelieu CRM, Quebec, Canada",0.3019361590790162,0.32286760858189434,0.32077446363160644,0.05442176870748297
"Saint-Lin--Laurentides Ville, Montcalm CRM, Quebec, Canada",0.18319169027384336,0.19405099150141644,0.48441926345609054,0.13833805476864966
"Strathroy-Caradoc Municipality, Middlesex County, Ontario, Canada",0.4468784227820373,0.23658269441401952,0.2771084337349398,0.03943044906900329
"Squamish District Municipality, Squamish-Lillooet Regional district, British Columbia, Canada",0.4772267206477733,0.17661943319838047,0.21356275303643726,0.13259109311740883
"Thorold City, Niagara Regional municipality, Ontario, Canada",0.3116564417177914,0.4411042944785276,0.17177914110429454,0.07546012269938654
"Grande Prairie County No. 1 Municipal District, Division No. 19, Alberta, Canada",0.2444559051057237,0.4249613202681799,0.23310985043837074,0.09747292418772577
"Amherstburg Town, Essex County, Ontario, Canada",0.2625499960172152,0.37669177832544437,0.3478540031814001,0.012904222475940363
"L'Assomption Ville, L'Assomption CRM, Quebec, Canada",0.20363820111167255,0.3153107630116219,0.36584133400707447,0.1152097018696311
"Tecumseh Town, Essex County, Ontario, Canada",0.35624586913417083,0.5122273628552542,0.11830799735624578,0.01321877065432914
"Foothills County Municipal District, Division No. 6, Alberta, Canada",0.1965471447543162,0.31739707835325354,0.39176626826029215,0.09428950863213806
"Oro-Medonte Township, Simcoe County, Ontario, Canada",0.18953846153846177,0.4172307692307692,0.25907692307692304,0.1341538461538461
"Candiac Ville, Roussillon CRM, Quebec, Canada",0.2826649417852523,0.34282018111254847,0.33376455368693386,0.040750323415265195
"Essa Township, Simcoe County, Ontario, Canada",0.2744886975242196,0.352529601722282,0.2029063509149623,0.17007534983853617
"Paradise Town, Division No. 1, Newfoundland and Labrador, Canada",0.3468354430379748,0.5453164556962025,0.06632911392405062,0.04151898734177216
"East Hants Municipal District, Hants County, Nova Scotia, Canada",0.2268156424581006,0.26256983240223486,0.44692737430167584,0.06368715083798883
"Saint-Lambert Ville, Longueuil Territory, Quebec, Canada",0.23459915611814341,0.44472573839662455,0.289451476793249,0.031223628691983123
"Mount Pearl City, Division No. 1, Newfoundland and Labrador, Canada",0.46453089244851253,0.48226544622425627,0.03375286041189932,0.01945080091533181
"Kings, Subd. A Subdivision of County Municipality, Kings County, Nova Scotia, Canada",0.4655380894800486,0.3621523579201932,0.14570737605804118,0.026602176541717044
"Saint-Lazare Ville, Vaudreuil-Soulanges CRM, Quebec, Canada",0.20560190703218106,0.3331346841477949,0.3814064362336116,0.07985697258641236
"Chestermere City, Division No. 6, Alberta, Canada",0.16377171215880884,0.46836228287841203,0.34119106699751856,0.026674937965260534
"Kingsville Town, Essex County, Ontario, Canada",0.38030769230769235,0.3193846153846154,0.28923076923076924,0.011076923076923066
"Brockville City, Leeds and Grenville United counties, Ontario, Canada",0.6498579545454546,0.19673295454545456,0.09375,0.059659090909090925
"White Rock City, Greater Vancouver Regional district, British Columbia, Canada",0.2738712065136936,0.2420429311621021,0.3967431532198372,0.08734270910436714
"Springwater Township, Simcoe County, Ontario, Canada",0.2296072507552868,0.3661631419939576,0.2743202416918431,0.12990936555891236
"Owen Sound City, Grey County, Ontario, Canada",0.6269360269360271,0.20067340067340056,0.12053872053872046,0.051851851851851816
"Scugog Township, Durham Regional municipality, Ontario, Canada",0.25608953258722844,0.2100065832784725,0.37063857801184996,0.16326530612244905
"Uxbridge Township, Durham Regional municipality, Ontario, Canada",0.2724757952973722,0.21230982019363764,0.3686030428769016,0.14661134163208847
"Fort St. John City, Peace River Regional district, British Columbia, Canada",0.6769676484789956,0.19266055045871558,0.06904876871076773,0.06132303235152101
"Wilmot Township, Waterloo Regional municipality, Ontario, Canada",0.28320971004720175,0.45987862440997973,0.21510451786918405,0.04180714767363449
"Joliette Ville, Joliette CRM, Quebec, Canada",0.5234323432343233,0.22838283828382833,0.17821782178217827,0.0699669966996699
"Essex Town, Essex County, Ontario, Canada",0.24856596558317406,0.41873804971319284,0.3275971956660294,0.005098789037603568
"Huntsville Town, Muskoka District municipality, Ontario, Canada",0.42269409422694104,0.3311214333112141,0.18314532183145327,0.06303915063039153
"Varennes Ville, Marguerite-D'Youville CRM, Quebec, Canada",0.2917431059295546,0.3770343019677962,0.28949741487500796,0.0417251772276412
"Mont-Royal Ville, Montréal Territory, Quebec, Canada",0.1967213114754098,0.49453551912568317,0.2868852459016392,0.021857923497267756
"Beaumont City, Division No. 11, Alberta, Canada",0.21666666666666665,0.3987654320987654,0.33086419753086427,0.0537037037037037
"Baie-Comeau Ville, Manicouagan CRM, Quebec, Canada",0.6730994152046782,0.28245614035087735,0.03157894736842109,0.01286549707602339
"Riverview Town, Albert County, New Brunswick, Canada",0.4434021263289556,0.4552845528455284,0.07754846779237023,0.023764853033145735
"Cobourg Town, Northumberland County, Ontario, Canada",0.5507364975450082,0.20949263502454996,0.17103109656301138,0.06873977086743044
"Cranbrook City, East Kootenay Regional district, British Columbia, Canada",0.6861609727851766,0.1586566299942096,0.08685581933989586,0.06832657788071807
"Yellowknife City, Region 6 Region, Northwest Territories, Canada",0.7296626984126984,0.2167658730158731,0.03571428571428573,0.017857142857142853
"South Frontenac Township, Frontenac County, Ontario, Canada",0.13806970509383384,0.3987935656836461,0.4249329758713137,0.038203753351206425
"Rivière-du-Loup Ville, Rivière-du-Loup CRM, Quebec, Canada",0.7550632911392404,0.17911392405063298,0.053164556962025315,0.012658227848101259
"Sturgeon County Municipal District, Division No. 11, Alberta, Canada",0.20990873533246399,0.31616688396349424,0.410039113428944,0.06388526727509782
"Port Colborne City, Niagara Regional municipality, Ontario, Canada",0.3785185185185183,0.2822222222222222,0.2725925925925928,0.06666666666666665
"Red Deer County Municipal District, Division No. 8, Alberta, Canada",0.2596017069701281,0.416785206258891,0.25035561877667106,0.07325746799431002
"Saint-Augustin-de-Desmaures Ville, Québec Territory, Quebec, Canada",0.31293952180028134,0.4985935302390998,0.170886075949367,0.01758087201125175
"Colchester, Subd. B Subdivision of County Municipality, Colchester County, Nova Scotia, Canada",0.43261455525606457,0.34501347708894875,0.14285714285714302,0.07951482479784362
"Sainte-Marthe-sur-le-Lac Ville, Deux-Montagnes CRM, Quebec, Canada",0.2223618090452262,0.3021356783919596,0.38944723618090454,0.08605527638190953
"Lloydminster (Part) City, Division No. 10, Alberta, Canada",0.708114419147694,0.17396380618797433,0.07880910683012265,0.03911266783420902
"Westmount Ville, Montréal Territory, Quebec, Canada",0.3067415730337078,0.4505617977528089,0.22247191011235956,0.020224719101123594
"Russell Township, Prescott and Russell United counties, Ontario, Canada",0.25331369661266573,0.2216494845360824,0.496318114874816,0.02871870397643593
"West Hants Rural Municipality, Hants County, Nova Scotia, Canada",0.31418181818181823,0.20945454545454564,0.36363636363636337,0.11272727272727277
"Salmon Arm City, Columbia-Shuswap Regional district, British Columbia, Canada",0.6449787835926452,0.21004243281470988,0.09688826025459688,0.048090523338048086
"Kirkland Ville, Montréal Territory, Quebec, Canada",0.29607508532423205,0.3395904436860068,0.30290102389078505,0.0614334470989761
"Corner Brook City, Division No. 5, Newfoundland and Labrador, Canada",0.7543352601156069,0.19797687861271673,0.027456647398843913,0.02023121387283237
"Dorval Ville, Montréal Territory, Quebec, Canada",0.25759768451519527,0.44645441389290874,0.2373371924746745,0.058610709117221396
"Beaconsfield Ville, Montréal Territory, Quebec, Canada",0.3010648596321395,0.37076476282671844,0.26815101645692135,0.06001936108422067
"Pitt Meadows City, Greater Vancouver Regional district, British Columbia, Canada",0.241490044958253,0.308927424534361,0.35388567758509953,0.09569685292228644
"Niagara-on-the-Lake Town, Niagara Regional municipality, Ontario, Canada",0.4030172413793103,0.36530172413793105,0.1616379310344828,0.07004310344827593
"Colwood City, Capital Regional district, British Columbia, Canada",0.2874837027379401,0.3917861799217731,0.29530638852672747,0.02542372881355932
"Middlesex Centre Municipality, Middlesex County, Ontario, Canada",0.22901960784313735,0.4635294117647058,0.2792156862745097,0.028235294117647056
"Mont-Saint-Hilaire Ville, La Vallée-du-Richelieu CRM, Quebec, Canada",0.26553254437869817,0.31952662721893493,0.3468934911242604,0.06804733727810652
"Camrose City, Division No. 10, Alberta, Canada",0.6810772501771793,0.12473423104181429,0.12048192771084333,0.07370659107016299
"Quispamsis Town, Kings County, New Brunswick, Canada",0.2527027027027028,0.595945945945946,0.13040540540540543,0.020945945945945944
"Selwyn Township, Peterborough County, Ontario, Canada",0.24919093851132687,0.41181229773462785,0.24595469255663435,0.09304207119741095
"Tillsonburg Town, Oxford County, Ontario, Canada",0.5132605304212167,0.21606864274570986,0.2152886115444618,0.05538221528861158
"Metro Vancouver A Regional District Electoral Area, Greater Vancouver Regional district, British Columbia, Canada",0.24498072974822613,0.3858228577603285,0.3071714151928826,0.06202499729856285
"Port Alberni City, Alberni-Clayoquot Regional district, British Columbia, Canada",0.6928460342146192,0.15629860031104195,0.07465007776049774,0.0762052877138413
"Pelham Town, Niagara Regional municipality, Ontario, Canada",0.3249097472924184,0.4025270758122745,0.20397111913357416,0.06859205776173291
"Petawawa Town, Renfrew County, Ontario, Canada",0.5633704735376046,0.3447075208913647,0.08008356545961003,0.011838440111420614
"Sainte-Sophie Municipalité, La Rivière-du-Nord CRM, Quebec, Canada",0.13535589264877487,0.35764294049008166,0.3833138856476079,0.12368728121353559
"Stony Plain Town, Division No. 11, Alberta, Canada",0.3278443113772454,0.2477544910179642,0.35404191616766456,0.07035928143712576
"North Grenville Municipality, Leeds and Grenville United counties, Ontario, Canada",0.28119800332778677,0.1805324459234608,0.46838602329450946,0.06988352745424291
"Loyalist Township, Lennox and Addington County, Ontario, Canada",0.21092436974789905,0.5302521008403362,0.23865546218487396,0.020168067226890754
"Deux-Montagnes Ville, Deux-Montagnes CRM, Quebec, Canada",0.23371924746743836,0.3147612156295226,0.34659913169319834,0.10492040520984085
"Oak Bay District Municipality, Capital Regional district, British Columbia, Canada",0.4007851963850038,0.4371671076595307,0.1440156695646199,0.01803202639084568
"Midland Town, Simcoe County, Ontario, Canada",0.5968448729184925,0.16476774758983354,0.1524978089395267,0.08588957055214724
"Steinbach City, Division No. 2, Manitoba, Canada",0.5827290705339486,0.22412656558998018,0.1186552406064601,0.0744891232696111
"Saint-Colomban Ville, La Rivière-du-Nord CRM, Quebec, Canada",0.127134724857685,0.3649588867805188,0.39911448450347875,0.1087919038583175
"Miramichi City, Northumberland County, New Brunswick, Canada",0.6185897435897436,0.2780448717948718,0.07932692307692313,0.02403846153846152
"Esquimalt District Municipality, Capital Regional district, British Columbia, Canada",0.36115007012622713,0.45301542776998593,0.15918653576437597,0.026647966339410935
"Central Saanich District Municipality, Capital Regional district, British Columbia, Canada",0.35879077167859996,0.44232299124900537,0.1782020684168656,0.020684168655529033
"Sainte-Catherine Ville, Roussillon CRM, Quebec, Canada",0.27392739273927386,0.35181518151815167,0.3306930693069308,0.04356435643564356
"Bracebridge Town, Muskoka District municipality, Ontario, Canada",0.4438984438984441,0.2702702702702703,0.2203112203112202,0.06552006552006552
"Port Hope Municipality, Northumberland County, Ontario, Canada",0.35461604831751525,0.2579810181190682,0.268334771354616,0.11906816220880075
"Hanover Rural Municipality, Division No. 2, Manitoba, Canada",0.38389647735442123,0.3256649892163913,0.20273184759166046,0.08770668583752703
"Saint-Basile-le-Grand Ville, La Vallée-du-Richelieu CRM, Quebec, Canada",0.20200573065902572,0.39111747851002865,0.34813753581661905,0.05873925501432666
"L'Ancienne-Lorette Ville, Québec Territory, Quebec, Canada",0.3881789137380191,0.48482428115015974,0.11821086261980827,0.008785942492012777
"Greater Napanee Town, Lennox and Addington County, Ontario, Canada",0.3760217983651227,0.24432334241598527,0.34968210717529524,0.029972752043596704
"Swift Current City, Division No. 8, Saskatchewan, Canada",0.8126684636118598,0.11185983827493261,0.04851752021563338,0.02695417789757412
"Edmundston City, Madawaska County, New Brunswick, Canada",0.7411467116357503,0.19983136593591913,0.05227655986509276,0.006745362563237776
"Yorkton City, Division No. 9, Saskatchewan, Canada",0.772197962154294,0.12227074235807862,0.053857350800582196,0.05167394468704511
"Springfield Rural Municipality, Division No. 12, Manitoba, Canada",0.17328244274809154,0.2793893129770993,0.5,0.04732824427480917
"Tracadie Regional Municipality, Gloucester County, New Brunswick, Canada",0.5035335689045938,0.2729681978798586,0.16784452296819777,0.055653710247349816
"Summerside City, Prince County, Prince Edward Island, Canada",0.7145174371451742,0.18085969180859698,0.07542579075425791,0.029197080291970802
"Sylvan Lake Town, Division No. 8, Alberta, Canada",0.3159908186687071,0.34965570007651114,0.23794950267788836,0.09640397857689358
"Canmore Town, Division No. 15, Alberta, Canada",0.563838223632038,0.2616970658207772,0.1038858049167328,0.07057890563045201
"Saugeen Shores Town, Bruce County, Ontario, Canada",0.4178127117233119,0.2853032967286734,0.2822073641627927,0.014676627385221984
"Lake Country District Municipality, Central Okanagan Regional district, British Columbia, Canada",0.29744816586921846,0.3763955342902711,0.2958532695374801,0.030303030303030307
