longname,Never Married % [StatCan],Married (not divorced) % [StatCan],Divorced % [StatCan]
"Toronto CMA, ON, Canada",0.36872667382185337,0.5403222259109342,0.09095110026721248
"Montréal CMA, QC, Canada",0.481047256760439,0.4019417881236937,0.11701095511586727
"Vancouver CMA, BC, Canada",0.36911337133099564,0.5341754463018955,0.09671118236710878
"Ottawa - Gatineau CMA, QC-ON, Canada",0.39980731787288715,0.4916956431980372,0.10849703892907574
"Calgary CMA, AB, Canada",0.35441951850378023,0.5440293805544507,0.10155110094176913
"Edmonton CMA, AB, Canada",0.3656367589807683,0.5289159711643213,0.1054472698549103
"Québec CMA, QC, Canada",0.5456359844058865,0.3373114894635152,0.11705252613059845
"Winnipeg CMA, MB, Canada",0.38428955932546005,0.5188515185845286,0.09685892209001143
"Hamilton CMA, ON, Canada",0.35096139242428753,0.5389644907505861,0.11007411682512645
"Kitchener - Cambridge - Waterloo CMA, ON, Canada",0.365976461703064,0.5339123502632858,0.10011118803365021
"London CMA, ON, Canada",0.3683188632828442,0.5166083819652059,0.11507275475194988
"Halifax CMA, NS, Canada",0.39735209103348684,0.49400775771246425,0.10864015125404893
"St. Catharines - Niagara CMA, ON, Canada",0.3300432082095594,0.5439103429651635,0.12604644882527716
"Windsor CMA, ON, Canada",0.34485684460356064,0.5443945149428968,0.11074864045354262
"Oshawa CMA, ON, Canada",0.34940400485077894,0.538909757756811,0.11168623739241015
"Victoria CMA, BC, Canada",0.3695082953241122,0.4991864141220906,0.13130529055379703
"Saskatoon CMA, SK, Canada",0.37506823676206913,0.5300826639631901,0.09484909927474074
"Regina CMA, SK, Canada",0.3690750799910704,0.5320088300220752,0.09891608998685428
"Sherbrooke CMA, QC, Canada",0.5264838270700314,0.3394745106249336,0.1340416623050351
"Kelowna CMA, BC, Canada",0.3350749777940325,0.539343748367209,0.12558127383875836
"Barrie CMA, ON, Canada",0.36219111312627517,0.5137723872137839,0.12403649965994096
"St. John's CMA, NL, Canada",0.3904610742852561,0.5079073392077917,0.10163158650695227
"Abbotsford - Mission CMA, BC, Canada",0.3209542471462786,0.5787067276290004,0.10033902522472112
"Kingston CMA, ON, Canada",0.3731712273096725,0.5069425629910592,0.11988620969926839
"Greater Sudbury / Grand Sudbury CMA, ON, Canada",0.36677420473861266,0.5113955666562601,0.12183022860512721
"Guelph CMA, ON, Canada",0.3677261084454706,0.5272556730040766,0.10501821855045286
"Trois-Rivières CMA, QC, Canada",0.5255265068990558,0.34037763253449543,0.1340958605664487
"Saguenay CMA, QC, Canada",0.49331248603668526,0.3835136661184248,0.12317384784488981
"Moncton CMA, NB, Canada",0.38052133413461603,0.5028921274038459,0.11658653846153819
"Brantford CMA, ON, Canada",0.3421041605564164,0.5376461222608627,0.12024971718272087
"Saint John CMA, NB, Canada",0.3491342173080314,0.53063157947838,0.12023420321358848
"Peterborough CMA, ON, Canada",0.3486305427699042,0.527275213051998,0.12409424417809767
"Lethbridge CMA, AB, Canada",0.35324649398612673,0.5367569995508299,0.10999650646304342
"Thunder Bay CMA, ON, Canada",0.38352985746081325,0.4967088128048492,0.11976132973433753
"Nanaimo CMA, BC, Canada",0.34882904151832683,0.5082944987102754,0.14287645977139773
"Kamloops CMA, BC, Canada",0.3555991128075517,0.5158611440656107,0.12853974312683758
"Chilliwack CMA, BC, Canada",0.3105003220957698,0.5665664590938373,0.12293321881039301
"Belleville - Quinte West CMA, ON, Canada",0.3312559923298176,0.5366996910621072,0.1320443166080751
"Fredericton CMA, NB, Canada",0.3602796591653921,0.5301507537688441,0.10956958706576364
"Chatham-Kent CMA, ON, Canada",0.31396148555708325,0.5618982118294369,0.12414030261347979
"Drummondville CMA, QC, Canada",0.5220971563981045,0.3447274881516584,0.13317535545023698
"Red Deer CMA, AB, Canada",0.37374901437496205,0.4976041729847759,0.12864681264026198
"Cape Breton CMA, NS, Canada",0.38087949608524163,0.49726261258609544,0.12185789132866297
"Sarnia CMA, ON, Canada",0.317021533994677,0.5606097265908538,0.1223687394144691
"Granby CMA, QC, Canada",0.47971954655658194,0.3678658017167944,0.1524146517266236
"Prince George CMA, BC, Canada",0.3910295205433394,0.49102279604599547,0.11794768341066517
"Kawartha Lakes CMA, ON, Canada",0.290498725882781,0.5858026938478345,0.12369858026938471
"Charlottetown CMA, PE, Canada",0.37670767605102223,0.5242659823382901,0.09902634161068763
"Sault Ste. Marie CMA, ON, Canada",0.3470319634703195,0.5242770167427705,0.12869101978691017
"Medicine Hat CMA, AB, Canada",0.30808922759387175,0.5626736524569341,0.1292371199491942
"Wood Buffalo CMA, AB, Canada",0.40089852008456667,0.5009689922480619,0.0981324876673713
"North Bay CMA, ON, Canada",0.35058458016515415,0.5199084294007034,0.12950699043414252
"Vernon CMA, BC, Canada",0.29287324432113754,0.5663256459164211,0.1408011097624414
"Norfolk CMA, ON, Canada",0.28406726288642664,0.5925154081854775,0.12341732892809579
"Grande Prairie CMA, AB, Canada",0.41405470153723306,0.4689558794170492,0.11698941904571773
"Courtenay CMA, BC, Canada",0.299175824175824,0.5517399267399267,0.14908424908424928
"Cornwall CMA, ON, Canada",0.3429010297113675,0.5193704656286585,0.137728504659974
"Saint-Hyacinthe CMA, QC, Canada",0.5008385123803888,0.3588832988063531,0.14027818881325818
"Brandon CMA, MB, Canada",0.3822131704005432,0.5144829146865803,0.10330391491287653
"Rimouski CMA, QC, Canada",0.5536163319881093,0.3305569897588934,0.11582667825299725
"Victoriaville CMA, QC, Canada",0.5015733872780398,0.355023600809171,0.1434030119127893
"Joliette CMA, QC, Canada",0.4956096476603313,0.3593420028898521,0.14504834944981657
"Shawinigan CMA, QC, Canada",0.4842665432670062,0.3622165664044421,0.1535168903285516
"Duncan CMA, BC, Canada",0.31299407114624517,0.5384140316205532,0.14859189723320157
"Penticton CMA, BC, Canada",0.2950663003225422,0.5485605065105721,0.15637319316688578
"Woodstock CMA, ON, Canada",0.3254907058364744,0.5445209931106202,0.12998830105290532
"Truro CMA, NS, Canada",0.33354462474645025,0.5384127789046652,0.12804259634888443
"Prince Albert CMA, SK, Canada",0.42845070422535214,0.46380281690140834,0.10774647887323949
"Salaberry-de-Valleyfield CMA, QC, Canada",0.506243890515547,0.34545635914937983,0.14829975033507328
"Rouyn-Noranda CMA, QC, Canada",0.5581395348837209,0.3301751363766868,0.1116853287395922
"Sorel-Tracy CMA, QC, Canada",0.47977589505329343,0.3816616561902159,0.13856244875649074
"Timmins CMA, ON, Canada",0.3844810016013975,0.4923569660794874,0.12316203231911498
"Campbell River CMA, BC, Canada",0.31279620853080586,0.5437311503662214,0.14347264110297275
"Moose Jaw CMA, SK, Canada",0.33012596221133683,0.539888033589923,0.12998600419874026
"Saint-Georges CMA, QC, Canada",0.5006908462867014,0.3639032815198617,0.13540587219343697
"New Glasgow CMA, NS, Canada",0.3324255319148934,0.533617021276596,0.13395744680851054
"Val-d'Or CMA, QC, Canada",0.5635972769616624,0.32156932998925125,0.1148333930490864
"Orillia CMA, ON, Canada",0.35859551538327816,0.48461672171041204,0.15678776290630983
"Stratford CMA, ON, Canada",0.33005445283681706,0.5350430353065169,0.13490251185666616
"Owen Sound CMA, ON, Canada",0.3144385026737967,0.5532976827094475,0.13226381461675576
"Winkler CMA, MB, Canada",0.2768762677484784,0.6687626774847873,0.05436105476673428
"Whitehorse CMA, YT, Canada",0.4458767772511851,0.43090047393364905,0.12322274881516584
"Brockville CMA, ON, Canada",0.31310942578548207,0.5366558324304803,0.15023474178403756
"Bathurst CMA, NB, Canada",0.35498380712486516,0.5277078085642314,0.11730838431090344
"Centre Wellington CMA, ON, Canada",0.28190661478599205,0.6157587548638135,0.10233463035019445
"Parksville CMA, BC, Canada",0.19876325088339244,0.6607773851590105,0.14045936395759714
"Okotoks CMA, AB, Canada",0.28264532434709366,0.6090985678180285,0.10825610783487777
"Alma CMA, QC, Canada",0.48343079922027304,0.38226120857699786,0.13430799220272915
"Rivière-du-Loup CMA, QC, Canada",0.5403772407327448,0.34851893399834033,0.11110382526891484
"Corner Brook CMA, NL, Canada",0.34031961317669046,0.553223145150524,0.10645724167278552
"Fort St. John CMA, BC, Canada",0.4101372288623285,0.4791943337760072,0.11066843736166439
"Thetford Mines CMA, QC, Canada",0.4542289576080276,0.4130657382756505,0.1327053041163219
"Midland CMA, ON, Canada",0.33237822349570206,0.5218993041342611,0.14572247237003683
"Sept-Îles CMA, QC, Canada",0.5925525059591218,0.30771901726111867,0.09972847677975966
"Miramichi CMA, NB, Canada",0.32021052631578917,0.5642105263157897,0.11557894736842117
"Cranbrook CMA, BC, Canada",0.31575520833333337,0.5546875,0.12955729166666669
"Kentville CMA, NS, Canada",0.33043855840208425,0.5360399478940513,0.1335214937038645
"Baie-Comeau CMA, QC, Canada",0.5570660649090944,0.33254444383290205,0.11038949125800358
"Port Alberni CMA, BC, Canada",0.33250843644544426,0.5169853768278965,0.15050618672665922
"Wasaga Beach CMA, ON, Canada",0.25471912667727986,0.6067773481919492,0.13850352513077105
"Collingwood CMA, ON, Canada",0.30174621653084976,0.5518044237485449,0.14644935972060538
"Squamish CMA, BC, Canada",0.4272611464968154,0.4736305732484076,0.09910828025477705
"Pembroke CMA, ON, Canada",0.34174709230388517,0.5332838406335069,0.1249690670626081
"Williams Lake CMA, BC, Canada",0.3575803981623277,0.5165900969882592,0.1258295048494131
"Quesnel CMA, BC, Canada",0.33161423414130936,0.5265600825167617,0.14182568334192883
"Essa CMA, ON, Canada",0.34117647058823525,0.5518467852257183,0.10697674418604648
"Edmundston CMA, NB, Canada",0.3856192425793244,0.4889969293756399,0.12538382804503573
"Cobourg CMA, ON, Canada",0.28002229033156867,0.573697408748955,0.14628030091947633
"Yellowknife CMA, NT, Canada",0.46977174583590375,0.4342998149290561,0.09592843923504009
"Sainte-Agathe-des-Monts CMA, QC, Canada",0.4791969741053245,0.3535059645039277,0.16729706139074782
"Yorkton CMA, SK, Canada",0.3306600863664402,0.565083281924738,0.10425663170882181
"Lloydminster (Alberta part / partie de l'Alberta) CMA, AB, Canada",0.3412443874278383,0.5532392559332906,0.10551635663887102
"Salmon Arm CMA, BC, Canada",0.2672619047619047,0.600297619047619,0.13244047619047622
"Terrace CMA, BC, Canada",0.4063571205983172,0.47896540978497987,0.11467746961670294
"North Battleford CMA, SK, Canada",0.36950904392764844,0.5229328165374677,0.1075581395348838
"Nelson CMA, BC, Canada",0.4010972264553491,0.45900640048765606,0.1398963730569947
"Amos CMA, QC, Canada",0.5621586893671697,0.3286219081272086,0.1092194025056217
"Camrose CMA, AB, Canada",0.3073202192841021,0.567236375362786,0.12544340535311196
"Swift Current CMA, SK, Canada",0.30019243104554166,0.6042334830019245,0.09557408595253376
"Tillsonburg CMA, ON, Canada",0.27437500000000015,0.595625,0.1300000000000001
"Matane CMA, QC, Canada",0.5130597014925375,0.36100746268656697,0.12593283582089554
"Petawawa CMA, ON, Canada",0.38986629134412387,0.5070372976776917,0.10309641097818441
"Summerside CMA, PE, Canada",0.3397269180754225,0.5344603381014305,0.12581274382314703
"Dawson Creek CMA, BC, Canada",0.3889081455805892,0.49428076256499137,0.1168110918544195
"Powell River CMA, BC, Canada",0.30006418485237474,0.5526315789473684,0.14730423620025684
"Steinbach CMA, MB, Canada",0.30317064481653005,0.6163163519771998,0.08051300320627004
"Port Hope CMA, ON, Canada",0.3079470198675497,0.5619205298013245,0.13013245033112578
"Lloydminster (Saskatchewan part / partie de la Saskatchewan) CMA, SK, Canada",0.3974158183241975,0.504306969459671,0.09827721221613156
"Sylvan Lake CMA, AB, Canada",0.36401994629842727,0.49520521672420414,0.1407748369773686
"Canmore CMA, AB, Canada",0.3839253677789738,0.5105848582705419,0.10548977395048435
"Ladysmith CMA, BC, Canada",0.29026021603009844,0.5765616782562965,0.13317810571360514
"Dolbeau-Mistassini CMA, QC, Canada",0.4456018518518518,0.4170524691358025,0.13734567901234565
"Cowansville CMA, QC, Canada",0.4683641975308643,0.38117283950617287,0.150462962962963
"Kenora CMA, ON, Canada",0.36727416798732165,0.5091125198098256,0.12361331220285263
"Brooks CMA, AB, Canada",0.3581375108790252,0.5443864229765014,0.09747606614447347
"Strathmore CMA, AB, Canada",0.3143478260869565,0.561304347826087,0.12434782608695658
"High River CMA, AB, Canada",0.27176669484361804,0.5955198647506339,0.1327134404057481
"Trail CMA, BC, Canada",0.32218597063621535,0.5354812398042416,0.14233278955954326
"Lachute CMA, QC, Canada",0.4677486475239285,0.3741156887224303,0.1581356637536413
"Grand Falls-Windsor CMA, NL, Canada",0.3110831234256925,0.5793450881612092,0.10957178841309824
"Ingersoll CMA, ON, Canada",0.31736794986571193,0.5528200537153087,0.12981199641897942
"Prince Rupert CMA, BC, Canada",0.4538496172895092,0.4394416929311121,0.10670868977937874
"Gander CMA, NL, Canada",0.3167838312829526,0.5821616871704746,0.10105448154657296
"Lacombe CMA, AB, Canada",0.29859813084112147,0.5850467289719626,0.11635514018691587
"Portage la Prairie CMA, MB, Canada",0.38937644341801386,0.5016166281755197,0.10900692840646645
"Sainte-Marie CMA, QC, Canada",0.4916434540389973,0.4062209842154131,0.10213556174558958
"Thompson CMA, MB, Canada",0.5041322314049587,0.4121900826446281,0.08367768595041324
"Estevan CMA, SK, Canada",0.3333333333333337,0.5652173913043474,0.10144927536231894
"Wetaskiwin CMA, AB, Canada",0.3552952659834065,0.5036603221083455,0.14104441190824796
"Weyburn CMA, SK, Canada",0.31288032454361026,0.5775862068965519,0.10953346855983771
"Campbellton (New Brunswick part / partie du Nouveau-Brunswick) CMA, NB, Canada",0.40573577809120825,0.4706158909261872,0.12364833098260454
"Elliot Lake CMA, ON, Canada",0.27625122669283586,0.5510304219823359,0.17271835132482824
"Hawkesbury (Ontario part / partie de l'Ontario) CMA, ON, Canada",0.39388888888888884,0.445,0.1611111111111111
"Hawkesbury (partie du Québec / Quebec part) CMA, QC, Canada",0.4563106796116505,0.3851132686084142,0.15857605177993528
"Campbellton (partie du Québec / Quebec part) CMA, QC, Canada",0.48444444444444446,0.38222222222222224,0.13333333333333333
