longname,Silent % [StatCan],Boomer % [StatCan],Gen X % [StatCan],Millennial % [StatCan],Gen Z % [StatCan],Gen Alpha % [StatCan]
"Toronto City, Toronto CDR, Ontario, Canada",0.07748779053152575,0.22288661005024296,0.19532870943685043,0.2520824932028339,0.161787417932971,0.09042697884557592
"Montréal Ville, Montréal Territory, Quebec, Canada",0.07787164806075662,0.20776919472644126,0.19426374746598743,0.2484522416125177,0.16827596462476183,0.10336720350953532
"Calgary City, Division No. 6, Alberta, Canada",0.05251901504369261,0.20600523391947084,0.2114916670492629,0.2334297476393805,0.17853480862525403,0.11801952772293912
"Ottawa City, Ottawa CDR, Ontario, Canada",0.07282314379364403,0.22923147233565766,0.19607062650803708,0.20898507565370825,0.1886600521885275,0.1042296295204255
"Edmonton City, Division No. 11, Alberta, Canada",0.055338944844362414,0.19896753481597468,0.19485550937095913,0.24813844149281386,0.17943293682838937,0.12326663264750057
"Winnipeg City, Division No. 11, Manitoba, Canada",0.07255082562439093,0.22257819070121349,0.18851868167073796,0.2187737775819953,0.1883451470372298,0.10923337738443263
"Mississauga City, Peel Regional municipality, Ontario, Canada",0.07019205325682773,0.24006657103463636,0.19845271088951705,0.2047128950043871,0.19132905310363074,0.095246716711001
"Vancouver City, Greater Vancouver Regional district, British Columbia, Canada",0.07234376888673993,0.22401184576332667,0.199172005318506,0.29245739151456535,0.1411746041339295,0.07084038438293264
"Brampton City, Peel Regional municipality, Ontario, Canada",0.04844522672030841,0.18933107794058238,0.20016610662826387,0.23095678941794134,0.21636531266905937,0.11473548662384457
"Hamilton City, Hamilton CDR, Ontario, Canada",0.08045966912959829,0.2411242213651258,0.1858620114038711,0.2126145438890888,0.175055569710335,0.10488398450198112
"Surrey City, Greater Vancouver Regional district, British Columbia, Canada",0.06316067188461866,0.21291003429777522,0.20036056635300326,0.21665640664849173,0.20179403746372349,0.10511828335238767
"Québec Ville, Québec Territory, Quebec, Canada",0.1028306180030943,0.263156457631746,0.1782925275325392,0.2053062710476016,0.1532538454537179,0.09716028033130096
"Halifax Regional Municipality, Halifax County, Nova Scotia, Canada",0.06844390950780632,0.24420938588614224,0.19146512613738453,0.2248788820156504,0.17447979480225126,0.09652290165076524
"Laval Ville, Laval Territory, Quebec, Canada",0.08934903820937024,0.23979202061550056,0.20854950342641493,0.1736126155916124,0.18225561852202368,0.10644120363507807
"London City, Middlesex County, Ontario, Canada",0.07813851019223716,0.22890781385101885,0.17885273668376253,0.2211140985703625,0.18759401613228002,0.10539282457033877
"Markham City, York Regional municipality, Ontario, Canada",0.07328783312651417,0.24951249778408074,0.20633161968918023,0.1909826862849377,0.18197128168764412,0.09791408142764312
"Vaughan City, York Regional municipality, Ontario, Canada",0.07144846365689896,0.2286412723953336,0.21869294798403263,0.18001361512516648,0.2010706439335336,0.10013305690503457
"Gatineau Ville, Gatineau Territory, Quebec, Canada",0.065283531292435,0.23598673015108998,0.1983773656255911,0.2062498925692284,0.1771662340787603,0.11693624628289515
"Saskatoon City, Division No. 11, Saskatchewan, Canada",0.06663785165279157,0.20278879221242968,0.18130907860861067,0.23539360682539973,0.19130663559656458,0.12256403510420384
"Kitchener City, Waterloo Regional municipality, Ontario, Canada",0.062408752019621955,0.20620583597749695,0.19148936170212758,0.2456054972649937,0.1782133888769932,0.11607716415876654
"Longueuil Ville, Longueuil Territory, Quebec, Canada",0.07934917172669934,0.24838373715341266,0.1955825423961954,0.2057026076362279,0.15940576548959498,0.11157617559786977
"Burnaby City, Greater Vancouver Regional district, British Columbia, Canada",0.0778368616434233,0.23104244005217195,0.1943212601585232,0.2534965385773052,0.1569579612721984,0.08634493829637804
"Windsor City, Essex County, Ontario, Canada",0.08121352034149329,0.24107065075355022,0.18477219269971235,0.2028051223974213,0.1882350378952867,0.10190347591253615
"Regina City, Division No. 6, Saskatchewan, Canada",0.06684627785261589,0.20988008745003658,0.1873992447496852,0.225073427113928,0.18589757745732371,0.12490338537641052
"Oakville Town, Halton Regional municipality, Ontario, Canada",0.0726176002992613,0.21511736650144947,0.23660338539231274,0.15591976059104087,0.2161694566538856,0.10357243056205007
"Richmond City, Greater Vancouver Regional district, British Columbia, Canada",0.07967235754934877,0.2694001952520417,0.19372812343738843,0.21275329190180262,0.15703502631140315,0.08741100554801533
"Richmond Hill Town, York Regional municipality, Ontario, Canada",0.07182484644343175,0.24643352486625747,0.2299633445611255,0.17307311274024162,0.1916732712502475,0.0870319001386961
"Burlington City, Halton Regional municipality, Ontario, Canada",0.1035073169426684,0.24371973568046226,0.20931539099494353,0.17234275930335224,0.1698814842558657,0.10123331282270782
"Oshawa City, Durham Regional municipality, Ontario, Canada",0.07262346560091355,0.22994576077647705,0.1882957465029975,0.21647159577504982,0.17619183556951204,0.11647159577505002
"Sherbrooke Ville, Sherbrooke Territory, Quebec, Canada",0.09687870635540502,0.2446700801295961,0.17156990367091918,0.19795192224247143,0.18800080997425433,0.10092857762735384
"Greater Sudbury / Grand Sudbury City, Greater Sudbury / Grand Sudbury CDR, Ontario, Canada",0.08933847916541032,0.26439727431707155,0.1867575227642765,0.18844599891455113,0.1714104806126758,0.09965024422601454
"Abbotsford City, Fraser Valley Regional district, British Columbia, Canada",0.08082223018536026,0.22396325373815007,0.1855230152783661,0.20936899371274073,0.18923673323126045,0.11108577385412238
"Lévis Ville, Lévis Territory, Quebec, Canada",0.08317744521646196,0.27535408872260825,0.19772180652057703,0.1717998396579369,0.16578701229289158,0.10615980758952431
"Coquitlam City, Greater Vancouver Regional district, British Columbia, Canada",0.06412758226229731,0.24123544848933454,0.21694367808357454,0.20614359733530715,0.17727609178386375,0.09427360204562277
"Barrie City, Simcoe County, Ontario, Canada",0.07286915982568162,0.21891152325934907,0.19614202222897886,0.21509408465930202,0.1904665382926253,0.10651667173406303
"Saguenay Ville, Le Saguenay-et-son-Fjord CDR, Quebec, Canada",0.1060867762885172,0.30323338399889466,0.16781815669476297,0.17451982865828417,0.15120215558933248,0.09713969877020859
"Kelowna City, Central Okanagan Regional district, British Columbia, Canada",0.09991011546705393,0.251330982507087,0.17931964322754587,0.21236949457235704,0.17116089331397386,0.08590887091198239
"Guelph City, Wellington County, Ontario, Canada",0.0742982364603988,0.21346829454937546,0.19103273157327214,0.22522522522522542,0.1877282688093497,0.10824724338237855
"Trois-Rivières Ville, Francheville CDR, Quebec, Canada",0.12005740940078947,0.2966630785791175,0.1637961966271978,0.1727305346250447,0.15590240401865801,0.09085037674919252
"Whitby Town, Durham Regional municipality, Ontario, Canada",0.06285032365385312,0.21679383791993642,0.21914439662966034,0.18204173145770813,0.2014609626441976,0.11770874769464446
"Cambridge City, Waterloo Regional municipality, Ontario, Canada",0.06731844583137919,0.22518849886359532,0.19805909304087438,0.2112269562394028,0.18341210000360753,0.11479490602114084
"St. Catharines City, Niagara Regional municipality, Ontario, Canada",0.10892824538981194,0.27058608727405475,0.17308745663684502,0.1935000912908527,0.1619864889538071,0.09191163045462848
"Milton Town, Halton Regional municipality, Ontario, Canada",0.036441666980386256,0.15141362044949733,0.2407860557918909,0.2072055114256671,0.21420773256032866,0.1499454127922297
"Langley District Municipality, Greater Vancouver Regional district, British Columbia, Canada",0.07187570706689797,0.23440681801040797,0.2054830681046836,0.1898710309978129,0.18017950071649438,0.11818387510370316
"Kingston City, Frontenac County, Ontario, Canada",0.09797399455700048,0.24867704868460835,0.1700181433323255,0.21227698820683397,0.17988358028424542,0.09117024493498625
"Ajax Town, Durham Regional municipality, Ontario, Canada",0.0506894235707795,0.21713879340998,0.2081308521986489,0.20572083283947679,0.19829323219153724,0.12002686578957758
"Waterloo City, Waterloo Regional municipality, Ontario, Canada",0.07040052635907555,0.20067439756558927,0.1793733037256352,0.22033061929434994,0.23891767415083495,0.09030347890451507
"Terrebonne Ville, Les Moulins CRM, Quebec, Canada",0.06021783583023831,0.23448650002086563,0.22021449735008106,0.1713474940533324,0.19204607102616536,0.12168760171931717
"Saanich District Municipality, Capital Regional district, British Columbia, Canada",0.10470448369565212,0.26379925271739146,0.18533457880434775,0.18554687499999983,0.1797299592391306,0.08088485054347828
"St. John's City, Division No. 1, Newfoundland and Labrador, Canada",0.0840829980561458,0.25423805433750724,0.18850865693232693,0.21631029338637464,0.17142082184349722,0.08543917544414803
"Thunder Bay City, Thunder Bay District, Ontario, Canada",0.09565337127644949,0.27420021113508075,0.1737733510809198,0.19796208748336158,0.16693441042823678,0.0914765685959517
"Delta City, Greater Vancouver Regional district, British Columbia, Canada",0.08864202083525395,0.2613625887342123,0.19701299898589464,0.16857195537936767,0.1914354199317785,0.09297501613349304
"Brantford City, Brant CDR, Ontario, Canada",0.0794273950304017,0.24455402882175498,0.18499545171637868,0.20304495619284735,0.17618614449178902,0.11179202374682824
"Chatham-Kent Municipality, Chatham-Kent CDR, Ontario, Canada",0.09968171296296321,0.2983217592592592,0.17057291666666663,0.16401427469135796,0.16483410493827189,0.10257523148148125
"Clarington Municipality, Durham Regional municipality, Ontario, Canada",0.06367889682344244,0.2275794139374539,0.19719280965279487,0.2055158827874907,0.17828121152425525,0.12775178527456296
"Red Deer City, Division No. 8, Alberta, Canada",0.059147248388696054,0.22161626177491328,0.19766980664352993,0.2170054536440258,0.1875061973227566,0.11705503222607838
"Nanaimo City, Nanaimo Regional district, British Columbia, Canada",0.10661197698730035,0.2775378448350342,0.175142080008366,0.19556887837239864,0.15528149272133043,0.08985772707557041
"Strathcona County Specialized Municipality, Division No. 11, Alberta, Canada",0.07029752899646995,0.2517397881996976,0.20943015632879483,0.1715582450832071,0.19137670196671713,0.1055975794251136
"Pickering City, Durham Regional municipality, Ontario, Canada",0.06501641828744617,0.24981055822177337,0.19292750694619853,0.20363728214195503,0.17979287698913857,0.10881535741348831
"Lethbridge City, Division No. 2, Alberta, Canada",0.07911440613415939,0.22221093789671476,0.17259940080231573,0.216625196770426,0.19727822068755366,0.11217183770883064
"Kamloops City, Thompson-Nicola Regional district, British Columbia, Canada",0.08932584269662933,0.2481103166496425,0.1810520939734423,0.2120020429009195,0.17236976506639407,0.09713993871297237
"Saint-Jean-sur-Richelieu Ville, Le Haut-Richelieu CRM, Quebec, Canada",0.09301254159201425,0.2675198361914516,0.18935244433068843,0.18326081392372653,0.15930381366777555,0.10755055029434356
"Niagara Falls City, Niagara Regional municipality, Ontario, Canada",0.09482758620689646,0.2742225513010366,0.1892320710810241,0.181563359424582,0.16606727311191036,0.09408715887455044
"Cape Breton Regional Municipality, Cape Breton County, Nova Scotia, Canada",0.10977756441030563,0.3321064703685921,0.17234757561209804,0.15698511761881928,0.14999733290659825,0.07878593908358673
"Chilliwack City, Fraser Valley Regional district, British Columbia, Canada",0.08336460622956088,0.23808502653728614,0.1833485230257867,0.19321288800729097,0.17879161528976587,0.12319734091030943
"Victoria City, Capital Regional district, British Columbia, Canada",0.10277475516866147,0.25544069640914047,0.1799238302502721,0.2749727965179542,0.12486398258977156,0.06202393906420016
"Brossard Ville, Longueuil Territory, Quebec, Canada",0.09913557281978332,0.23881168618010742,0.20040485829959503,0.19280008753692962,0.16150563518984581,0.10734215997373886
"Maple Ridge City, Greater Vancouver Regional district, British Columbia, Canada",0.06325913712558393,0.24270403957131073,0.21099203077768633,0.19527342676559484,0.1722451222863424,0.11552624347348174
"North Vancouver District Municipality, Greater Vancouver Regional district, British Columbia, Canada",0.0876833845104061,0.25298532923916717,0.22335949050380993,0.15256453997498018,0.1823609689525758,0.1010462868190607
"Newmarket Town, York Regional municipality, Ontario, Canada",0.06718111665910129,0.23899228325011349,0.2189060372219701,0.18145710394916031,0.1913867453472535,0.10207671357240126
"Repentigny Ville, L'Assomption CRM, Quebec, Canada",0.08661436952596203,0.2676222692306721,0.20179087436466228,0.15510731458636307,0.17748172938413914,0.11138344290820147
"Peterborough City, Peterborough County, Ontario, Canada",0.1154396850017898,0.25969454719007284,0.1616155590025057,0.19860398520462952,0.17116095931273104,0.09348526428827103
"Saint-Jérôme Ville, La Rivière-du-Nord CRM, Quebec, Canada",0.10695153855736896,0.28030397408745517,0.1770898218512518,0.1812009468045346,0.15298368007973093,0.10147003861965867
"Moncton City, Westmorland County, New Brunswick, Canada",0.08435100088127913,0.2358680599269796,0.1937555079944607,0.2127030089386882,0.1747450585421124,0.09857736371647983
"Drummondville Ville, Drummond CRM, Quebec, Canada",0.10152990264255911,0.2829055506385132,0.1830193450499432,0.1699962068529524,0.16184094070046762,0.10070805411556455
"Kawartha Lakes City, Kawartha Lakes CDR, Ontario, Canada",0.11874566218688895,0.3408416934822383,0.15881128146886223,0.15925294971291562,0.13546595999747643,0.08688245315161833
"New Westminster City, Greater Vancouver Regional district, British Columbia, Canada",0.06375285460543006,0.2333164171530069,0.20813245369195627,0.27531083481349927,0.1337858411570667,0.08570159857904092
"Prince George City, Fraser-Fort George Regional district, British Columbia, Canada",0.06216533890557657,0.23233642418701841,0.18643071699098868,0.22169256889121083,0.18943450437508155,0.10794044665012394
"Caledon Town, Peel Regional municipality, Ontario, Canada",0.06106870229007642,0.22887714490767916,0.22104782410125917,0.17413714360279248,0.20943433157173624,0.10543485352645647
"Airdrie City, Division No. 6, Alberta, Canada",0.02736116740980948,0.16173490068909605,0.2188893392784759,0.23848128631266063,0.1928117821915957,0.1607215241183623
"Wood Buffalo Specialized Municipality, Division No. 16, Alberta, Canada",0.008495648570244511,0.13917668186213566,0.2311783395496615,0.2844315513192431,0.17509324492333195,0.16162453377538338
"Sault Ste. Marie City, Algoma District, Ontario, Canada",0.11374506134331448,0.29430928120884436,0.17113745061343327,0.1738407153254315,0.15436334650308453,0.09260414500589184
"Sarnia City, Lambton County, Ontario, Canada",0.10832177531206658,0.28987517337031904,0.1662968099861304,0.18536754507628303,0.15610263522884876,0.09403606102635231
"Granby Ville, La Haute-Yamaska CRM, Quebec, Canada",0.11380880121396043,0.30623599971096205,0.1727003396199147,0.15933232169954475,0.14943276248283838,0.09848977527277972
"Saint John City, Saint John County, New Brunswick, Canada",0.08463913656225433,0.2801378157687866,0.1835757738858239,0.19646253974773908,0.16219874931835723,0.09298598471703866
"St. Albert City, Division No. 11, Alberta, Canada",0.08250293083235644,0.2505128956623682,0.20054220398593203,0.16844958968346999,0.1858880422039859,0.11210433763188747
"Norfolk County City, Haldimand-Norfolk CDR, Ontario, Canada",0.10307966096112206,0.32200848708120305,0.16329757387508576,0.16013903720177727,0.15046531213011796,0.10100992875069398
"Grande Prairie City, Division No. 19, Alberta, Canada",0.03429462197973497,0.15939204988308633,0.19368667186282154,0.271473109898675,0.19337490257209675,0.14777864380358524
"Medicine Hat City, Division No. 1, Alberta, Canada",0.09122529644268781,0.2602371541501979,0.18173913043478251,0.18553359683794465,0.17478260869565185,0.10648221343873515
"Fredericton City, York County, New Brunswick, Canada",0.09045584045584042,0.22815764482431147,0.1798037353592909,0.21565368787591008,0.1899335232668568,0.09599556821779036
"Halton Hills Town, Halton Regional municipality, Ontario, Canada",0.0672916501151982,0.23500436958766974,0.22658298244220243,0.1648526257249543,0.203146103122269,0.10312226900770637
"Aurora Town, York Regional municipality, Ontario, Canada",0.06680096696212727,0.2390008058017728,0.2233682514101532,0.17082997582594672,0.19379532634971802,0.10620467365028208
"Port Coquitlam City, Greater Vancouver Regional district, British Columbia, Canada",0.06336939721792895,0.24452940697958192,0.21792890262751155,0.20393720003253862,0.16977141462621015,0.10046367851622871
"Mirabel Ville, Mirabel Territory, Quebec, Canada",0.043506705920837475,0.209192018318613,0.20747464834805357,0.22096826954530588,0.18220477592410858,0.13665358194308153
"Blainville Ville, Thérèse-De Blainville CRM, Quebec, Canada",0.05851820845542068,0.2359146086228547,0.23323566345751354,0.15387191293428212,0.21021347844286303,0.10824612808706585
"North Vancouver City, Greater Vancouver Regional district, British Columbia, Canada",0.07482758620689653,0.23905172413793108,0.2149137931034483,0.249655172413793,0.13862068965517246,0.0829310344827586
"Saint-Hyacinthe Ville, Les Maskoutains CRM, Quebec, Canada",0.12512013979903894,0.28117081695063345,0.17536041939711644,0.1686325906509393,0.15640017474879864,0.09331585845347319
"Welland City, Niagara Regional municipality, Ontario, Canada",0.09864828573986216,0.28045832960343736,0.17894548384209122,0.18548026139110196,0.1589830811923731,0.09748455823113417
"Belleville City, Hastings County, Ontario, Canada",0.10831668785182488,0.28073361176684203,0.1711458144180135,0.1839477029235518,0.16070455783548224,0.09515162520428536
"North Bay City, Nipissing District, Ontario, Canada",0.10149876683741219,0.2696831720736102,0.17159931701764353,0.1947448302029977,0.17017643710870814,0.09229747675962822
"Brandon City, Division No. 7, Manitoba, Canada",0.07475907719264085,0.19848145624452446,0.18232259320549024,0.22281709335150376,0.19867614134138034,0.12294363866446023
"Mascouche Ville, Les Moulins CRM, Quebec, Canada",0.06629618796919169,0.22599200545968604,0.21312274544213725,0.1917714731402944,0.17821975236423893,0.12459783562445156
"Châteauguay Ville, Roussillon CRM, Quebec, Canada",0.09011857707509877,0.24950592885375505,0.1993083003952569,0.1652173913043476,0.17924901185770756,0.11660079051383401
"Whitchurch-Stouffville Town, York Regional municipality, Ontario, Canada",0.07889981931339099,0.2250552097972295,0.21843003412969295,0.1750652479421803,0.17657096968480201,0.12597871913270436
"Shawinigan Ville, Shawinigan Territory, Quebec, Canada",0.13779210314262677,0.3577759871071713,0.1559226430298149,0.14524576954069307,0.1191579371474618,0.084105560032232
"Haldimand County City, Haldimand-Norfolk CDR, Ontario, Canada",0.08270752993708134,0.2850619037954129,0.1734321087883093,0.17779581895676877,0.16399431702861794,0.11700832149380984
"Rimouski Ville, Rimouski-Neigette CRM, Quebec, Canada",0.1051584436996893,0.3125834034803283,0.16637380574681238,0.17169195260179387,0.15271597965016337,0.09147641482121287
"Dollard-Des Ormeaux Ville, Montréal Territory, Quebec, Canada",0.09159360495100567,0.2617844249613205,0.1911294481691594,0.16276431150077353,0.19092315626611647,0.10180505415162452
"Cornwall City, Stormont, Dundas and Glengarry United counties, Ontario, Canada",0.11813259088489104,0.28799136192990055,0.15896891766028987,0.17802678450084844,0.15435438281063954,0.1025259622134306
"Victoriaville Ville, Arthabaska CRM, Quebec, Canada",0.13215072950561543,0.28812847696021837,0.16636926629579085,0.15923165739477266,0.15345859137189058,0.100661278471712
"Georgina Town, York Regional municipality, Ontario, Canada",0.06413077648538193,0.27297495546473854,0.19553599497013513,0.2010898040448497,0.1578120088022635,0.10845646023263127
"Woodstock City, Oxford County, Ontario, Canada",0.08921139686266137,0.24031586810372407,0.1797033400917726,0.2083022089424822,0.1627361007363142,0.11973108526304556
"Langford City, Capital Regional district, British Columbia, Canada",0.05222520107238605,0.20782841823056303,0.209544235924933,0.2514745308310992,0.1619302949061663,0.11699731903485257
"Quinte West City, Hastings County, Ontario, Canada",0.09099709583736684,0.30084973647413155,0.17102291061632777,0.18199419167473388,0.1521996342906314,0.10293643110680857
"Saint-Eustache Ville, Deux-Montagnes CRM, Quebec, Canada",0.09150254481079881,0.2755034299623812,0.1957291436158441,0.16828944456738204,0.165855277716309,0.10312015932728477
"Vernon City, North Okanagan Regional district, British Columbia, Canada",0.13735832117607458,0.29760969588149494,0.16810683424980347,0.1710245763662888,0.13960273818875535,0.08629783413758273
"West Vancouver District Municipality, Greater Vancouver Regional district, British Columbia, Canada",0.15361823361823365,0.2781766381766381,0.2002279202279202,0.10905982905982922,0.18199430199430197,0.07692307692307693
"New Tecumseth Town, Simcoe County, Ontario, Canada",0.08151183970856103,0.22928051001821517,0.18374316939890703,0.21391165755919841,0.16063296903460847,0.13091985428050992
"Innisfil Town, Simcoe County, Ontario, Canada",0.06526243093922648,0.26208563535911605,0.20131215469613273,0.19141344383057077,0.1658609576427256,0.11406537753222833
"Vaudreuil-Dorion Ville, Vaudreuil-Soulanges CRM, Quebec, Canada",0.0770747364632542,0.2107750707933153,0.2240900993483167,0.18083340312690288,0.1820068405243345,0.12521984974387648
"Bradford West Gwillimbury Town, Simcoe County, Ontario, Canada",0.05117743063651202,0.200279785497785,0.20855677314059234,0.21671718349265548,0.17917929587316375,0.14408953135929128
"St. Thomas City, Elgin County, Ontario, Canada",0.09191777622050921,0.2643074048119599,0.1897921046484466,0.1796309273534222,0.16841859378649846,0.10593319317916376
"Salaberry-de-Valleyfield Ville, Beauharnois-Salaberry CRM, Quebec, Canada",0.1087411893762094,0.30447985835751123,0.16762335570206321,0.1850071957771147,0.13511551718040066,0.09903288360670076
"Rouyn-Noranda Ville, Rouyn-Noranda Territory, Quebec, Canada",0.08008479566599933,0.2696973265810859,0.17536214815687187,0.19809209751501597,0.16252502649864564,0.11423860558238123
"Boucherville Ville, Longueuil Territory, Quebec, Canada",0.1132460670109283,0.29098114567070954,0.20535607061366648,0.1254953764861294,0.17137024138345158,0.09355109883511474
"Mission District Municipality, Fraser Valley Regional district, British Columbia, Canada",0.057290415565697826,0.24405476819601257,0.19961566178236861,0.19937545039634866,0.175354311794379,0.12430939226519334
"Timmins City, Cochrane District, Ontario, Canada",0.07301664439314787,0.2618150892965619,0.18867695298262668,0.19584497630907538,0.17749969627019796,0.1031466407483902
"Rocky View County Municipal District, Division No. 6, Alberta, Canada",0.06279721985123758,0.29350079258627026,0.2193634922570417,0.12157054017802715,0.20704792098524552,0.0957200341421778
"Lakeshore Town, Essex County, Ontario, Canada",0.061338289962825254,0.25576208178438664,0.2199504337050805,0.15055762081784382,0.20247831474597264,0.10991325898389095
"Brant City, Brant CDR, Ontario, Canada",0.08434496712190186,0.2750379362670712,0.19056651492159832,0.1669195751138088,0.1736216489630756,0.10950935761254424
"Charlottetown City, Queens County, Prince Edward Island, Canada",0.09404469706756238,0.24040821599276585,0.1725875209921198,0.2008784394781036,0.20953365198294802,0.08254747448650042
"Prince Albert City, Division No. 15, Saskatchewan, Canada",0.07253679883304599,0.19957565309640626,0.16310834106882383,0.211775626574725,0.2120408433894709,0.14096273703752818
"Spruce Grove City, Division No. 11, Alberta, Canada",0.04683342203299627,0.1853379457158064,0.19904204364023426,0.23456625864821698,0.19172432144757845,0.14249600851516764
"Penticton City, Okanagan-Similkameen Regional district, British Columbia, Canada",0.15033921302578024,0.31723202170963366,0.16580732700135675,0.1636363636363637,0.1270013568521031,0.07598371777476258
"West Kelowna City, Central Okanagan Regional district, British Columbia, Canada",0.09009009009009007,0.27401247401247397,0.1878031878031878,0.18503118503118504,0.15939015939015946,0.10367290367290367
"Campbell River City, Strathcona Regional district, British Columbia, Canada",0.10447761194029843,0.3154041115178824,0.1745987045902563,0.16868487749929598,0.1446071529146718,0.09222754153759508
"Sorel-Tracy Ville, Pierre-De Saurel CRM, Quebec, Canada",0.13622159090909092,0.3389204545454545,0.16761363636363633,0.14872159090909085,0.1279829545454547,0.08053977272727268
"East Gwillimbury Town, York Regional municipality, Ontario, Canada",0.05051963048498842,0.2318129330254043,0.21016166281755191,0.20381062355658205,0.1736431870669747,0.13005196304849873
"Côte-Saint-Luc Ville, Montréal Territory, Quebec, Canada",0.16349644257296353,0.22390010164077245,0.17249891099172357,0.15783359953535656,0.16698126905764488,0.1152896762015391
"Leduc City, Division No. 11, Alberta, Canada",0.05795187793427228,0.18838028169014087,0.1965962441314553,0.22916666666666677,0.1845657276995305,0.1433392018779342
"Moose Jaw City, Division No. 7, Saskatchewan, Canada",0.09536541889483076,0.2559417706476529,0.17468805704099818,0.18686868686868702,0.17572786690433725,0.11140819964349367
"Port Moody City, Greater Vancouver Regional district, British Columbia, Canada",0.056691033865433366,0.2325824257795016,0.23899746382216916,0.19543487990452033,0.17439952260182015,0.10189467402655525
"Pointe-Claire Ville, Montréal Territory, Quebec, Canada",0.15712581991651764,0.26893261776982713,0.18455575432319615,0.13834227787716158,0.161747167561121,0.0892963625521765
"Orillia City, Simcoe County, Ontario, Canada",0.127452448704508,0.2842593979332036,0.15860416354650286,0.1918526284259398,0.146472966901303,0.09135839448854274
"Stratford City, Perth County, Ontario, Canada",0.10576923076923081,0.2883112980769229,0.17578125000000014,0.18419471153846154,0.15204326923076925,0.09390024038461534
"Saint-Georges Ville, Beauce-Sartigan CRM, Quebec, Canada",0.09832098018454091,0.2917864165784301,0.18771744062925413,0.15912872485251844,0.16321282710633797,0.09983361064891855
"Fort Erie Town, Niagara Regional municipality, Ontario, Canada",0.10783718104495753,0.34720534629404637,0.1726913730255163,0.14459295261239352,0.14277035236938027,0.0849027946537059
"Val-d'Or Ville, La Vallée-de-l'Or CRM, Quebec, Canada",0.07896341463414637,0.28003048780487794,0.17835365853658544,0.18948170731707317,0.15960365853658537,0.11356707317073172
"LaSalle Town, Essex County, Ontario, Canada",0.07713456544982433,0.26057736367802037,0.21139453184664733,0.150297846341836,0.1974950358943028,0.1031006567893692
"Parkland County Municipal District, Division No. 11, Alberta, Canada",0.05638629283489092,0.3068535825545173,0.2038940809968846,0.14890965732087233,0.17476635514018685,0.10919003115264804
"Cochrane Town, Division No. 6, Alberta, Canada",0.06669768884752604,0.21762059872809053,0.20179928648984033,0.20831394447029628,0.16286644951140059,0.14270203195284623
"North Cowichan District Municipality, Cowichan Valley Regional district, British Columbia, Canada",0.11512591897387764,0.33802596590020334,0.1698732989206945,0.1481307680275302,0.13968402940716404,0.08916001877053029
"Chambly Ville, La Vallée-du-Richelieu CRM, Quebec, Canada",0.05678383966915857,0.21170669635756315,0.22077302369969798,0.19707332591060933,0.17369174487036743,0.1399713694926037
"Centre Wellington Township, Wellington County, Ontario, Canada",0.09465746831381362,0.2767527675276751,0.17824482592652022,0.17230867960853538,0.1657307877426598,0.1123054708807957
"Okotoks Town, Division No. 6, Alberta, Canada",0.056486042692939276,0.21001642036124799,0.22364532019704428,0.16256157635467977,0.2200328407224959,0.12725779967159276
"Alma Ville, Lac-Saint-Jean-Est CRM, Quebec, Canada",0.11133069828722006,0.3140645586297759,0.1689723320158102,0.15332674571805013,0.15777338603425559,0.094532279314888
"Orangeville Town, Dufferin County, Ontario, Canada",0.06992193987709684,0.20959973426341136,0.2046171732270387,0.21159275867796037,0.1792061119415381,0.12506228201295466
"Sainte-Julie Ville, Marguerite-D'Youville CRM, Quebec, Canada",0.07409257409257414,0.2540792540792542,0.23443223443223435,0.13902763902763896,0.19746919746919755,0.10089910089910084
"Saint-Constant Ville, Roussillon CRM, Quebec, Canada",0.04674457429048413,0.23038397328881483,0.2213689482470786,0.18881469115191973,0.18046744574290474,0.13222036727879796
"Leamington Municipality, Essex County, Ontario, Canada",0.09563899646405113,0.24381208957736997,0.17107257113992252,0.1879104226300724,0.1865633945108604,0.11500252567772351
"Langley City, Greater Vancouver Regional district, British Columbia, Canada",0.09059593523940747,0.24250775060282478,0.18463658284533238,0.2387185669996556,0.13675508095074054,0.10678608336203932
"Grimsby Town, Niagara Regional municipality, Ontario, Canada",0.09535367545076283,0.26907073509015256,0.20024271844660185,0.16539528432732323,0.16990291262135915,0.10003467406380026
"Courtenay City, Comox Valley Regional district, British Columbia, Canada",0.12814202847600625,0.3042714009492004,0.16558270346282306,0.1757778168395148,0.13974336438741425,0.08648268588504122
"Magog Ville, Memphrémagog CRM, Quebec, Canada",0.1485340868950901,0.3451077357824091,0.16231013776050848,0.13316849169904646,0.12945955492758737,0.08141999293535856
"Boisbriand Ville, Thérèse-De Blainville CRM, Quebec, Canada",0.06132909155178509,0.24814422057264066,0.18946624248851185,0.18575468363379272,0.18540120183810532,0.12990455991516445
"Whitehorse City, Yukon Territory, Yukon, Canada",0.04586506109438639,0.21657517265804857,0.199752080750841,0.2507526120063751,0.17017885602975033,0.11687621746059851
"Dieppe City, Westmorland County, New Brunswick, Canada",0.06805629787992164,0.22643862462141456,0.2173525743809015,0.20719757705326905,0.17887047924461075,0.10208444681988241
"King Township, York Regional municipality, Ontario, Canada",0.06788655077767616,0.2505032021957913,0.2225068618481245,0.1482159194876487,0.20347666971637676,0.10741079597438254
"Conception Bay South Town, Division No. 1, Newfoundland and Labrador, Canada",0.06359447004608296,0.2578801843317972,0.22138248847926265,0.18709677419354837,0.16921658986175114,0.10082949308755763
"Fort Saskatchewan City, Division No. 11, Alberta, Canada",0.05411895086811967,0.1863686738086443,0.18692279275951224,0.2534170668636869,0.17750277059475436,0.14166974510528263
"Woolwich Township, Waterloo Regional municipality, Ontario, Canada",0.08144044321329642,0.22031394275161567,0.19261311172668516,0.18079409048938133,0.18965835641735931,0.13518005540166217
"Sainte-Thérèse Ville, Thérèse-De Blainville CRM, Quebec, Canada",0.14172335600907032,0.27343159486016627,0.16912320483749055,0.1970899470899471,0.13888888888888887,0.07974300831443688
"Clarence-Rockland City, Prescott and Russell United counties, Ontario, Canada",0.0698640483383686,0.2747356495468277,0.1948640483383685,0.18466767371601223,0.1599320241691843,0.1159365558912387
"La Prairie Ville, Roussillon CRM, Quebec, Canada",0.06969297419476361,0.24373705029195705,0.23205876812959123,0.16481446600113017,0.1834620455829722,0.10623469579958558
"Saint-Bruno-de-Montarville Ville, Longueuil Territory, Quebec, Canada",0.10757200076292205,0.2687392714094984,0.20942208659164593,0.12969673850848748,0.17489986648865147,0.10967003623879455
"Thetford Mines Ville, Les Appalaches CRM, Quebec, Canada",0.1671802773497689,0.3189522342064716,0.15600924499229582,0.14156394453004614,0.1309707241910632,0.08532357473035433
"Lincoln Town, Niagara Regional municipality, Ontario, Canada",0.1033274956217163,0.26834014399688644,0.18155283129013422,0.17260167347733027,0.16228838295388218,0.11188947266005062
"Prince Edward County City, Prince Edward CDR, Ontario, Canada",0.13997650438826756,0.38523828023731344,0.15493677079567414,0.1328754207176852,0.11020883256569985,0.0767641912953597
"Lunenburg Municipal District, Lunenburg County, Nova Scotia, Canada",0.10588457172413238,0.3763378804397303,0.18087563364520973,0.1367089226610791,0.12260193748691156,0.07759105404293701
"Wasaga Beach Town, Simcoe County, Ontario, Canada",0.14320241691842903,0.37603222557905325,0.15287009063444112,0.13514602215508553,0.12024169184290046,0.07250755287009066
"Collingwood Town, Simcoe County, Ontario, Canada",0.13820973934128114,0.3160234390786016,0.16488179430187927,0.15962820771873104,0.13760355627399476,0.08365326328551227
"Sept-Îles Ville, Sept-Rivières--Caniapiscau CDR, Quebec, Canada",0.08848802205280207,0.27378576948362776,0.19733048061729405,0.17423386120113954,0.16526625990472998,0.10089560674040661
"Beloeil Ville, La Vallée-du-Richelieu CRM, Quebec, Canada",0.0931342045218835,0.24787388508608169,0.1916614810205352,0.18440157643642405,0.15722879070732207,0.12570006222775354
"Saint-Lin--Laurentides Ville, Montcalm CRM, Quebec, Canada",0.04248229904206582,0.20678883798417336,0.17388588088296553,0.24698042482299037,0.16118284048313197,0.16867971678467297
"Strathroy-Caradoc Municipality, Middlesex County, Ontario, Canada",0.09545836837678727,0.2670311185870479,0.17914213624894879,0.18355761143818328,0.16274179983179146,0.11206896551724144
"Squamish District Municipality, Squamish-Lillooet Regional district, British Columbia, Canada",0.047868990132269584,0.1643921897963469,0.2406046609279865,0.2754566449716565,0.14654629435229896,0.12513121981944156
"Thorold City, Niagara Regional municipality, Ontario, Canada",0.06276238455079765,0.23257766582703626,0.17464315701091515,0.22334172963895862,0.19227539882451739,0.11439966414777496
"Grande Prairie County No. 1 Municipal District, Division No. 19, Alberta, Canada",0.04173693086003371,0.22765598650927477,0.21247892074198996,0.1810708263069139,0.19730185497470487,0.1397554806070828
"Amherstburg Town, Essex County, Ontario, Canada",0.08122493205987466,0.29022186492367136,0.1954071601464535,0.16062443747323898,0.1721004203112574,0.10042118508550403
"L'Assomption Ville, L'Assomption CRM, Quebec, Canada",0.06740614334470992,0.237414675767918,0.19048634812286686,0.19389931740614336,0.17107508532423205,0.1397184300341298
"Tecumseh Town, Essex County, Ontario, Canada",0.09577887293764728,0.2991214913220485,0.19241482751232056,0.14441825583886878,0.1739875723162629,0.0942789800728519
"Foothills County Municipal District, Division No. 6, Alberta, Canada",0.06196213425129088,0.3324010327022375,0.21277969018932882,0.12349397590361443,0.17835628227194483,0.09100688468158345
"Oro-Medonte Township, Simcoe County, Ontario, Canada",0.07745865970409052,0.32006092254134016,0.19386422976501305,0.14926022628372512,0.1610095735422106,0.09834638816362053
"Candiac Ville, Roussillon CRM, Quebec, Canada",0.07657266811279827,0.21670281995661617,0.2390455531453361,0.15097613882863337,0.1982646420824295,0.11843817787418649
"Essa Township, Simcoe County, Ontario, Canada",0.03944214425800828,0.2179123992155153,0.2026585312704293,0.22619307038570502,0.17977772935280023,0.13401612551754202
"Paradise Town, Division No. 1, Newfoundland and Labrador, Canada",0.034610361340879414,0.18154114061819762,0.24575533304309982,0.22028733130169775,0.19590770570309105,0.12189812799303433
"East Hants Municipal District, Hants County, Nova Scotia, Canada",0.0661265601051018,0.28114736150645936,0.21305014232537775,0.17407488504488727,0.16312677906722142,0.10247427195095256
"Saint-Lambert Ville, Longueuil Territory, Quebec, Canada",0.15526315789473688,0.2695175438596491,0.18706140350877182,0.13662280701754387,0.15855263157894742,0.09298245614035096
"Mount Pearl City, Division No. 1, Newfoundland and Labrador, Canada",0.07541713014460513,0.30411568409343714,0.1966629588431591,0.19443826473859835,0.1490545050055618,0.0803114571746385
"Kings, Subd. A Subdivision of County Municipality, Kings County, Nova Scotia, Canada",0.0868297060803231,0.2999775633834417,0.17522997531972198,0.18016603096253078,0.1487547677810186,0.10904195647296386
"Saint-Lazare Ville, Vaudreuil-Soulanges CRM, Quebec, Canada",0.04110813226094727,0.24039320822162638,0.23168007149240397,0.15616621983914206,0.20866845397676512,0.12198391420911528
"Chestermere City, Division No. 6, Alberta, Canada",0.029709655638082387,0.19108710330857528,0.23790231825343233,0.18838622552329506,0.21539500337609727,0.13751969390051766
"Kingsville Town, Essex County, Ontario, Canada",0.09478672985781995,0.28323177612277134,0.1830286617016475,0.1676822387722861,0.16926201760324994,0.10200857594222529
"Brockville City, Leeds and Grenville United counties, Ontario, Canada",0.14867296446243816,0.3128654970760234,0.1628430049482681,0.1558704453441296,0.14529914529914528,0.07444894286999551
"White Rock City, Greater Vancouver Regional district, British Columbia, Canada",0.1879972721072971,0.3580359172539213,0.16867469879518077,0.12161854967037963,0.10888838372357351,0.054785178449647635
"Springwater Township, Simcoe County, Ontario, Canada",0.05754564363300212,0.27178183498960024,0.21677836838456196,0.1546105847007165,0.19020106309221166,0.1090825051999076
"Owen Sound City, Grey County, Ontario, Canada",0.13744513744513748,0.2832062832062833,0.1561561561561562,0.17948717948717938,0.14876414876414867,0.0949410949410949
"Scugog Township, Durham Regional municipality, Ontario, Canada",0.10243902439024394,0.32055749128919847,0.1786295005807201,0.14936120789779314,0.16190476190476188,0.08710801393728232
"Uxbridge Township, Durham Regional municipality, Ontario, Canada",0.09461022438121681,0.29609067777006715,0.18482535276428402,0.1510525098311357,0.17696044413601666,0.09646079111727963
"Fort St. John City, Peace River Regional district, British Columbia, Canada",0.03241604477611941,0.14505597014925375,0.18423507462686572,0.2901119402985074,0.20149253731343275,0.14668843283582095
"Wilmot Township, Waterloo Regional municipality, Ontario, Canada",0.08804297057449789,0.25502101821578704,0.19546940681924335,0.1632414759458197,0.17585240541802905,0.1223727230266231
"Joliette Ville, Joliette CRM, Quebec, Canada",0.12258214868329056,0.29596830575623395,0.15800512701002106,0.17874621300396176,0.1526450710790026,0.0920531344674901
"Essex Town, Essex County, Ontario, Canada",0.08931532812129828,0.2985074626865673,0.18715944089078404,0.16204690831556512,0.16394219379293998,0.09902866619284537
"Huntsville Town, Muskoka District municipality, Ontario, Canada",0.10849056603773594,0.3221698113207547,0.17405660377358495,0.1660377358490566,0.14504716981132082,0.08419811320754723
"Varennes Ville, Marguerite-D'Youville CRM, Quebec, Canada",0.06206511257151389,0.2611295059451527,0.20733141466059715,0.1729669875187511,0.1776025059906099,0.11890447331337545
"Mont-Royal Ville, Montréal Territory, Quebec, Canada",0.09818875119161107,0.21043851286939944,0.22020972354623444,0.13346043851286943,0.21877979027645372,0.11892278360343171
"Beaumont City, Division No. 11, Alberta, Canada",0.024180033516878145,0.17237251615992347,0.21474742638257113,0.22360545846301177,0.20134067512568826,0.16375389035192717
"Baie-Comeau Ville, Manicouagan CRM, Quebec, Canada",0.1018831482375664,0.3124094640270402,0.1859005311443747,0.1581361661033318,0.14944471269917908,0.092225977788508
"Riverview Town, Albert County, New Brunswick, Canada",0.09817739975698661,0.2636695018226002,0.20947752126366964,0.16962332928311052,0.1662211421628189,0.09283110571081407
"Cobourg Town, Northumberland County, Ontario, Canada",0.1684544124817162,0.3256947830326671,0.1477328132618235,0.14724524622135546,0.13261823500731357,0.07825450999512437
