longname,Silent % [StatCan],Boomer % [StatCan],Gen X % [StatCan],Millennial % [StatCan],Gen Z % [StatCan],Gen Alpha % [StatCan]
"Toronto Population Center, ON, Canada",0.07087497938656695,0.2241951587189372,0.20213723260025585,0.2253393672587824,0.1805672594869118,0.09688600254854585
"Montréal Population Center, QC, Canada",0.08159880810000934,0.22746752426054062,0.20112887881192218,0.20917933895526938,0.17344374324934672,0.10718170662291193
"Vancouver Population Center, BC, Canada",0.07041368947713436,0.2296272983532284,0.20265696440292139,0.23795656749733565,0.1688184679321362,0.09052701233724401
"Calgary Population Center, AB, Canada",0.05292265362055565,0.20633655670205844,0.21142766214404016,0.2328443534920662,0.17856695767281233,0.11790181636846724
"Edmonton Population Center, AB, Canada",0.05845641277295252,0.20464576895701472,0.19612238072934376,0.23852276012751927,0.1807101433957955,0.12154253401737414
"Ottawa - Gatineau Population Center, QC-ON, Canada",0.07255884859320133,0.22877695748244053,0.19300535039072883,0.2149611525495192,0.1857936066993458,0.10490408428476443
"Winnipeg Population Center, MB, Canada",0.07276671573940496,0.22337860322452238,0.18861964314538757,0.21790916565052396,0.1880797121352545,0.10924616010490662
"Québec Population Center, QC, Canada",0.09941732243827783,0.2668238486480065,0.18347453232665578,0.19458896369350173,0.157220499264166,0.0984748336293921
"Hamilton Population Center, ON, Canada",0.08723192911085728,0.24105615599905042,0.1914143827239664,0.20443767715399472,0.17293184440260734,0.1029280106095237
"Kitchener Population Center, ON, Canada",0.06531614674634906,0.2096245014106473,0.19091816065895642,0.22998201511835775,0.1939550437122502,0.11020413235343914
"London Population Center, ON, Canada",0.07789691020123232,0.22879356417416857,0.17919330131753514,0.2206879679331333,0.18783213058226986,0.10559612579166092
"Victoria Population Center, BC, Canada",0.10365952531638353,0.2687574202614228,0.18509513491838755,0.20956254291793927,0.15127772610592732,0.08164765047993952
"Halifax Population Center, NS, Canada",0.06981299047648089,0.23256495006860955,0.1832812876818088,0.24164635428119924,0.17790695314896088,0.09478746434294055
"Oshawa Population Center, ON, Canada",0.06679886753020692,0.22403229099635685,0.20277216077263266,0.20152610286690928,0.18739357963840755,0.11747699819548678
"Windsor Population Center, ON, Canada",0.0795151734249255,0.2457095477836651,0.19183065684040032,0.18939611604637233,0.19068547153916102,0.10286303436547567
"Saskatoon Population Center, SK, Canada",0.06688939084331981,0.2032288439022044,0.1812745109543025,0.2351444279642326,0.19122255262147403,0.12224027371446677
"St. Catharines - Niagara Falls Population Center, ON, Canada",0.10064130191095566,0.2681553654259715,0.17908644637211096,0.1919697626798671,0.16625048998079953,0.0938966336302952
"Regina Population Center, SK, Canada",0.06682791456288596,0.21003150827404993,0.18755498329217088,0.22475340111759848,0.18608473585940538,0.12474745689388944
"St. John's Population Center, NL, Canada",0.07358820777052835,0.25151091091894745,0.20406821064351693,0.20699562432393426,0.17177627381983393,0.09206077252323906
"Kelowna Population Center, BC, Canada",0.10174909853846073,0.2589339365325879,0.17863036073363223,0.2066432616976175,0.16557672200333096,0.0884666204943707
"Barrie Population Center, ON, Canada",0.07219977247893929,0.22091993888628259,0.1970849444886238,0.21208802737494734,0.1906050550003059,0.1071022617709011
"Sherbrooke Population Center, QC, Canada",0.10002063150325391,0.24454541692903234,0.1672109018668837,0.20130758363118165,0.18793491128639866,0.09898055478324971
"Guelph Population Center, ON, Canada",0.07451827282627188,0.21464424966852205,0.1910574933434206,0.22394682319395826,0.1878538104724528,0.10797935049537447
"Kanata Population Center, ON, Canada",0.06463848955300862,0.21226255760687093,0.21920491163403913,0.18663063529354187,0.19599392596554818,0.12126947994699126
"Abbotsford Population Center, BC, Canada",0.08404719409907906,0.22349538721609286,0.18485622148671513,0.2096100387512482,0.18875835977939986,0.10923279866746478
"Trois-Rivières Population Center, QC, Canada",0.12451277618667085,0.29487447914613046,0.16133708467940464,0.17273578637262582,0.15689538210168308,0.0896444915134852
"Kingston Population Center, ON, Canada",0.09812186665931412,0.2414773742316644,0.17037396183031395,0.2159220713531454,0.18110858246973197,0.09299614345583015
"Milton Population Center, ON, Canada",0.03361733789209752,0.14028575750538647,0.24345450632006546,0.21182646688736928,0.2162383555934212,0.1545775758016601
"Moncton Population Center, NB, Canada",0.08275751926427456,0.23365614997503026,0.20036454806017007,0.20791526008218933,0.17608438707315877,0.09922213554517696
"White Rock Population Center, BC, Canada",0.12313359553846867,0.2789767207310274,0.19925842932450144,0.15093454598033687,0.15399853965665142,0.09369816876901405
"Nanaimo Population Center, BC, Canada",0.10461371531090709,0.27905280978978275,0.17647493333960534,0.1932886102646884,0.15616491916301806,0.09040501213199838
"Brantford Population Center, ON, Canada",0.07904154461734939,0.2441954591235447,0.18516685092179955,0.20335907441408865,0.17615564866989236,0.11208142225332529
"Chicoutimi - Jonquière Population Center, QC, Canada",0.11614232984932285,0.29784562774434586,0.16528976275190502,0.17262609894617573,0.15436881447380862,0.09372736623444208
"Saint-Jérôme Population Center, QC, Canada",0.09005434808016025,0.2587052449954007,0.1841015521291102,0.19211315743367502,0.1603370664296717,0.11468863093198212
"Red Deer Population Center, AB, Canada",0.058567137763584576,0.22222586422315926,0.19777021667864692,0.2168169488533627,0.18777638018168905,0.11684345229955749
"Thunder Bay Population Center, ON, Canada",0.09989258736662432,0.27203513864116274,0.16882173014244964,0.20379737001554576,0.16528337474222748,0.09016979909199004
"Lethbridge Population Center, AB, Canada",0.08015266666365005,0.22398487136646542,0.17221790368400372,0.21575957741297194,0.1975000248740419,0.110384955998867
"Kamloops Population Center, BC, Canada",0.09171780188132722,0.24972026853014936,0.17883468052499762,0.212754005289,0.17189212098002613,0.09508112279449966
"Sudbury Population Center, ON, Canada",0.09932099786417657,0.25407159342552443,0.17511623134857962,0.200413924954222,0.1755510722942826,0.09552618011321469
"Saint-Jean-sur-Richelieu Population Center, QC, Canada",0.09723100474964447,0.2657336115078664,0.18781514893181767,0.18336815870747075,0.15996070757528474,0.10589136852791597
"Peterborough Population Center, ON, Canada",0.11533230453578325,0.26093945824926057,0.16132370195792822,0.1982185662539131,0.17088629624640866,0.09329967275670605
"Chilliwack Population Center, BC, Canada",0.1003953038139599,0.25075684887105526,0.1775009950031648,0.18943235811195186,0.169339745590742,0.11257474860912614
"Châteauguay Population Center, QC, Canada",0.08434678800785196,0.2478533704161652,0.19765570745290872,0.17297852018248422,0.17625024356338284,0.12091537037720705
"Belleville Population Center, ON, Canada",0.10997216459222584,0.2782066250614855,0.16592777052486107,0.19165006539006146,0.15652799399037115,0.09771538044099494
"Sarnia Population Center, ON, Canada",0.10417583125489982,0.29074936755517883,0.16803131985829578,0.1853404689071634,0.15648558187110204,0.09521743055336021
"Airdrie Population Center, AB, Canada",0.02731259792374123,0.1612992703786054,0.2188610766488099,0.2390559545347371,0.19241533108416312,0.16105576942994326
"Drummondville Population Center, QC, Canada",0.10677162866703757,0.28244767729781894,0.17997344367731086,0.17011642288175655,0.16109654115301159,0.09959428632306451
"Welland - Pelham Population Center, ON, Canada",0.10204966127067423,0.2825560884049291,0.1770114801628734,0.17897359451994668,0.160305061412858,0.09910411422871875
"Fort McMurray Population Center, AB, Canada",0.007834930837887213,0.13620053604729923,0.23138494388372627,0.28739486204220127,0.1735548533583833,0.16362987383050265
"Prince George Population Center, BC, Canada",0.06401695345548596,0.22945581190320108,0.18359416810508952,0.22484331008776376,0.1907826091255945,0.10730714732286506
"Sault Ste. Marie Population Center, ON, Canada",0.11695056241144243,0.29116940121890456,0.16864512791572867,0.17753390316599743,0.154084281217347,0.09161672407057991
"Fredericton Population Center, NB, Canada",0.08795503675570987,0.22996163420632776,0.18271201142519616,0.21311179240059624,0.19091755940383137,0.09534196580833862
"Medicine Hat Population Center, AB, Canada",0.08969800779679594,0.2597426127291953,0.1826529240803024,0.18534707580235357,0.17576791759417987,0.10679146199717279
"Grande Prairie Population Center, AB, Canada",0.034299825136488805,0.15848180582662322,0.19375065777387898,0.2720067616938728,0.19359865679817667,0.14786229277095964
"Granby Population Center, QC, Canada",0.11965083451762742,0.3067138367486156,0.16920383184560256,0.15956589425107104,0.14780540863903,0.09706019399805339
"Saint John Population Center, NB, Canada",0.08526984322120838,0.2791397306426642,0.1805385781424059,0.19725035055419893,0.16399020551117371,0.09381129192834889
"Bowmanville - Newcastle Population Center, ON, Canada",0.06795260922562542,0.20844144204768345,0.1933315823645116,0.2182587587752873,0.1764532481114334,0.13556235947545897
"Beloeil Population Center, QC, Canada",0.08689513586220357,0.25739191049108445,0.204045379795377,0.16832625251568853,0.16654131160725713,0.11680000972838937
"Charlottetown Population Center, PE, Canada",0.08767874434976078,0.2370851103228375,0.1805709704112701,0.19753152461650872,0.20700202772921933,0.09013162257040351
"Vernon Population Center, BC, Canada",0.13346599927148703,0.28873548584682124,0.17476856459838847,0.1648446874388242,0.14856683105837484,0.08961843178610437
"North Bay Population Center, ON, Canada",0.10263395346683579,0.26795759471602976,0.17101470514221237,0.19527706246194249,0.17018464392038957,0.09293204029259002
"Saint-Hyacinthe Population Center, QC, Canada",0.1317448383815552,0.276127559661263,0.17397174464860393,0.16795744619007136,0.15753064147025406,0.09266776964825241
"Brandon Population Center, MB, Canada",0.07437619176377644,0.19773898348746666,0.1828007067704157,0.22236857405261504,0.1991156984802357,0.12359984544549044
"Joliette Population Center, QC, Canada",0.14393038558274954,0.29701529085121764,0.16034059145201124,0.16392157869213012,0.14322018097495826,0.09157197244693338
"Courtenay Population Center, BC, Canada",0.1340076627069283,0.31789367285285874,0.16700872974705994,0.15718483517967916,0.13895728291701975,0.084947816596454
"Cornwall Population Center, ON, Canada",0.11773514589736696,0.28828047373965987,0.15999852867369865,0.17724743031786527,0.1547370268702092,0.10200139450120016
"Victoriaville Population Center, QC, Canada",0.1333836449766389,0.2863302391090093,0.1666884249009849,0.15807609253821087,0.1547828430675597,0.10073875540759632
"Woodstock Population Center, ON, Canada",0.08934376415356239,0.240382704172589,0.17974088477292394,0.20819227173449967,0.16282621056129126,0.11951416460513367
"St. Thomas Population Center, ON, Canada",0.09076717476450971,0.26381396982855954,0.1924246093560435,0.1766587536478635,0.16998728732206034,0.10634820508096346
"Chatham Population Center, ON, Canada",0.10441602139290185,0.2802878404576535,0.17316724266736847,0.17347880679147057,0.16955086542019263,0.09909922327041296
"Georgetown Population Center, ON, Canada",0.06765887119902944,0.2216529250385287,0.23259694974392614,0.1645233401583532,0.20636025763321408,0.10720765622694846
"Salaberry-de-Valleyfield Population Center, QC, Canada",0.1082357672649651,0.30424137754364067,0.16757276730284165,0.18586080042966593,0.13511717717664914,0.09897211028223737
"Spruce Grove Population Center, AB, Canada",0.0467171348901074,0.18965603880449247,0.19982748283626633,0.23201448877999772,0.19103923272936624,0.14074562195976983
"Shawinigan Population Center, QC, Canada",0.1473570133912979,0.35554480235206554,0.15014829525775944,0.1469601790243905,0.11865575854310491,0.08133395143138164
"Rimouski Population Center, QC, Canada",0.11604265237742561,0.3113886580775652,0.162510613729944,0.17116298241223799,0.15385996594328766,0.08503512745953937
"Bradford Population Center, ON, Canada",0.045332562342375794,0.1896726610319535,0.21066480517641642,0.22393035928854313,0.1803371176812129,0.15006249447949827
"Campbell River Population Center, BC, Canada",0.101340519129778,0.3187299428477939,0.17530544853324362,0.16689056338725747,0.14540842510834032,0.09232510099358673
"Penticton Population Center, BC, Canada",0.15463994739600093,0.3195603507513165,0.1644448416698035,0.16026302583795338,0.12669487596347248,0.07439695838145337
"Prince Albert Population Center, SK, Canada",0.07193002880241191,0.19870358548665037,0.1632559763386545,0.21214618190368342,0.21233793111276128,0.1416262963558385
"Stouffville Population Center, ON, Canada",0.059765743875652755,0.18663307130113774,0.23272458396353235,0.19268984056633057,0.18285498711064352,0.14533177318270316
"Sorel Population Center, QC, Canada",0.1353884133425043,0.3425144289890198,0.1672470098622929,0.1474555243048429,0.12699884854597637,0.08039577495536368
"Mission Population Center, BC, Canada",0.05763299853540871,0.23395490753527184,0.19978935212972665,0.20244154153379745,0.1788156847477848,0.12736551551801065
"Leamington Population Center, ON, Canada",0.1089905479224052,0.26196644719016754,0.17342928307151695,0.17850982628842457,0.17118502741899838,0.1059188681084872
"Orangeville Population Center, ON, Canada",0.07099584902668894,0.21511390278360845,0.20554999781831462,0.20285211054814747,0.18204579071809118,0.1234423491051495
"Leduc Population Center, AB, Canada",0.05755700621872106,0.18712573346480604,0.19756137291137615,0.22908221112721144,0.18486134656255027,0.14381232971533506
"Orillia Population Center, ON, Canada",0.127452448704508,0.2842593979332036,0.15860416354650286,0.1918526284259398,0.146472966901303,0.09135839448854274
"Stratford Population Center, ON, Canada",0.10557364372608613,0.2880543192323864,0.17571722466758524,0.18462768899284895,0.15210339997399003,0.09392372340710327
"Moose Jaw Population Center, SK, Canada",0.09561833644901292,0.2570996435716481,0.17459073034827352,0.1865277570243896,0.1757919757923779,0.11037155681429797
"Cochrane Population Center, AB, Canada",0.0671363782828953,0.21825077220763067,0.2021279917675875,0.20730582034115577,0.1630628360583956,0.14211620134233505
"Lloydminster Population Center, SK-AB, Canada",0.04503081055459001,0.17301311423605617,0.19766155790804232,0.23194817506715126,0.20587770579870432,0.1464686364354558
"Cape Breton - Sydney Population Center, NS, Canada",0.11091670983683127,0.28816886501062133,0.16692564853514352,0.18599644749314728,0.16413765554580112,0.08385467357845547
"Okotoks Population Center, AB, Canada",0.056355166926335624,0.20986465905393178,0.2236493497496127,0.16276339740033496,0.21995184733032574,0.1274155795394592
"Innisfil Population Center, ON, Canada",0.06375387608520176,0.2398204663035506,0.20064239891153557,0.20255654578911633,0.1689029385314409,0.12432377437915475
"Timmins Population Center, ON, Canada",0.08302955986786315,0.2553843748910715,0.18368865006026452,0.1976376728167902,0.17911335718695515,0.10114638517705564
"Saint-Georges Population Center, QC, Canada",0.10643915480082781,0.28835772759454753,0.18470705259463222,0.16119331052339156,0.15990049881249455,0.09940225567410636
"Parksville Population Center, BC, Canada",0.23162611889975754,0.413740059924453,0.12082168496832892,0.09275204285938904,0.08779194140744148,0.053268151940630074
"Keswick - Elmhurst Beach Population Center, ON, Canada",0.05658029903900233,0.24198620697949255,0.20574896669996276,0.20893511351310634,0.17226816950318818,0.11448124426524768
"Fort Saskatchewan Population Center, AB, Canada",0.05393611048574703,0.1854371815803373,0.1870618139676548,0.2538949188451982,0.17772942566518088,0.14194054945588166
"Bolton Population Center, ON, Canada",0.060869304876624133,0.21103311919964912,0.23834763859055688,0.17411164264584947,0.21517999029031032,0.1004583043970101
"Midland Population Center, ON, Canada",0.1305302752850676,0.32409983188520947,0.15709436259134318,0.1693247378217863,0.13465837987454263,0.08429241254205083
"Val-d'Or Population Center, QC, Canada",0.08856368826200783,0.2839575705483879,0.17298510923099533,0.18669969119093158,0.15965665776881663,0.10813728299886081
"Quispamsis - Rothesay Population Center, NB, Canada",0.08395897170864021,0.2564066658421843,0.21518543254314776,0.14960238861312541,0.191243495499677,0.10360304579322528
"Whitehorse Population Center, YT, Canada",0.047480479461016245,0.21031412486914725,0.19923532918270073,0.25415552743883574,0.17391597353716814,0.11489856551113194
"Duncan Population Center, BC, Canada",0.12205307407787508,0.2919503549323734,0.16756462579805503,0.1633098733324736,0.15626009107227398,0.0988619807869489
"Hudson Population Center, QC, Canada",0.05823878213621956,0.25895760237283755,0.22241989775949111,0.14587966369086994,0.19981209711850323,0.1146919569220785
"Tsawwassen Population Center, BC, Canada",0.1324752799504095,0.3033990826610265,0.18675232394755975,0.1303170995529593,0.16078974895257944,0.08626646493546566
"Truro Population Center, NS, Canada",0.11616810825449064,0.2798410992146037,0.17323923661769788,0.18177992477291105,0.159862153688128,0.0891094774521687
"Alliston Population Center, ON, Canada",0.10156716700828838,0.2260254728571491,0.18217488428960088,0.20110342582408697,0.16274434157934306,0.1263847084415316
"Fergus Population Center, ON, Canada",0.09423117656439386,0.26534666219614905,0.18208958344510934,0.18082402758283672,0.16344109493569173,0.11406745527581928
"Rouyn-Noranda Population Center, QC, Canada",0.11112632527776739,0.2714749198083672,0.16028637252144345,0.1981477835102758,0.16212544895263958,0.09683914992950655
"Ladner Population Center, BC, Canada",0.09786296058905374,0.2842011245381733,0.19386120968624454,0.15981386235611073,0.1616264636453171,0.10263437918510068
"Collingwood Population Center, ON, Canada",0.13543204718833668,0.30897100748856104,0.16627159716721127,0.16351669421642484,0.13896036766807893,0.08684828627138719
"Lindsay Population Center, ON, Canada",0.1500602572469684,0.29515100528727894,0.1488895852739972,0.17021406516285245,0.14317093235978,0.09251415466912292
"Owen Sound Population Center, ON, Canada",0.13487437271218294,0.28477489854450944,0.15845095255008038,0.1769721275025083,0.14998759132370856,0.09494005736701029
"Brockville Population Center, ON, Canada",0.14938198143007755,0.31403238711529247,0.1625829253003672,0.15521439709712342,0.14444597044006638,0.0743423386170729
"Magog Population Center, QC, Canada",0.16237566155603367,0.3338000290240073,0.15787849416199234,0.13696685561248814,0.12770003936473479,0.08127892028074384
"Squamish Population Center, BC, Canada",0.04820357021584971,0.16521719469173496,0.2382180566498056,0.2766993547018378,0.14776664865851494,0.12389517508225707
"Wasaga Beach Population Center, ON, Canada",0.13676150134335563,0.37072801119207527,0.15658693894303263,0.13840752855987073,0.12324133609534486,0.07427468386632079
"Port Alberni Population Center, BC, Canada",0.11326961399720022,0.3142065308925132,0.17335382989013595,0.16392638695772674,0.145638020673333,0.08960561758909077
"Chestermere Population Center, AB, Canada",0.028836878615400543,0.19094797596097682,0.23953786688805515,0.18578568109112284,0.2165323468093031,0.13835925063514154
"Sept-Îles Population Center, QC, Canada",0.09153261907039559,0.26618625620139497,0.1911480476786748,0.1742609954729042,0.1724746668013963,0.10439741477523418
"Fort St. John Population Center, BC, Canada",0.03263214496584777,0.14597073503483246,0.18450794082438515,0.28900781203917386,0.20156895240219627,0.1463124147335643
"Beaumont Population Center, AB, Canada",0.024108391835342007,0.1715947171053361,0.21506308678055075,0.22378709190058815,0.20151861463562654,0.16392809774255654
"Varennes Population Center, QC, Canada",0.06280646666322104,0.259937183612599,0.206772114917657,0.17397783089962213,0.17720228427661083,0.11930411963029011
"Alma Population Center, QC, Canada",0.12557201911734364,0.3162696242963225,0.1641635003726621,0.14973203953067227,0.15770620909108246,0.08655660759191691
"Cranbrook Population Center, BC, Canada",0.10261847754278651,0.27436839606602004,0.17730161924254134,0.18470282387945178,0.16791036586755348,0.0930983174016468
"Cobourg Population Center, ON, Canada",0.16957183693133182,0.3256641394964004,0.14676432289556843,0.1474361329214785,0.13216278550964286,0.07840078224557813
"Yellowknife Population Center, NT, Canada",0.0200703279108784,0.17966018608252263,0.21672047342289183,0.25724616771890235,0.1905825092346788,0.135720335630126
"Les Coteaux Population Center, QC, Canada",0.07149851357158378,0.2514744719293994,0.2146685430693225,0.1701290618426554,0.17494998331356582,0.11727942627347304
"New Glasgow Population Center, NS, Canada",0.10296177846366912,0.3053243004836939,0.1866581575074767,0.15414805450062682,0.16461163326443848,0.08629607578009485
"Corner Brook Population Center, NL, Canada",0.11652012959096512,0.31227429056835626,0.18091946728000718,0.1622176006933558,0.1541807246830337,0.07388778718428184
"Rivière-du-Loup Population Center, QC, Canada",0.12821207244261731,0.29253482081359994,0.16784769488868276,0.16610732212137558,0.15836716127885808,0.0869309284548663
"Tillsonburg Population Center, ON, Canada",0.1425270277608639,0.29252951187696336,0.16409031090734938,0.16142248575677157,0.14630635044061288,0.09312431325743883
"Camrose Population Center, AB, Canada",0.12359387002082856,0.24801705453864126,0.16725937722573989,0.1840338873823922,0.16856819223319083,0.10852761859920734
"Steinbach Population Center, MB, Canada",0.08538834272478173,0.18633364075541983,0.16908411619746333,0.20960059184927282,0.20560404686513722,0.14398926160792508
"Buckingham Population Center, QC, Canada",0.07561420642852236,0.2693295850840616,0.17428435629890643,0.20414384724766294,0.1558973305694478,0.12073067437139902
"Stony Plain Population Center, AB, Canada",0.09079107913440417,0.2395033121589106,0.17913208172172912,0.19091716171094716,0.1789709563821966,0.12068540889181238
"Valley East Population Center, ON, Canada",0.06505658465101641,0.25431069401438583,0.2034674460849706,0.18266786088343573,0.18705913413261402,0.10743828023357756
"Thetford Mines Population Center, QC, Canada",0.19519912599296363,0.3129593717056364,0.1505079397860288,0.1359948222744679,0.12656513125756327,0.0787736089833401
"Glace Bay Population Center, NS, Canada",0.10889725992374774,0.3273450016200074,0.175562805899934,0.15134428105622694,0.15737632254228323,0.07947432895780074
"Pembroke Population Center, ON, Canada",0.13194325928071082,0.2797628145472157,0.15313440567235803,0.1890248047239689,0.1502733730819851,0.09586134269376137
"L'Assomption Population Center, QC, Canada",0.07746041520299557,0.2558663450527612,0.19178421945027657,0.17976110741941817,0.1706973319270709,0.12443058094747758
"Swift Current Population Center, SK, Canada",0.1115848477877343,0.24181608987097047,0.16744612710720408,0.20088190202682435,0.1697102794664882,0.10856075374077867
"Sylvan Lake Population Center, AB, Canada",0.03518761019068762,0.19773790741984232,0.2011038098403675,0.22814830596859023,0.20173145133289394,0.13609091524761857
"Simcoe Population Center, ON, Canada",0.13416375687587603,0.3128031730796075,0.15338569140259178,0.16633342581975108,0.138969388559241,0.09434456426293265
"Salmon Arm Population Center, BC, Canada",0.1576141109151998,0.3001888636786269,0.1631382283429564,0.14202752807610752,0.149749538325838,0.08728173066127136
"Strathroy Population Center, ON, Canada",0.1068334278221911,0.25768435555359204,0.17642737524473534,0.1839730010715051,0.16694435687746434,0.10813748343051219
"Bathurst Population Center, NB, Canada",0.13931514819299937,0.34060693169914685,0.1772044372937983,0.13940463958913968,0.13537612242258412,0.0680927208023317
"Yorkton Population Center, SK, Canada",0.11069962166737858,0.22537108016077484,0.1803143372563761,0.18587260657789423,0.1829425036364385,0.11479985070113771
"Laurentides Population Center, QC, Canada",0.04346536528945395,0.18469048281059178,0.16455077888376213,0.26195554731232124,0.162514925538273,0.18282290016559785
"Port Colborne Population Center, ON, Canada",0.13602325619624142,0.3034951019339768,0.1702289657185379,0.16203752475368619,0.14250735703545864,0.08570779436209916
"Fort Erie Population Center, ON, Canada",0.11240700300234215,0.31441813576988653,0.17385999507024846,0.16088664731095478,0.14863483306373426,0.0897933857828337
"Winkler Population Center, MB, Canada",0.06838386822097513,0.18054130771095545,0.1586330636978129,0.20850437188995283,0.22311013806132096,0.1608272504189827
"Amherstburg Population Center, ON, Canada",0.08614320038838233,0.27945214542967234,0.19062097904788775,0.17031306878758568,0.1681282006410335,0.10534240570543835
"Paris Population Center, ON, Canada",0.09285066651578902,0.24881383693359058,0.19166706137519704,0.18621148527205536,0.16807590743513498,0.11238104246823313
"Summerside Population Center, PE, Canada",0.11013783718033981,0.2864622207524626,0.17667980289743243,0.16014388307308858,0.17542488364358158,0.09115137245309504
"Kentville Population Center, NS, Canada",0.10474952089572921,0.2793164248872426,0.18766085814147732,0.17333086886851248,0.1654139736976612,0.08952835350937725
"Brooks Population Center, AB, Canada",0.049160465538198805,0.15943833331289778,0.2195474421397151,0.20923021355628643,0.2155415342776742,0.14708201117522762
"Terrace Population Center, BC, Canada",0.059578235611683954,0.2334382442763953,0.18284688632543647,0.22218183699076718,0.1790350087185758,0.1229197880771413
"Angus - Borden CFB-BFC Population Center, ON, Canada",0.029161839984031268,0.17278935844374532,0.19526466505671516,0.2670633822910929,0.17446710281693215,0.1612536514074833
"Petawawa Population Center, ON, Canada",0.03062692339043229,0.13170104082103154,0.15801684998945142,0.32669571839055195,0.18672469772380398,0.1662347696847288
"New Hamburg Population Center, ON, Canada",0.08229999422474932,0.22359988800285222,0.20280723761889152,0.18070211031266423,0.17491259728634892,0.13567817255449388
"High River Population Center, AB, Canada",0.11013952148833951,0.2681333837528315,0.1860534783675535,0.155584280658718,0.17743631409482022,0.1026530216377373
"Carleton Place Population Center, ON, Canada",0.0825114544644267,0.25787910962678473,0.1826196071255492,0.2038740812810805,0.15664245507133304,0.11647329243082596
"Strathmore Population Center, AB, Canada",0.07263584310822838,0.22426887914111787,0.20407249496655264,0.18540935911362855,0.19061628203387995,0.1229971416365926
"North Battleford Population Center, SK, Canada",0.08906807540206045,0.2157885895548163,0.16858317139658047,0.19714033316679824,0.19600740880899675,0.13341242167074782
"Rockland Population Center, ON, Canada",0.08507567821453987,0.2778356329525368,0.1842065598561465,0.18191196911526225,0.1573406186342969,0.11362954122721758
"Ingersoll Population Center, ON, Canada",0.0718998875976727,0.24783477265647558,0.1875661946136378,0.19714600822293635,0.17991169581400504,0.11564144109527251
"Port-Alfred-Bagotville Population Center, QC, Canada",0.11387391897745769,0.32566303122568085,0.15257520504032898,0.17338503500655084,0.13859313145419233,0.0959096782957893
"Cowansville Population Center, QC, Canada",0.13676188231189135,0.3027771729003683,0.15919250064621285,0.15837679309220073,0.14164571690689307,0.10124593414243356
"Beamsville Population Center, ON, Canada",0.06646020545170123,0.2202276941458811,0.20420851987680025,0.20396754718043175,0.17398385070430736,0.1311521826408784
"Canmore Population Center, AB, Canada",0.054938246280977814,0.2585193304248761,0.21173398395157308,0.2427210664937739,0.14526890888298624,0.08681846396581287
"Edmundston Population Center, NB, Canada",0.1507136249750098,0.3510221804883734,0.16803949483638417,0.13790437032021466,0.13012532291170442,0.06219500646831355
"Powell River Population Center, BC, Canada",0.13968859011885787,0.3444427032988057,0.1635827025535961,0.14072955691990485,0.12965143432384618,0.08190501278498923
"Aldergrove Population Center, BC, Canada",0.048807722510447814,0.22751010543361774,0.1990955981130937,0.20978230387095315,0.18395553162417191,0.13084873844771555
"Port Hope Population Center, ON, Canada",0.1320160497857542,0.32212314714459006,0.1591353826090082,0.17227104292365134,0.1342410190867105,0.08021335845028582
"Portage la Prairie Population Center, MB, Canada",0.0950470272150449,0.2408980146405291,0.16277612706290626,0.19432232455857998,0.1820343937150158,0.12492211280792397
"Trail - Fruitvale Population Center, BC, Canada",0.11012390834075032,0.3163051978651874,0.16297026216014876,0.1778466117994682,0.1445809122646256,0.08817310756981954
"Lacombe Population Center, AB, Canada",0.08258448758563837,0.23125277153924814,0.17793185902072428,0.1879396938522318,0.19616720579590036,0.12412398220625707
"Duck Lake Population Center, BC, Canada",0.07513256320732416,0.3051781578692386,0.18866492416045338,0.18695163480090157,0.14689564141896064,0.09717707854312164
"Wetaskiwin Population Center, AB, Canada",0.10990936607953117,0.24050243998416101,0.17939132108459124,0.1719924902979205,0.18059594474425264,0.11760843780954346
"Warman Population Center, SK, Canada",0.050869308094129574,0.15617164619583687,0.20330961477252932,0.22503527358961742,0.18911803978515065,0.17549611756273611
"Sydney Mines Population Center, NS, Canada",0.11931591963576224,0.3257870661090964,0.17645605567853057,0.1439180464362165,0.15029264708733475,0.08423026505305965
"Thompson Population Center, MB, Canada",0.02265372168284791,0.15938511326860844,0.18851132686084135,0.23422330097087382,0.22775080906148867,0.16747572815533981
"Caledonia Population Center, ON, Canada",0.05174205143423144,0.22148512702297596,0.193226400891288,0.2066856202372237,0.19122379998564115,0.13563700042863966
"Sainte-Agathe-des-Monts - Val-David Population Center, QC, Canada",0.12815551439860629,0.36693650346597645,0.16698363164649155,0.13594270514723641,0.12034262293812213,0.08163902240356705
"Quesnel Population Center, BC, Canada",0.09075712920280257,0.2893193412016042,0.17876706367747355,0.17560870131079287,0.17152430446592848,0.0940234601413983
"Grand Falls-Windsor Population Center, NL, Canada",0.11100920606624055,0.3082097635445218,0.19822627549141816,0.14440069080252707,0.1542545995728049,0.08389946452248748
"Williams Lake Population Center, BC, Canada",0.08553018886146777,0.24268588216178183,0.18365861937821942,0.19958953005124655,0.17961869893679333,0.10891708061049113
"Prince Rupert Population Center, BC, Canada",0.06291961655074703,0.24193265896291222,0.1911953014622603,0.2132556990008991,0.17972918799210677,0.11096753603107451
"Uxbridge Population Center, ON, Canada",0.10621715035057248,0.2782238614103918,0.18117649714530457,0.15311326311198056,0.1790217095304814,0.1022475184512692
"Saint-Augustin Population Center, QC, Canada",0.02876144026853164,0.1827692862694093,0.21197112711964583,0.23668133435021657,0.18559347432881287,0.1542233376633837
"Hawkesbury Population Center, QC-ON, Canada",0.1394955204872739,0.3439152444597257,0.16415135030503508,0.14714917581124629,0.13100939491438032,0.07427931402233866
"Dawson Creek Population Center, BC, Canada",0.05507245694872433,0.19659369077712166,0.17889969594634825,0.24819386202255678,0.18947342221207736,0.13176687209317167
"Chatham - Douglastown Population Center, NB, Canada",0.12799791175846081,0.3129526566089284,0.1832977839456868,0.1491398686165284,0.14572456373445097,0.08088721533594473
"Sooke Population Center, BC, Canada",0.06459048696722573,0.2947473760077679,0.20855756193587172,0.18232539351680016,0.14454459791123528,0.10523458366109914
"Arnprior Population Center, ON, Canada",0.11609301933350348,0.30584011717964227,0.16053205635430773,0.1756236204504629,0.14035896258321146,0.10155222409887214
"Sainte-Anne-des-Plaines Population Center, QC, Canada",0.05494881283475051,0.2374859469048173,0.19143277125919464,0.20173278668127922,0.180209665847384,0.13419001647257436
"Lavaltrie Population Center, QC, Canada",0.06489025298859381,0.2517018412151894,0.19270183348600184,0.19473289274837738,0.16971959457470412,0.12625358498713346
"Lachute Population Center, QC, Canada",0.14513855631971212,0.3127240432322258,0.15412798384004617,0.16094454009344666,0.13670186207895857,0.09036301443561058
"Saint-Amable Population Center, QC, Canada",0.027061067674844532,0.18228769817774235,0.21582274821822356,0.24267668615659901,0.17547387122163727,0.15667792855095314
"Nelson Population Center, BC, Canada",0.08686973390172016,0.23775641977497572,0.21061444825539574,0.22886462588378537,0.15002379210590167,0.08587098007822143
"Ladysmith Population Center, BC, Canada",0.13384860185340655,0.36163224142028644,0.16286063739162057,0.14247575376420366,0.12125781286485512,0.07792495270562771
"Hauterive Population Center, QC, Canada",0.10330172674034935,0.31465715403962524,0.18814154697903843,0.15178406510204134,0.15223078318875338,0.08988472395019213
"Elliot Lake Population Center, ON, Canada",0.17072582837223768,0.4150798081476224,0.12799841995569203,0.11960683400879887,0.1003751967449405,0.06621391277070847
"Kenora Population Center, ON, Canada",0.09743205039752989,0.2869666714744992,0.16649848780085544,0.1990413496203261,0.15631893378058798,0.09374250692620131
"Weyburn Population Center, SK, Canada",0.11548775126029602,0.21537757588250797,0.1744132164679782,0.19288140721118432,0.18117228862195664,0.12066776055607677
"Dolbeau Population Center, QC, Canada",0.13062675567694002,0.3240329442355466,0.16557392137358243,0.1325830669061715,0.1570509418043922,0.09013237000336728
"Binbrook Population Center, ON, Canada",0.031757693290197966,0.13455496392045974,0.22380562591804481,0.23293704924307862,0.18433693092310088,0.19260773670511805
"Elmira Population Center, ON, Canada",0.08186719891304625,0.23072421219458306,0.18805953218491567,0.19452742088117395,0.17657622673711715,0.12824540908916401
"Sainte-Marie Population Center, QC, Canada",0.10706580229944264,0.2622603489371439,0.18335941995589436,0.17030717729164102,0.16359613867098843,0.11341111284488972
"Estevan Population Center, SK, Canada",0.07298620823610168,0.2209019301030855,0.18777607476731473,0.21812128253511803,0.17767194691455615,0.12254255744382378
"Martensville Population Center, SK, Canada",0.017209046269881102,0.14937701906758144,0.2051706182452556,0.24483702042560468,0.2161340286536983,0.16727226733797876
"Morinville Population Center, AB, Canada",0.04932301740812379,0.20019342359767897,0.18520309477756286,0.22727272727272732,0.18520309477756283,0.15280464216634432
"Matane Population Center, QC, Canada",0.1379701433930478,0.34338920008244017,0.1663318206898525,0.13707169100095293,0.14571726084148034,0.06951988399222622
"Wallaceburg Population Center, ON, Canada",0.09898599710284892,0.31337518107194595,0.1598261709319169,0.16127474649927567,0.15982617093191692,0.10671173346209556
"Blackfalds Population Center, AB, Canada",0.014365799128984662,0.1305594413615937,0.178461461149253,0.30352202419025787,0.18534612016909027,0.18774515400082037
"Castlegar Population Center, BC, Canada",0.10349311397468473,0.27933073072882275,0.18262617808511303,0.18608870017225856,0.14924199922488626,0.09921927781423479
"Marieville Population Center, QC, Canada",0.06575607512822863,0.2325865690079322,0.18897895768766146,0.2143663998831862,0.1631941203715102,0.13511787792148125
"Whistler Population Center, BC, Canada",0.020650455048831465,0.1747049430080324,0.20391150592853893,0.3702097100484099,0.16906583233337436,0.0614575536328127
"Gander Population Center, NL, Canada",0.10488222006356175,0.26468315264084036,0.20605539233243889,0.16898153312308584,0.16677749051141813,0.0886202113286551
"Bracebridge Population Center, ON, Canada",0.15907923898672513,0.3051436771870645,0.1532143165527982,0.16322627643745277,0.13643901372196365,0.08289747711399578
"Summerland Population Center, BC, Canada",0.13743965967956862,0.3572117308765138,0.16360875505468497,0.13100989415933542,0.12574320663116179,0.08498675359873552
"Selkirk Population Center, MB, Canada",0.11471452968285839,0.2618917982148319,0.16054438363542417,0.18764173032226222,0.1687954660360581,0.10641209210856539
"Port Elgin Population Center, ON, Canada",0.08269081783189405,0.27254681377916673,0.16543394701074263,0.21617556447479616,0.14068920243796135,0.122463654465439
"Tottenham Population Center, ON, Canada",0.03533341434733789,0.189274546883288,0.1933379700557209,0.26756230211608534,0.15864666577433356,0.1558451008232343
"Gibsons Population Center, BC, Canada",0.1329225833538786,0.35699052553929783,0.17370787718546496,0.1440612027503058,0.12041464029872403,0.07190317087232884
"Port Perry Population Center, ON, Canada",0.14911692630325704,0.2986706853141853,0.16672619063094546,0.14096838848235627,0.16089567347994999,0.08362213578930608
"Amherst Population Center, NS, Canada",0.11325172259675605,0.30594845866441706,0.1826790869652418,0.14809752579530355,0.16453665426599884,0.08548655171228271
"Listowel Population Center, ON, Canada",0.09555815148977222,0.23869529016419305,0.1592372269126869,0.2171828566967174,0.15985679930045157,0.12946967543617885
"Crystal Beach Population Center, ON, Canada",0.09545855723944546,0.39027428694807825,0.17454050496791262,0.13082021572177502,0.13233767712158653,0.07656875800120212
"Smiths Falls Population Center, ON, Canada",0.10898330873847613,0.30128976020299003,0.1541533409955313,0.18789701428770475,0.14481284326676988,0.10286373250852787
"Sechelt Population Center, BC, Canada",0.1682932939051052,0.35206641439196146,0.16150906785435926,0.12843554123263506,0.11126793725392227,0.07842774536201683
"Acton Population Center, ON, Canada",0.059514940012848926,0.23617651988729607,0.22066234862907483,0.18851220427963578,0.1893297990489283,0.10580418814221601
"Kincardine Population Center, ON, Canada",0.10000282955345102,0.31034389360647835,0.15712950344237683,0.18266725888903698,0.13911630810392986,0.11074020640472702
"Amos Population Center, QC, Canada",0.09298349755246126,0.2895358273207766,0.17930230425575805,0.1665700889589112,0.17783919017304012,0.09376909173905283
"Whitecourt Population Center, AB, Canada",0.03244873933473764,0.18405995173827508,0.20093914034181531,0.23320436758274127,0.20968315247279518,0.13966464852963542
"Hinton Population Center, AB, Canada",0.050324675324675334,0.2191558441558442,0.1985930735930736,0.22997835497835498,0.17207792207792205,0.12987012987012986
"Morden Population Center, MB, Canada",0.0977743092090517,0.20260977407627997,0.17497058361426412,0.2083860893429488,0.1783673902943823,0.1378918534630731
"Baie-Comeau Population Center, QC, Canada",0.09719392025466636,0.3102655766333116,0.1836650315014006,0.16682069614205258,0.147341158427502,0.09471361704106683
"Labrador City Population Center, NL, Canada",0.029137092827787647,0.19031167662785056,0.2511998086454932,0.22736498365328367,0.18165626368580257,0.12033017455978244
"Shelburne Population Center, ON, Canada",0.06737193763919819,0.19209354120267264,0.193207126948775,0.21436525612472157,0.1915367483296214,0.14142538975501115
"Olds Population Center, AB, Canada",0.12213885623400879,0.2461448032639513,0.17099223774289468,0.18369882788188915,0.1700586923449278,0.10696658253232832
"Taber Population Center, AB, Canada",0.07324895627824426,0.20565203433765156,0.1714972048702727,0.19207971117705508,0.21322939470938113,0.14429269862739535
"Donnacona Population Center, QC, Canada",0.11251219160556898,0.28443409031017763,0.16735440010372796,0.1828768804962765,0.13198535922083446,0.12083707826341454
"Montmagny Population Center, QC, Canada",0.1432135485468361,0.33677702464517256,0.16686663624800074,0.13792181038525536,0.1378453337660739,0.07737564640866142
