longname,Never Married % [StatCan],Married (not divorced) % [StatCan],Divorced % [StatCan]
"Toronto Population Center, ON, Canada",0.3742126031777402,0.5347884154552774,0.09099898136698227
"Montréal Population Center, QC, Canada",0.4763570734980991,0.40766186733525006,0.11598105916665093
"Vancouver Population Center, BC, Canada",0.37731070826716345,0.5275562565594885,0.09513303517334794
"Calgary Population Center, AB, Canada",0.3617282072649034,0.5361911377290283,0.10208065500606822
"Edmonton Population Center, AB, Canada",0.3771969281320397,0.517349302532258,0.10545376933570236
"Ottawa - Gatineau Population Center, QC-ON, Canada",0.4252286165319027,0.46361538567071237,0.111155997797385
"Winnipeg Population Center, MB, Canada",0.3923250290526407,0.509214363100887,0.09846060784647226
"Québec Population Center, QC, Canada",0.5423960313712565,0.3381984095568841,0.11940555907185937
"Hamilton Population Center, ON, Canada",0.35592333932642595,0.5322401853082341,0.11183647536533996
"Kitchener Population Center, ON, Canada",0.3752881851878053,0.5224401223582855,0.10227169245390925
"London Population Center, ON, Canada",0.38971137270838835,0.49470633052505275,0.11558229676655882
"Victoria Population Center, BC, Canada",0.37450663568027975,0.49382841626176094,0.13166494805795928
"Halifax Population Center, NS, Canada",0.42605174467935414,0.4638889959443041,0.11005925937634177
"Oshawa Population Center, ON, Canada",0.3561971317466489,0.530686461207993,0.11311640704535811
"Windsor Population Center, ON, Canada",0.36420080768955776,0.5218423233315062,0.11395686897893602
"Saskatoon Population Center, SK, Canada",0.391990452580286,0.510304904605241,0.09770464281447307
"St. Catharines - Niagara Falls Population Center, ON, Canada",0.3568925248330197,0.510931036056146,0.1321764391108344
"Regina Population Center, SK, Canada",0.3770267662467539,0.52231185650958,0.1006613772436661
"St. John's Population Center, NL, Canada",0.39760147191290424,0.4982387681961439,0.10415975989095183
"Kelowna Population Center, BC, Canada",0.34933564373904485,0.5241190085402987,0.12654534772065656
"Barrie Population Center, ON, Canada",0.378799600117091,0.4941254352947289,0.12707496458818016
"Sherbrooke Population Center, QC, Canada",0.5482353472020601,0.31873390725448575,0.13303074554345407
"Guelph Population Center, ON, Canada",0.3798322422543209,0.5120980284959299,0.10806972924974916
"Kanata Population Center, ON, Canada",0.30374244686625923,0.6079963347098861,0.08826121842385455
"Abbotsford Population Center, BC, Canada",0.31396133124445746,0.5873950340329377,0.09864363472260491
"Trois-Rivières Population Center, QC, Canada",0.5226625123639176,0.33884291840466024,0.1384945692314222
"Kingston Population Center, ON, Canada",0.405496570793015,0.47059697510776777,0.12390645409921718
"Milton Population Center, ON, Canada",0.29962089275465215,0.6287264319294824,0.0716526753158654
"Moncton Population Center, NB, Canada",0.3996563802132077,0.48212887208599375,0.11821474770079868
"White Rock Population Center, BC, Canada",0.2590038285992728,0.6193813500102456,0.12161482139048159
"Nanaimo Population Center, BC, Canada",0.35350831411325023,0.5028162254744223,0.1436754604123275
"Brantford Population Center, ON, Canada",0.36424925991524565,0.5048249365162717,0.13092580356848268
"Chicoutimi - Jonquière Population Center, QC, Canada",0.49998944975550463,0.37256770357087826,0.1274428466736172
"Saint-Jérôme Population Center, QC, Canada",0.5277346377755572,0.32905156534876423,0.14321379687567876
"Red Deer Population Center, AB, Canada",0.37418941797070865,0.4968153655255589,0.1289952165037324
"Thunder Bay Population Center, ON, Canada",0.4105592913988,0.4612329844177422,0.12820772418345766
"Lethbridge Population Center, AB, Canada",0.37147797261456966,0.5098310628890421,0.11869096449638818
"Kamloops Population Center, BC, Canada",0.37442732142982027,0.49542499029712816,0.13014768827305165
"Sudbury Population Center, ON, Canada",0.40972046325496064,0.4584955792508939,0.13178395749414545
"Saint-Jean-sur-Richelieu Population Center, QC, Canada",0.5135983438662177,0.34764039349517983,0.13876126263860258
"Peterborough Population Center, ON, Canada",0.38780772794417473,0.4805792176905563,0.13161305436526896
"Chilliwack Population Center, BC, Canada",0.3170372761250246,0.5541063182020814,0.12885640567289397
"Châteauguay Population Center, QC, Canada",0.4507211707718093,0.43110747343954253,0.1181713557886481
"Belleville Population Center, ON, Canada",0.3550297701073229,0.5011187008820025,0.14385152901067472
"Sarnia Population Center, ON, Canada",0.3334307095857903,0.535763608514492,0.1308056818997178
"Airdrie Population Center, AB, Canada",0.3204821156664519,0.5680093191743991,0.11150856515914882
"Drummondville Population Center, QC, Canada",0.5162605614214663,0.34257228437008796,0.1411671542084459
"Welland - Pelham Population Center, ON, Canada",0.3228211248516485,0.5528137034273058,0.12436517172104568
"Fort McMurray Population Center, AB, Canada",0.39195421438891515,0.5093246570026946,0.0987211286083902
"Prince George Population Center, BC, Canada",0.4143066799657601,0.46246112470659345,0.12323219532764658
"Sault Ste. Marie Population Center, ON, Canada",0.35915407609024375,0.5050468333792425,0.13579909053051384
"Fredericton Population Center, NB, Canada",0.40140625416366466,0.48141540702035446,0.11717833881598085
"Medicine Hat Population Center, AB, Canada",0.31432599980755566,0.5514778773329339,0.13419612285951046
"Grande Prairie Population Center, AB, Canada",0.4150291535827295,0.46800016599841576,0.11697068041885475
"Granby Population Center, QC, Canada",0.47417580626685746,0.3665818956019171,0.1592422981312254
"Saint John Population Center, NB, Canada",0.40705307408632924,0.4526739414611453,0.1402729844525256
"Bowmanville - Newcastle Population Center, ON, Canada",0.32996975882497986,0.5576008679223716,0.11242937325264851
"Beloeil Population Center, QC, Canada",0.5015933793621608,0.36983103423914754,0.12857558639869165
"Charlottetown Population Center, PE, Canada",0.40568697862249586,0.4916682708115267,0.10264475056597745
"Vernon Population Center, BC, Canada",0.3094757312190791,0.5447603592779833,0.1457639095029376
"North Bay Population Center, ON, Canada",0.3850326260049483,0.4794282609719968,0.1355391130230549
"Saint-Hyacinthe Population Center, QC, Canada",0.49794744828171383,0.359423415367451,0.14262913635083518
"Brandon Population Center, MB, Canada",0.38855047831548856,0.5065643076011395,0.10488521408337208
"Joliette Population Center, QC, Canada",0.493565697865756,0.36015430570792323,0.1462799964263207
"Courtenay Population Center, BC, Canada",0.29932840211085887,0.5516655981027061,0.14900599978643517
"Cornwall Population Center, ON, Canada",0.36306988015069613,0.49085830068500624,0.14607181916429757
"Victoriaville Population Center, QC, Canada",0.49820160586004364,0.35501645562846657,0.1467819385114899
"Woodstock Population Center, ON, Canada",0.32576468511236645,0.5440061689872587,0.13022914590037485
"St. Thomas Population Center, ON, Canada",0.321133173791599,0.5370052060421158,0.14186162016628523
"Chatham Population Center, ON, Canada",0.34617069143282525,0.5168666816472189,0.1369626269199559
"Georgetown Population Center, ON, Canada",0.3118720967898702,0.5925808046158985,0.09554709859423126
"Salaberry-de-Valleyfield Population Center, QC, Canada",0.5073380732704332,0.3439437315402829,0.1487181951892838
"Spruce Grove Population Center, AB, Canada",0.3402666796817084,0.5402151418049035,0.11951817851338817
"Shawinigan Population Center, QC, Canada",0.4853630743676531,0.3555854039642938,0.1590515216680532
"Rimouski Population Center, QC, Canada",0.5504769070960787,0.32454833833375224,0.12497475457016893
"Bradford Population Center, ON, Canada",0.31126504330797355,0.5985392974299606,0.09019565926206587
"Campbell River Population Center, BC, Canada",0.31093276178698914,0.5456450980677168,0.143422140145294
"Penticton Population Center, BC, Canada",0.30438083326318327,0.530464205027303,0.16515496170951385
"Prince Albert Population Center, SK, Canada",0.4556431066610937,0.4314682884850865,0.11288860485381978
"Stouffville Population Center, ON, Canada",0.2716866231214788,0.6506136908057555,0.07769968607276567
"Sorel Population Center, QC, Canada",0.4766332721696025,0.38224800011227944,0.14111872771811806
"Mission Population Center, BC, Canada",0.35125106425035585,0.5277169650094132,0.12103197074023093
"Leamington Population Center, ON, Canada",0.30104520784991523,0.5892738988076563,0.10968089334242838
"Orangeville Population Center, ON, Canada",0.3355821231676638,0.5471549970171383,0.1172628798151978
"Leduc Population Center, AB, Canada",0.33479444474742026,0.5398152255545319,0.12539032969804784
"Orillia Population Center, ON, Canada",0.35859551538327816,0.48461672171041204,0.15678776290630983
"Stratford Population Center, ON, Canada",0.33070253060196403,0.5342202259521102,0.13507724344592587
"Moose Jaw Population Center, SK, Canada",0.3318994427481704,0.5353331033858428,0.13276745386598687
"Cochrane Population Center, AB, Canada",0.27324699783192713,0.6144507286554414,0.11230227351263149
"Lloydminster Population Center, SK-AB, Canada",0.37797679625483455,0.5171992672501523,0.10482393649501316
"Cape Breton - Sydney Population Center, NS, Canada",0.41316330101296234,0.459518281964681,0.12731841702235674
"Okotoks Population Center, AB, Canada",0.2825061043770918,0.6093870770328189,0.10810681859008925
"Innisfil Population Center, ON, Canada",0.33240385584658483,0.541070613099653,0.12652553105376227
"Timmins Population Center, ON, Canada",0.3976158889741059,0.47528004372734833,0.12710406729854581
"Saint-Georges Population Center, QC, Canada",0.4982365464032775,0.3584874387546604,0.14327601484206215
"Parksville Population Center, BC, Canada",0.19694853627250483,0.6605097108785423,0.14254175284895282
"Keswick - Elmhurst Beach Population Center, ON, Canada",0.35189831774628644,0.5195092626399319,0.12859241961378168
"Fort Saskatchewan Population Center, AB, Canada",0.3451453327486762,0.5451629548942982,0.10969171235702548
"Bolton Population Center, ON, Canada",0.33057019219787465,0.5834124111520169,0.08601739665010852
"Midland Population Center, ON, Canada",0.33049849884893895,0.5221715750657401,0.1473299260853209
"Val-d'Or Population Center, QC, Canada",0.5580084343448258,0.320854947651088,0.1211366180040861
"Quispamsis - Rothesay Population Center, NB, Canada",0.2786606955809604,0.6309003953823434,0.09043890903669612
"Whitehorse Population Center, YT, Canada",0.4599386759978787,0.417771811945033,0.12228951205708839
"Duncan Population Center, BC, Canada",0.34029589505524604,0.5062296186222349,0.15347448632251906
"Hudson Population Center, QC, Canada",0.37089477754400485,0.5264954377016292,0.10260978475436586
"Tsawwassen Population Center, BC, Canada",0.26321741545239324,0.6264529298077701,0.11032965473983686
"Truro Population Center, NS, Canada",0.36350862610707546,0.5027207320489115,0.13377064184401302
"Alliston Population Center, ON, Canada",0.30795797534483144,0.5782710689584211,0.11377095569674756
"Fergus Population Center, ON, Canada",0.2901163808180107,0.5978428826880123,0.11204073649397692
"Rouyn-Noranda Population Center, QC, Canada",0.5512339563328031,0.3223886161708574,0.12637742749633946
"Ladner Population Center, BC, Canada",0.2949459347381356,0.595630418697481,0.10942364656438328
"Collingwood Population Center, ON, Canada",0.30655318166694734,0.5468783605420059,0.14656845779104669
"Lindsay Population Center, ON, Canada",0.31997847067981644,0.5382199103609315,0.14180161895925197
"Owen Sound Population Center, ON, Canada",0.34620734442095613,0.5064368294138683,0.1473558261651755
"Brockville Population Center, ON, Canada",0.3322220614248756,0.4997197945000491,0.16805814407507527
"Magog Population Center, QC, Canada",0.4272239143877996,0.40261776439605357,0.1701583212161467
"Squamish Population Center, BC, Canada",0.4313654027308314,0.4688111907050501,0.09982340656411853
"Wasaga Beach Population Center, ON, Canada",0.2601271058412934,0.6013541078241795,0.13851878633452713
"Port Alberni Population Center, BC, Canada",0.3441468519534,0.5036122721441199,0.1522408759024802
"Chestermere Population Center, AB, Canada",0.28238366970529494,0.6399739546166299,0.07764237567807518
"Sept-Îles Population Center, QC, Canada",0.5817092313533836,0.3138147437939569,0.10447602485265936
"Fort St. John Population Center, BC, Canada",0.4426173637361452,0.4423808084701694,0.1150018277936854
"Beaumont Population Center, AB, Canada",0.29284598031584363,0.6173823180983908,0.08977170158576554
"Varennes Population Center, QC, Canada",0.5212674854689967,0.36620414216236635,0.11252837236863697
"Alma Population Center, QC, Canada",0.4902000228277428,0.36480381014418006,0.1449961670280771
"Cranbrook Population Center, BC, Canada",0.3315321452069517,0.5339777506407842,0.13449010415226414
"Cobourg Population Center, ON, Canada",0.2802545453797715,0.5724147746125221,0.14733068000770633
"Yellowknife Population Center, NT, Canada",0.47016676351989584,0.4334832842108431,0.0963499522692611
"Les Coteaux Population Center, QC, Canada",0.5048997986874393,0.3690890589334039,0.12601114237915675
"New Glasgow Population Center, NS, Canada",0.35255975913227316,0.49983948600041533,0.14760075486731164
"Corner Brook Population Center, NL, Canada",0.36060382066717667,0.5236966304438343,0.11569954888898891
"Rivière-du-Loup Population Center, QC, Canada",0.5444336296732069,0.3365965767189435,0.11896979360784968
"Tillsonburg Population Center, ON, Canada",0.2742887404115878,0.5956663803751895,0.13004487921322272
"Camrose Population Center, AB, Canada",0.30730198661668906,0.5671811721759933,0.12551684120731768
"Steinbach Population Center, MB, Canada",0.3023627518652127,0.6174893650676846,0.08014788306710277
"Buckingham Population Center, QC, Canada",0.49879510151752454,0.3598902905232904,0.14131460795918505
"Stony Plain Population Center, AB, Canada",0.30768255336401285,0.5648785487813941,0.12743889785459303
"Valley East Population Center, ON, Canada",0.31819796041706344,0.5752337412976702,0.10656829828526634
"Thetford Mines Population Center, QC, Canada",0.45336142313290634,0.4074913421208721,0.13914723474622162
"Glace Bay Population Center, NS, Canada",0.39236747673822836,0.4705881971976896,0.13704432606408193
"Pembroke Population Center, ON, Canada",0.3679126603176211,0.49213633230386905,0.1399510073785099
"L'Assomption Population Center, QC, Canada",0.5108710960545653,0.358507217656616,0.13062168628881876
"Swift Current Population Center, SK, Canada",0.3063416664498016,0.594800444123041,0.09885788942715741
"Sylvan Lake Population Center, AB, Canada",0.36484709363877166,0.49344449318399314,0.14170841317723518
"Simcoe Population Center, ON, Canada",0.3177272812742652,0.5394964561204248,0.14277626260530998
"Salmon Arm Population Center, BC, Canada",0.26607581417681436,0.5995481299052973,0.1343760559178884
"Strathroy Population Center, ON, Canada",0.3054995219236871,0.5807435727886305,0.1137569052876823
"Bathurst Population Center, NB, Canada",0.3716559975796666,0.49566518879499466,0.13267881362533862
"Yorkton Population Center, SK, Canada",0.34192240565339593,0.550765258320425,0.10731233602617907
"Laurentides Population Center, QC, Canada",0.6207931024109064,0.27285859835746734,0.10634829923162628
"Port Colborne Population Center, ON, Canada",0.3221569796273087,0.530759601857859,0.14708341851483234
"Fort Erie Population Center, ON, Canada",0.3180292030672013,0.533301598593206,0.14866919833959286
"Winkler Population Center, MB, Canada",0.27717018888005945,0.6751707562043726,0.04765905491556799
"Amherstburg Population Center, ON, Canada",0.29281655538840295,0.5983695985302057,0.1088138460813914
"Paris Population Center, ON, Canada",0.2965126626622228,0.5940727093187703,0.10941462801900696
"Summerside Population Center, PE, Canada",0.3484491273538082,0.5211908374753385,0.13036003517085326
"Kentville Population Center, NS, Canada",0.35997889773706937,0.493392171165121,0.1466289310978096
"Brooks Population Center, AB, Canada",0.35807188834036696,0.544460548473042,0.09746756318659111
"Terrace Population Center, BC, Canada",0.41399949512015277,0.46987773055949394,0.11612277432035314
"Angus - Borden CFB-BFC Population Center, ON, Canada",0.363358865186969,0.5141150376571584,0.12252609715587257
"Petawawa Population Center, ON, Canada",0.4006813402800453,0.4920859486755494,0.10723271104440528
"New Hamburg Population Center, ON, Canada",0.25317019045574607,0.6643677149625672,0.08246209458168674
"High River Population Center, AB, Canada",0.2730041423012635,0.5940351183055168,0.1329607393932196
"Carleton Place Population Center, ON, Canada",0.3155307047301238,0.5504826384324906,0.1339866568373857
"Strathmore Population Center, AB, Canada",0.3151762934303909,0.5601832461075,0.12464046046210914
"North Battleford Population Center, SK, Canada",0.39934634874157354,0.49031711523468424,0.11033653602374219
"Rockland Population Center, ON, Canada",0.32035321420666973,0.5599548466318186,0.11969193916151163
"Ingersoll Population Center, ON, Canada",0.3175233814665193,0.5524013518837102,0.13007526664977045
"Port-Alfred-Bagotville Population Center, QC, Canada",0.4746256032624395,0.4105813119473842,0.11479308479017625
"Cowansville Population Center, QC, Canada",0.4570888660976102,0.3866406255615927,0.15627050834079714
"Beamsville Population Center, ON, Canada",0.30793103746196787,0.5846101752846784,0.10745878725335381
"Canmore Population Center, AB, Canada",0.39955157999509416,0.498702744982425,0.10174567502248075
"Edmundston Population Center, NB, Canada",0.38606936463772207,0.4737376837190391,0.1401929516432389
"Powell River Population Center, BC, Canada",0.3021240192611046,0.5520085911121115,0.14586738962678392
"Aldergrove Population Center, BC, Canada",0.34602125350002466,0.5330813370836633,0.12089740941631215
"Port Hope Population Center, ON, Canada",0.311826042069247,0.547497219089996,0.14067673884075685
"Portage la Prairie Population Center, MB, Canada",0.391554946057128,0.4992985768649146,0.10914647707795731
"Trail - Fruitvale Population Center, BC, Canada",0.32344614675400446,0.5346598893370988,0.14189396390889664
"Lacombe Population Center, AB, Canada",0.2988767429490604,0.5846234713155846,0.11649978573535501
"Duck Lake Population Center, BC, Canada",0.29358933666026493,0.5769816537738387,0.12942900956589645
"Wetaskiwin Population Center, AB, Canada",0.3548725033006798,0.5041606667215357,0.14096682997778454
"Warman Population Center, SK, Canada",0.257845814089575,0.6698053482987503,0.07234883761167461
"Sydney Mines Population Center, NS, Canada",0.37584479714591773,0.4978765295626055,0.12627867329147685
"Thompson Population Center, MB, Canada",0.5,0.4171180931744312,0.08288190682556881
"Caledonia Population Center, ON, Canada",0.3274122420261584,0.5682650352068495,0.1043227227669922
"Sainte-Agathe-des-Monts - Val-David Population Center, QC, Canada",0.47729554248746575,0.3497909571859899,0.17291350032654432
"Quesnel Population Center, BC, Canada",0.36063840644004697,0.4908155871828637,0.1485460063770894
"Grand Falls-Windsor Population Center, NL, Canada",0.3185475095915038,0.5676406019227829,0.11381188848571322
"Williams Lake Population Center, BC, Canada",0.4063773494923699,0.46206112868805677,0.13156152181957323
"Prince Rupert Population Center, BC, Canada",0.45304866591506954,0.4415492296129274,0.10540210447200302
"Uxbridge Population Center, ON, Canada",0.28946394549850846,0.6031886934379537,0.10734736106353777
"Saint-Augustin Population Center, QC, Canada",0.5935407032065532,0.30138487420201115,0.10507442259143562
"Hawkesbury Population Center, QC-ON, Canada",0.40368400626408263,0.4355436084792999,0.16077238525661733
"Dawson Creek Population Center, BC, Canada",0.43467935949736736,0.4396465107161838,0.12567412978644876
"Chatham - Douglastown Population Center, NB, Canada",0.33099753777269514,0.5355359292964867,0.13346653293081803
"Sooke Population Center, BC, Canada",0.32759301125436596,0.527480215883639,0.144926772861995
"Arnprior Population Center, ON, Canada",0.30488278880141706,0.5530190422869568,0.14209816891162608
"Sainte-Anne-des-Plaines Population Center, QC, Canada",0.5485563959594291,0.3429135620787747,0.10853004196179611
"Lavaltrie Population Center, QC, Canada",0.5337965553179094,0.34107127589925773,0.12513216878283284
"Lachute Population Center, QC, Canada",0.46833506692460547,0.3684160107530539,0.16324892232234076
"Saint-Amable Population Center, QC, Canada",0.5946317326821734,0.31209147258292874,0.09327679473489782
"Nelson Population Center, BC, Canada",0.44827588473655083,0.41022637262872347,0.14149774263472578
"Ladysmith Population Center, BC, Canada",0.2512436946526334,0.6026841073669158,0.14607219798045074
"Hauterive Population Center, QC, Canada",0.565692221149374,0.32522966753481414,0.1090781113158118
"Elliot Lake Population Center, ON, Canada",0.27619266870745096,0.5512612826506356,0.1725460486419133
"Kenora Population Center, ON, Canada",0.3904424937378707,0.477481536397275,0.1320759698648544
"Weyburn Population Center, SK, Canada",0.3178668189054821,0.5687814367971041,0.11335174429741375
"Dolbeau Population Center, QC, Canada",0.44914379980513264,0.41229962294469935,0.13855657725016796
"Binbrook Population Center, ON, Canada",0.2605861871061077,0.654839987323716,0.08457382557017644
"Elmira Population Center, ON, Canada",0.2801364499666785,0.6341592928130574,0.08570425722026402
"Sainte-Marie Population Center, QC, Canada",0.49529062219310543,0.398437715460967,0.10627166234592754
"Estevan Population Center, SK, Canada",0.339214063443211,0.5583864858195526,0.10239945073723623
"Martensville Population Center, SK, Canada",0.3150374077116461,0.5973242487402972,0.08763834354805662
"Morinville Population Center, AB, Canada",0.3257575757575757,0.5542929292929293,0.119949494949495
"Matane Population Center, QC, Canada",0.52089713078595,0.34147447983489065,0.13762838937915925
"Wallaceburg Population Center, ON, Canada",0.3368055555555556,0.5179398148148148,0.14525462962962962
"Blackfalds Population Center, AB, Canada",0.3847330499165781,0.49038792668372716,0.1248790233996948
"Castlegar Population Center, BC, Canada",0.34323653562328316,0.5218111327693312,0.13495233160738565
"Marieville Population Center, QC, Canada",0.5442248647324885,0.324259125889642,0.13151600937786959
"Whistler Population Center, BC, Canada",0.60446958789039,0.3111464097442235,0.08438400236538651
"Gander Population Center, NL, Canada",0.3294459855780945,0.5678885433051325,0.10266547111677303
"Bracebridge Population Center, ON, Canada",0.29361015914298483,0.5705774916719687,0.13581234918504653
"Summerland Population Center, BC, Canada",0.24484470925889346,0.6178216721501268,0.13733361859097976
"Selkirk Population Center, MB, Canada",0.3839675088839342,0.4744286911562332,0.14160379995983255
"Port Elgin Population Center, ON, Canada",0.2914340210018752,0.5979512133856845,0.11061476561244032
"Tottenham Population Center, ON, Canada",0.3186921423097318,0.5840535415354071,0.09725431615486109
"Gibsons Population Center, BC, Canada",0.29765317473140557,0.5411955557882884,0.16115126948030603
"Port Perry Population Center, ON, Canada",0.2671898452864934,0.6125271271740614,0.12028302753944516
"Amherst Population Center, NS, Canada",0.35392116054033723,0.4863094215416463,0.15976941791801652
"Listowel Population Center, ON, Canada",0.296964406178312,0.6107557811454599,0.0922798126762282
"Crystal Beach Population Center, ON, Canada",0.26774897771636297,0.5963416746453215,0.13590934763831555
"Smiths Falls Population Center, ON, Canada",0.3665796445095643,0.470023351202097,0.16339700428833864
"Sechelt Population Center, BC, Canada",0.264196609023467,0.5762692180091145,0.15953417296741854
"Acton Population Center, ON, Canada",0.3412074184587231,0.5466851434097202,0.1121074381315567
"Kincardine Population Center, ON, Canada",0.2551193918541707,0.6345817997772175,0.11029880836861186
"Amos Population Center, QC, Canada",0.5627282838732935,0.313998791132968,0.12327292499373851
"Whitecourt Population Center, AB, Canada",0.38797451813501144,0.4974916634308813,0.11453381843410726
"Hinton Population Center, AB, Canada",0.3748317631224764,0.5107671601615074,0.11440107671601614
"Morden Population Center, MB, Canada",0.25762705264887303,0.6550326287773529,0.087340318573774
"Baie-Comeau Population Center, QC, Canada",0.5493713512624856,0.3331054719192816,0.11752317681823278
"Labrador City Population Center, NL, Canada",0.39103281600316747,0.5250062462423406,0.08396093775449195
"Shelburne Population Center, ON, Canada",0.34615384615384603,0.5334757834757836,0.12037037037037036
"Olds Population Center, AB, Canada",0.2984566441236556,0.591886595312232,0.10965676056411243
"Taber Population Center, AB, Canada",0.30553558915127577,0.5846999239864199,0.10976448686230444
"Donnacona Population Center, QC, Canada",0.5166835493281938,0.3571982005434077,0.12611825012839853
"Montmagny Population Center, QC, Canada",0.5069611156284978,0.3743461968784017,0.11869268749310043
"Saint-Sauveur-des-Monts Population Center, QC, Canada",0.36297056377854614,0.4359416165311625,0.20108781969029127
"Campbellton Population Center, NB, Canada",0.4104525974941518,0.45422250303735906,0.13532489946848913
"Bridgewater Population Center, NS, Canada",0.3247256294383472,0.5209812782440285,0.15429309231762434
"Embrun Population Center, ON, Canada",0.3274649414365477,0.5663891486643219,0.10614590989913056
"Coaldale Population Center, AB, Canada",0.27742264929723875,0.6248582260968397,0.09771912460592148
"Oromocto Population Center, NB, Canada",0.42317844584263964,0.4824921948082874,0.09432935934907295
"Shediac Population Center, NB, Canada",0.308549424426735,0.5531764429761468,0.13827413259711824
"Sutton Population Center, ON, Canada",0.34562257399508545,0.5139914415536301,0.1403859844512845
"King Population Center, ON, Canada",0.29747061948634834,0.6339260249378201,0.06860335557583146
"Renfrew Population Center, ON, Canada",0.3254812679895042,0.5126288947293235,0.1618898372811722
"Banff Population Center, AB, Canada",0.5250836120401338,0.38729096989966555,0.0876254180602007
"Essex Population Center, ON, Canada",0.3098826559816829,0.5635832856325127,0.12653405838580425
"Napanee Population Center, ON, Canada",0.33464739930008697,0.5191358269225664,0.14621677377734654
"Edson Population Center, AB, Canada",0.38363388347110877,0.48673169679091594,0.12963441973797526
"Roberval Population Center, QC, Canada",0.47572324582199316,0.39753275896806634,0.12674399520994048
"Dauphin Population Center, MB, Canada",0.38857874104658197,0.4930114991333116,0.11840975982010644
"Aylmer Population Center, ON, Canada",0.27877450935228315,0.6121161786403881,0.10910931200732865
"Port Dover Population Center, ON, Canada",0.2220813645083312,0.6338884431240548,0.14403019236761405
"Farnham Population Center, QC, Canada",0.5253126758623022,0.3324740046938185,0.1422133194438792
"Yarmouth Population Center, NS, Canada",0.36037289960530694,0.48052923748058196,0.15909786291411118
"Contrecoeur Population Center, QC, Canada",0.5662898795452652,0.33059066673043835,0.10311945372429648
"Hanover Population Center, ON, Canada",0.3115322223614338,0.5610321589522667,0.12743561868629957
"Goderich Population Center, ON, Canada",0.290139998004716,0.5710060834647058,0.13885391853057824
"Revelstoke Population Center, BC, Canada",0.47287767188694635,0.42397222355139,0.10315010456166362
"Mont-Laurier Population Center, QC, Canada",0.5099632971430111,0.34295865060233677,0.14707805225465198
"L'Épiphanie Population Center, QC, Canada",0.5876539457036839,0.30676711584612615,0.10557893845018988
"Grand Centre Population Center, AB, Canada",0.4432099425705338,0.45229861403470684,0.10449144339475946
"La Tuque Population Center, QC, Canada",0.5029919767223949,0.36438337205234655,0.1326246512252584
"Stephenville Population Center, NL, Canada",0.3759487789561657,0.48516385859681116,0.13888736244702313
"The Pas Population Center, MB, Canada",0.5064451189666135,0.39999314543952474,0.0935617355938617
"Shawnigan - Mill Bay Population Center, BC, Canada",0.2756479247480687,0.5935165605561171,0.13083551469581417
"St. Marys Population Center, ON, Canada",0.28717295606862486,0.5911638981267014,0.12166314580467359
"Angers Population Center, QC, Canada",0.554078014184397,0.3430851063829788,0.10283687943262411
"Cold Lake Population Center, AB, Canada",0.38803507878046106,0.5132525797235512,0.09871234149598777
"Fort Frances Population Center, ON, Canada",0.3553151703793367,0.509100855324296,0.13558397429636718
"Kingston - Greenwood Population Center, NS, Canada",0.3324877983338069,0.5446869755134565,0.12282522615273643
"Kapuskasing Population Center, ON, Canada",0.34867307510153606,0.5385079084750442,0.11281901642342
"Ponoka Population Center, AB, Canada",0.33675694994466504,0.521363375274668,0.14187967478066693
"Plessisville Population Center, QC, Canada",0.48530521411448324,0.38799195367228384,0.12670283221323286
"Saint-Rémi Population Center, QC, Canada",0.5282598445335025,0.3540606608306425,0.11767949463585498
"Innisfail Population Center, AB, Canada",0.29343812030058525,0.5623172168731916,0.14424466282622303
"Happy Valley-Goose Bay Population Center, NL, Canada",0.41985282252687417,0.48446819468198515,0.09567898279114069
"Iqaluit Population Center, NU, Canada",0.5996799385615086,0.3199173760482661,0.08040268539022533
"Drayton Valley Population Center, AB, Canada",0.3469531072260035,0.5379324460194014,0.11511444675459512
"Sturgeon Falls Population Center, ON, Canada",0.3163608316827817,0.5449097731352295,0.13872939518198873
"Bay Roberts Population Center, NL, Canada",0.2921597167672959,0.6180680550726205,0.08977222816008351
"Parry Sound Population Center, ON, Canada",0.3412892795858134,0.5052640713312748,0.15344664908291186
"Saint-Félicien Population Center, QC, Canada",0.47642009269954694,0.3941529609676716,0.12942694633278146
"Kitimat Population Center, BC, Canada",0.40028061103638046,0.49119091230929496,0.1085284766543246
"New Waterford Population Center, NS, Canada",0.371617014801612,0.48907415781022595,0.13930882738816205
"Huntsville Population Center, ON, Canada",0.3415564195561702,0.5106748554689013,0.14776872497492846
"Enfield - Lantz Population Center, NS, Canada",0.34012273566057444,0.5390651300072955,0.12081213433213016
"Pont-Rouge Population Center, QC, Canada",0.5549662916574886,0.33499517083117264,0.11003853751133885
"Devon Population Center, AB, Canada",0.31280076997112616,0.5620789220404234,0.12512030798845045
"Slave Lake Population Center, AB, Canada",0.42243052629397576,0.47987317551651965,0.0976962981895045
"Rocky Mountain House Population Center, AB, Canada",0.3501328715774934,0.5134147745186844,0.136452353903822
"Nobleton Population Center, ON, Canada",0.2941223077455387,0.6506424688389113,0.055235223415550004
"Drumheller Population Center, AB, Canada",0.31793360707738105,0.5443385872384406,0.13772780568417825
"Chibougamau Population Center, QC, Canada",0.5644207645065173,0.3369880809104663,0.09859115458301633
"Perth Population Center, ON, Canada",0.28773152945925884,0.5513060213506288,0.1609624491901124
"Wainwright Population Center, AB, Canada",0.34890374684056663,0.5393913225345919,0.1117049306248414
"Smithville Population Center, ON, Canada",0.26952582506126244,0.6325817448425332,0.09789243009620442
"Bonnyville Population Center, AB, Canada",0.420528252818525,0.46690505522225434,0.11256669195922059
"Beaupré Population Center, QC, Canada",0.501442523276214,0.37951031889747294,0.11904715782631309
"Coaticook Population Center, QC, Canada",0.46632070998948744,0.39265632874026546,0.14102296127024716
"Corunna Population Center, ON, Canada",0.29698242303980826,0.5942130453324854,0.10880453162770616
"Carbonear Population Center, NL, Canada",0.3007312038664494,0.5837188229377712,0.11554997319577927
"Saint-Jovite Population Center, QC, Canada",0.47644163808245293,0.3575084657829758,0.1660498961345713
"Chelmsford Population Center, ON, Canada",0.3395774175745244,0.5283440136094575,0.13207856881601807
"Tay Population Center, ON, Canada",0.321917307699165,0.5334391787990086,0.14464351350182653
"Kirkland Lake Population Center, ON, Canada",0.4082670704326968,0.4455286156720365,0.14620431389526667
"Clarenville-Shoal Harbour Population Center, NL, Canada",0.3083017316209909,0.5822508600705264,0.10944740830848267
"Russell Population Center, ON, Canada",0.28779745078793967,0.6172954406176413,0.0949071085944192
"Almonte Population Center, ON, Canada",0.28075884935532774,0.5800270345999838,0.13921411604468828
"Nicolet Population Center, QC, Canada",0.4946956548119936,0.38132320060127495,0.12398114458673151
"Chippawa Population Center, ON, Canada",0.31600560848404036,0.5533153532096277,0.13067903830633182
"Sainte-Adèle Population Center, QC, Canada",0.48358074180587746,0.3268125252256498,0.18960673296847277
"Dunnville Population Center, ON, Canada",0.30774801937510365,0.5520326615736889,0.1402193190512075
"Manotick Station Population Center, ON, Canada",0.2702487276046066,0.6478534760183721,0.08189779637702128
"Brighton Population Center, ON, Canada",0.22284371563662445,0.6494065087904356,0.12774977557293982
"Porcupine Population Center, ON, Canada",0.37600308870403143,0.5052147393342089,0.11878217196175947
"Lac-Mégantic Population Center, QC, Canada",0.4323392581936874,0.42520657122870414,0.14245417057760848
"Gravenhurst Population Center, ON, Canada",0.3141701743435256,0.5335710233349064,0.152258802321568
"Mont-Joli Population Center, QC, Canada",0.5418789097941112,0.31851160453371063,0.13960948567217804
"Melfort Population Center, SK, Canada",0.3121344871573596,0.5881113626492748,0.0997541501933656
"Oliver Population Center, BC, Canada",0.22420350034589084,0.640438734778443,0.13535776487566625
"Mount Albert Population Center, ON, Canada",0.2928360143608409,0.6080779989072177,0.09908598673194134
"St. Paul Population Center, AB, Canada",0.37259640532923016,0.5132180303090672,0.11418556436170259
"Rawdon Population Center, QC, Canada",0.49240991662405575,0.3344354039000957,0.17315467947584867
"Petrolia Population Center, ON, Canada",0.2889530211001685,0.5924725031050349,0.11857447579479657
"La Sarre Population Center, QC, Canada",0.4751954029422989,0.3945310180537686,0.1302735790039326
"Asbestos Population Center, QC, Canada",0.42335965146111143,0.42008957954776155,0.15655076899112705
"Antigonish Population Center, NS, Canada",0.4541387435712998,0.4374046608457042,0.10845659558299606
"Stettler Population Center, AB, Canada",0.299331508459121,0.5725053232595049,0.12816316828137417
"Niverville Population Center, MB, Canada",0.2733301168048652,0.6423706562840119,0.08429922691112286
"Louiseville Population Center, QC, Canada",0.45771261045526185,0.3823499086236665,0.1599374809210716
"Lively Population Center, ON, Canada",0.2839845306926456,0.6106347750776083,0.1053806942297462
"Fernie Population Center, BC, Canada",0.40540701510578586,0.5026849766029814,0.09190800829123268
"Windsor Population Center, NS, Canada",0.3199539550473022,0.5454312786907056,0.13461476626199212
"Rockwood Population Center, ON, Canada",0.27588018240289486,0.6343151017356047,0.08980471586150048
"Creston Population Center, BC, Canada",0.26116646109641783,0.5899094976646919,0.1489240412388903
"Sussex Population Center, NB, Canada",0.3080940519510989,0.5522407664414838,0.13966518160741728
"Port-Cartier Population Center, QC, Canada",0.5527261553155507,0.35743331776405135,0.08984052692039798
"Redcliff Population Center, AB, Canada",0.3107529431279186,0.5644553850923162,0.12479167177976516
"Ayr Population Center, ON, Canada",0.27322204257560784,0.6347546058946594,0.09202335152973283
"Gananoque Population Center, ON, Canada",0.300639658848614,0.5266524520255864,0.1727078891257995
"Vegreville Population Center, AB, Canada",0.32318734003796296,0.5444029260166798,0.13240973394535716
"Dryden Population Center, ON, Canada",0.3450419627489026,0.5254126478921364,0.12954538935896104
"Bromont Population Center, QC, Canada",0.46698661512934553,0.37391194268691463,0.15910144218373987
"Delhi Population Center, ON, Canada",0.30779106753870356,0.557586741335785,0.1346221911255115
"Armstrong Population Center, BC, Canada",0.25781250000000006,0.5993303571428571,0.1428571428571429
"La Ronge Population Center, SK, Canada",0.5983989027419949,0.3081654443012907,0.09343565295671435
"Smithers Population Center, BC, Canada",0.37089468490012517,0.505530541685186,0.12357477341468893
"Humboldt Population Center, SK, Canada",0.2806106471863978,0.63455961318392,0.08482973962968214
"Mississauga Beach Population Center, ON, Canada",0.18510719659727115,0.7201082473098598,0.09478455609286894
"Merritt Population Center, BC, Canada",0.3243044728050103,0.5352718813187696,0.1404236458762202
"Acton Vale Population Center, QC, Canada",0.5109733046802315,0.3471142983439671,0.14191239697580144
"Langdon Population Center, AB, Canada",0.31003106323547475,0.607974147492567,0.08199478927195825
"Meadow Lake Population Center, SK, Canada",0.4613614274224951,0.459554091202847,0.07908448137465791
"Meaford Population Center, ON, Canada",0.2671380898803999,0.5841327726157292,0.14872913750387096
"Wolfville Population Center, NS, Canada",0.4756756756756757,0.4216216216216217,0.10270270270270271
"Stonewall Population Center, MB, Canada",0.2785114045618247,0.6350540216086434,0.08643457382953182
"Oakbank Population Center, MB, Canada",0.2555586626410129,0.6688988392970769,0.07554249806191023
"Mount Forest Population Center, ON, Canada",0.30869430667190434,0.5601478181509728,0.13115787517712274
"Didsbury Population Center, AB, Canada",0.27488413375407905,0.5852711992595865,0.1398446669863345
"Peachland Population Center, BC, Canada",0.21072908283406355,0.6443311772829792,0.14493973988295725
"Windsor Population Center, QC, Canada",0.5102277362723199,0.3549022578959358,0.13487000583174433
"Neepawa Population Center, MB, Canada",0.31660279337049363,0.616166875971441,0.06723033065806541
"Saint-Apollinaire Population Center, QC, Canada",0.6344687186312539,0.26670463609315426,0.09882664527559178
"Kimberley Population Center, BC, Canada",0.34019626863897034,0.5237431276228187,0.13606060373821094
"Sainte-Brigitte-de-Laval Population Center, QC, Canada",0.6515825588470624,0.2622497238647999,0.08616771728813774
"Mitchell Population Center, ON, Canada",0.29294107615477694,0.6093702160910146,0.09768870775420851
"Exeter Population Center, ON, Canada",0.29491920852931064,0.5920016323896379,0.11307915908105155
"Osoyoos Population Center, BC, Canada",0.214964169807815,0.6263894678385953,0.15864636235358967
"Westlock Population Center, AB, Canada",0.33274040579076036,0.5419189595484475,0.12534063466079193
"Azilda Population Center, ON, Canada",0.293405183771003,0.5909897994948267,0.1156050167341702
"Napierville Population Center, QC, Canada",0.531920312202256,0.36415308274389924,0.10392660505384484
"Waterloo Population Center, QC, Canada",0.5242578771036734,0.3327832269063752,0.14295889598995135
"Walkerton Population Center, ON, Canada",0.2989394694976398,0.5791402146565999,0.12192031584576037
"Flin Flon Population Center, MB-SK, Canada",0.3812980890118179,0.5008590017601208,0.1178429092280613
"White City Population Center, SK, Canada",0.23462807761726526,0.7019800218936836,0.06339190048905109
"Stayner Population Center, ON, Canada",0.3498610617995702,0.5348926034719798,0.11524633472845004
"Lac-Alouette Population Center, QC, Canada",0.5725507907255759,0.3102087094279396,0.11724049984648437
"Tilbury Population Center, ON, Canada",0.3376281319004407,0.5499159313853099,0.11245593671424939
"Berthierville Population Center, QC, Canada",0.48417792648017755,0.3542111529454992,0.16161092057432322
"Woodstock Population Center, NB, Canada",0.3420153290486321,0.5217799243023706,0.13620474664899726
"Caledon East Population Center, ON, Canada",0.28443513699616596,0.6454716490035187,0.07009321400031522
"Amqui Population Center, QC, Canada",0.49688708068306986,0.38597530866514956,0.11713761065178048
