longname,Commute Time < 15 min % [StatCan],Commute Time 15 - 29 min % [StatCan],Commute Time 30 - 59 min % [StatCan],Commute Time > 60 min % [StatCan]
"Toronto Population Center, ON, Canada",0.1764512213435625,0.33543155492840837,0.3758164599792355,0.11230076374879357
"Montréal Population Center, QC, Canada",0.2070343345020177,0.36436480964055645,0.35005503221889533,0.07854582363853048
"Vancouver Population Center, BC, Canada",0.2036555137983501,0.35421177906066936,0.3624215208752202,0.07971118626576032
"Calgary Population Center, AB, Canada",0.21647680554120521,0.47350098367212523,0.26336210291675227,0.046660107869917304
"Edmonton Population Center, AB, Canada",0.24105110916428452,0.4541995345505266,0.2640335123101425,0.04071584397504633
"Ottawa - Gatineau Population Center, QC-ON, Canada",0.2785604897064875,0.4269377495106128,0.24875604617087324,0.04574571461202646
"Winnipeg Population Center, MB, Canada",0.27174298127664537,0.46133328092534187,0.2366100400697058,0.03031369772830689
"Québec Population Center, QC, Canada",0.3341377933195889,0.47059990344839087,0.17512749127116228,0.020134811960857934
"Hamilton Population Center, ON, Canada",0.27586204931855374,0.3890257693155887,0.2541190310475709,0.08099315031828669
"Kitchener Population Center, ON, Canada",0.3216590977426281,0.420505777040081,0.1940667550691925,0.06376837014809847
"London Population Center, ON, Canada",0.3454849317783548,0.43543568211124123,0.17702560080858723,0.04205378530181661
"Victoria Population Center, BC, Canada",0.3519997887788148,0.44140910489560836,0.18693895033645055,0.01965215598912617
"Halifax Population Center, NS, Canada",0.33610906213679353,0.45840110264490375,0.17257759152585828,0.032912243692444394
"Oshawa Population Center, ON, Canada",0.25761644527496386,0.30511624480640587,0.2903963489891722,0.14687096092945812
"Windsor Population Center, ON, Canada",0.3781609400453461,0.4769321489624803,0.1288448173809822,0.01606209361119127
"Saskatoon Population Center, SK, Canada",0.3910636302122925,0.503657640153078,0.0827485832163739,0.022530146418255403
"St. Catharines - Niagara Falls Population Center, ON, Canada",0.4145742295421199,0.38498884783749976,0.14839138367426605,0.05204553894611423
"Regina Population Center, SK, Canada",0.42548299408457957,0.4892266206904042,0.07168811352328483,0.013602271701731377
"St. John's Population Center, NL, Canada",0.4565004838665868,0.4485397754878894,0.07308581918902395,0.021873921456499818
"Kelowna Population Center, BC, Canada",0.40612537947258015,0.42195702326792606,0.14109487162114737,0.030822725638346263
"Barrie Population Center, ON, Canada",0.34711999471070626,0.2737361357599766,0.23127139712097391,0.1478724724083433
"Sherbrooke Population Center, QC, Canada",0.4026778573569404,0.4339433877860658,0.14246880571537462,0.020909949141619286
"Guelph Population Center, ON, Canada",0.40800835404275226,0.31756119501732144,0.20448107076112645,0.06994938017879976
"Kanata Population Center, ON, Canada",0.3053110586161257,0.396200707952982,0.2530611301412659,0.04542710328962633
"Abbotsford Population Center, BC, Canada",0.37000813724471515,0.31471916043657455,0.23162323961324013,0.08364946270547012
"Trois-Rivières Population Center, QC, Canada",0.48663602602992045,0.35795238081696634,0.1253443738401415,0.030067219312971637
"Kingston Population Center, ON, Canada",0.43391247663437654,0.4243220728043003,0.1186262293189047,0.023139221242418535
"Milton Population Center, ON, Canada",0.24227778560532517,0.2588517748418581,0.38741656426451304,0.11145387528830378
"Moncton Population Center, NB, Canada",0.5364359794826388,0.373639264059437,0.07182854509458282,0.01809621136334143
"White Rock Population Center, BC, Canada",0.2600704205090743,0.27833609078934163,0.3836189838912007,0.07797450481038329
"Nanaimo Population Center, BC, Canada",0.4556021375481163,0.37191311298434193,0.12888244666546553,0.04360230280207632
"Brantford Population Center, ON, Canada",0.4165074570895396,0.2720367988084723,0.24176825104808863,0.06968749305389958
"Chicoutimi - Jonquière Population Center, QC, Canada",0.5388573162257176,0.369877055241407,0.08001979335787493,0.01124583517500061
"Saint-Jérôme Population Center, QC, Canada",0.29064533775452506,0.3321840690106321,0.29915769225740235,0.07801290097744032
"Red Deer Population Center, AB, Canada",0.4605991941095123,0.3951832574782687,0.10402203190287046,0.040195516509348654
"Thunder Bay Population Center, ON, Canada",0.5634454848483729,0.36458200803802077,0.05351798068554578,0.018454526428060433
"Lethbridge Population Center, AB, Canada",0.5347651437435764,0.3553016984054653,0.08288960625872618,0.027043551592231978
"Kamloops Population Center, BC, Canada",0.4477390766811634,0.4233499036312401,0.09478919484734215,0.0341218248402543
"Sudbury Population Center, ON, Canada",0.46250931102175646,0.4019428157931259,0.10716826139275384,0.028379611792363906
"Saint-Jean-sur-Richelieu Population Center, QC, Canada",0.413258932916261,0.2639074808992816,0.27521878592528226,0.04761480025917504
"Peterborough Population Center, ON, Canada",0.5213271189281881,0.27721122340085375,0.14185163586796248,0.059610021802995704
"Chilliwack Population Center, BC, Canada",0.38382371235656415,0.29981369188436824,0.22105145799966142,0.09531113775940607
"Châteauguay Population Center, QC, Canada",0.27268380109907736,0.29021845049116934,0.3723774512480367,0.06472029716171665
"Belleville Population Center, ON, Canada",0.5297759900973359,0.30904616591509493,0.1235073202901088,0.037670523697460295
"Sarnia Population Center, ON, Canada",0.5603500944137679,0.3420662011466753,0.0787243173482856,0.01885938709127118
"Airdrie Population Center, AB, Canada",0.29069168797664574,0.30703625336622214,0.35621068025979347,0.04606137839733866
"Drummondville Population Center, QC, Canada",0.5657328941252573,0.3109999272862127,0.09460450550214733,0.028662673086382543
"Welland - Pelham Population Center, ON, Canada",0.3418319330770387,0.3777056876433083,0.22091968707844725,0.05954269220120572
"Fort McMurray Population Center, AB, Canada",0.2633330585150528,0.2543142932208894,0.3457882976091845,0.13656435065487332
"Prince George Population Center, BC, Canada",0.5314722581188197,0.3824063856025608,0.05424492045445763,0.03187643582416206
"Sault Ste. Marie Population Center, ON, Canada",0.6847160773963374,0.2714368855095651,0.03274735808019191,0.011099679013905593
"Fredericton Population Center, NB, Canada",0.5544016779586983,0.3608886151082599,0.06780086296487296,0.016908843968168958
"Medicine Hat Population Center, AB, Canada",0.572829129157535,0.31902763003384443,0.06241602981212129,0.04572721099649917
"Grande Prairie Population Center, AB, Canada",0.5170911727356684,0.3486579242286691,0.07968091992932387,0.054569983106338614
"Granby Population Center, QC, Canada",0.5371739827490456,0.28474275053259784,0.14288355660842708,0.0351997101099294
"Saint John Population Center, NB, Canada",0.5250650506583248,0.3791297276204763,0.08239266154877894,0.01341256017242019
"Bowmanville - Newcastle Population Center, ON, Canada",0.2587373184957741,0.31800197932094315,0.2932485118904993,0.13001219029278346
"Beloeil Population Center, QC, Canada",0.27260448939944454,0.32190218259101117,0.3387222605142829,0.0667710674952615
"Charlottetown Population Center, PE, Canada",0.596115095377609,0.3075192082281696,0.0827846309383186,0.013581065455902886
"Vernon Population Center, BC, Canada",0.5186852075461177,0.2917483722096789,0.1517732443715459,0.03779317587265731
"North Bay Population Center, ON, Canada",0.6181368772146562,0.29702493514181133,0.06350431214312466,0.021333875500407867
"Saint-Hyacinthe Population Center, QC, Canada",0.5409330622761329,0.270235239391274,0.1585305431587809,0.030301155173812433
"Brandon Population Center, MB, Canada",0.6617006926613614,0.24280321002020638,0.07551510953511024,0.019980987783321955
"Joliette Population Center, QC, Canada",0.5020641760001044,0.2555343564587812,0.17166248205004417,0.07073898549107006
"Courtenay Population Center, BC, Canada",0.5570567946775187,0.30333201673156457,0.088847468881639,0.05076371970927781
"Cornwall Population Center, ON, Canada",0.6055007822462813,0.2746104197295652,0.06501429796987876,0.05487450005427472
"Victoriaville Population Center, QC, Canada",0.63264290027193,0.2632857319070846,0.07925988964345831,0.024811478177526956
"Woodstock Population Center, ON, Canada",0.5118480462619904,0.1852724652664358,0.25279382689204244,0.05008566157953141
"St. Thomas Population Center, ON, Canada",0.5017837708812715,0.24239230976123652,0.22743506060671975,0.02838885875077231
"Chatham Population Center, ON, Canada",0.6320141522087276,0.21222776282107264,0.1126976671348468,0.04306041783535299
"Georgetown Population Center, ON, Canada",0.29126290055345927,0.236678732631009,0.3888841539947121,0.08317421282081963
"Salaberry-de-Valleyfield Population Center, QC, Canada",0.4456556697274459,0.2980602944590776,0.2106834487023979,0.04560058711107854
"Spruce Grove Population Center, AB, Canada",0.31683423785989556,0.32936292257696365,0.3149588557907956,0.03884398377234527
"Shawinigan Population Center, QC, Canada",0.48921544103328574,0.30131441983421714,0.17993674777115215,0.029533391361345057
"Rimouski Population Center, QC, Canada",0.6864425559033295,0.22499491789695902,0.07192254200668904,0.016639984193022456
"Bradford Population Center, ON, Canada",0.21633081911986443,0.207715634879205,0.42213373595074155,0.15381981005018916
"Campbell River Population Center, BC, Canada",0.5277077454161605,0.2848326193133419,0.10696416072953122,0.08049547454096638
"Penticton Population Center, BC, Canada",0.6482388966654112,0.212234498583086,0.10295708299495909,0.03656952175654387
"Prince Albert Population Center, SK, Canada",0.713387061134813,0.20011188126981416,0.052308231167462395,0.03419282642791043
"Stouffville Population Center, ON, Canada",0.21717327483331408,0.2553773446977216,0.40072615697624486,0.12672322349271942
"Sorel Population Center, QC, Canada",0.5931138064457195,0.21311831768504358,0.13362395370427124,0.06014392216496559
"Mission Population Center, BC, Canada",0.2675255685495252,0.2601334617939708,0.2979566374846387,0.17438433217186525
"Leamington Population Center, ON, Canada",0.5133957108539697,0.2749633714287548,0.1905379814782211,0.02110293623905441
"Orangeville Population Center, ON, Canada",0.358063990982618,0.11495447406508359,0.37369737094276284,0.15328416400953565
"Leduc Population Center, AB, Canada",0.3865966889937966,0.27607735063093153,0.2783630797198147,0.058962880655457114
"Orillia Population Center, ON, Canada",0.5237873134328359,0.20475746268656708,0.185634328358209,0.08582089552238809
"Stratford Population Center, ON, Canada",0.6326030525758058,0.18085758204680893,0.1490375241634918,0.03750184121389346
"Moose Jaw Population Center, SK, Canada",0.6678002424719859,0.22051357804456476,0.07710811493063235,0.03457806455281687
"Cochrane Population Center, AB, Canada",0.3571683971724277,0.16207770654211986,0.4029333393624378,0.07782055692301469
"Lloydminster Population Center, SK-AB, Canada",0.6823361823361822,0.19907407407407415,0.07763532763532768,0.040954415954416
"Cape Breton - Sydney Population Center, NS, Canada",0.651954012633798,0.26237505444395015,0.07115109450529719,0.014519838416954789
"Okotoks Population Center, AB, Canada",0.3386275447383143,0.2420422679857255,0.3660411670006295,0.053289020275330654
"Innisfil Population Center, ON, Canada",0.1647047567433904,0.23016786793923913,0.3255840557271418,0.2795433195902287
"Timmins Population Center, ON, Canada",0.5816036184598392,0.26830472994647203,0.10395324860060631,0.04613840299308247
"Saint-Georges Population Center, QC, Canada",0.5698262452027927,0.2883063650598213,0.10874806569551539,0.03311932404187063
"Parksville Population Center, BC, Canada",0.5100275813999982,0.2646556162711518,0.18620111697872735,0.03911568535012265
"Keswick - Elmhurst Beach Population Center, ON, Canada",0.21606746062370347,0.26645114618517035,0.3508218048468569,0.16665958834426933
"Fort Saskatchewan Population Center, AB, Canada",0.3458069695992172,0.32637807549662234,0.2948550362677391,0.032959918636421365
"Bolton Population Center, ON, Canada",0.2615799713724452,0.16198712230362453,0.4690137289977061,0.10741917732622398
"Midland Population Center, ON, Canada",0.5933173566192319,0.18190290063228293,0.14923763193290232,0.07554211081558274
"Val-d'Or Population Center, QC, Canada",0.7020574684104604,0.17112794869341752,0.09219760627378772,0.034616976622334386
"Quispamsis - Rothesay Population Center, NB, Canada",0.29997088558641927,0.5686414923577318,0.11320592319049229,0.0181816988653566
"Whitehorse Population Center, YT, Canada",0.5441899281286432,0.40051884304739,0.047410309240162575,0.007880919583804259
"Duncan Population Center, BC, Canada",0.49658727180388507,0.2994981360241458,0.13662927502313665,0.06728531714883253
"Hudson Population Center, QC, Canada",0.2196902130936602,0.3191202628054578,0.37897614377740196,0.08221338032347994
"Tsawwassen Population Center, BC, Canada",0.33015592983941,0.2565243628114215,0.36886525016573835,0.04445445718343008
"Truro Population Center, NS, Canada",0.5921611114231555,0.25152113279074934,0.09404291652222979,0.06227483926386547
"Alliston Population Center, ON, Canada",0.36396018780390643,0.13493795556607077,0.2839437152855967,0.21715814134442607
"Fergus Population Center, ON, Canada",0.38099515637191445,0.2647043235952227,0.26176464009321865,0.09253587993964403
"Rouyn-Noranda Population Center, QC, Canada",0.6834298668606914,0.18664229627063594,0.07277024084462363,0.057157596024049045
"Ladner Population Center, BC, Canada",0.2884152777976104,0.3487513085008342,0.3166220522345844,0.046211361466970885
"Collingwood Population Center, ON, Canada",0.5567909680348185,0.2279330300881336,0.1355115619686735,0.07976443990837435
"Lindsay Population Center, ON, Canada",0.5004799990184581,0.13773767916299404,0.20573103525737962,0.15605128656116832
"Owen Sound Population Center, ON, Canada",0.6221639395588949,0.20516684849999672,0.12144594566807017,0.051223266273038186
"Brockville Population Center, ON, Canada",0.6474264741522032,0.19902053667703443,0.09354550341324447,0.06000748575751785
"Magog Population Center, QC, Canada",0.4999042661209667,0.2713331402048194,0.20489529473586476,0.023867298938349137
"Squamish Population Center, BC, Canada",0.4798594398365416,0.17940241573868565,0.2092379494891091,0.13150019493566364
"Wasaga Beach Population Center, ON, Canada",0.27604496336576323,0.28527261150864747,0.3130345271257656,0.12564789799982368
"Port Alberni Population Center, BC, Canada",0.6823808109861733,0.1669616984701116,0.07553487858287118,0.07512261196084392
"Chestermere Population Center, AB, Canada",0.1643098415571838,0.46326745567411204,0.3460141349274812,0.026408567841222978
"Sept-Îles Population Center, QC, Canada",0.6839208485369814,0.18717492433707225,0.12351245028858952,0.005391776837356713
"Fort St. John Population Center, BC, Canada",0.6773069243782108,0.19241887687875547,0.0690685979098128,0.06120560083322079
"Beaumont Population Center, AB, Canada",0.21707247766449048,0.39877559333592844,0.330414958766119,0.053736970233462085
"Varennes Population Center, QC, Canada",0.29082778899748235,0.3761570129983004,0.29203938058507056,0.040975817419146666
"Alma Population Center, QC, Canada",0.6765739599354438,0.1575389973328065,0.13652453359128414,0.02936250914046563
"Cranbrook Population Center, BC, Canada",0.683753715219955,0.16068405343358927,0.08670095647269269,0.06886127487376305
"Cobourg Population Center, ON, Canada",0.5566055301142808,0.20567176953858507,0.17161956611424892,0.06610313423288514
"Yellowknife Population Center, NT, Canada",0.7302269743868607,0.21555174935461371,0.035879421527863706,0.018341854730661907
"Les Coteaux Population Center, QC, Canada",0.25581758444321256,0.39651832334679815,0.28333850027937646,0.06432559193061274
"New Glasgow Population Center, NS, Canada",0.6570417692301774,0.2562981988839747,0.058244919890336776,0.028415111995511153
"Corner Brook Population Center, NL, Canada",0.7537671008234935,0.19892148786168912,0.02707094009963786,0.020240471215179606
"Rivière-du-Loup Population Center, QC, Canada",0.7510200788582078,0.18294388582336307,0.054758090811416985,0.011277944507012314
"Tillsonburg Population Center, ON, Canada",0.5132079143473547,0.21596357548122577,0.21539318415922645,0.055435326012192976
"Camrose Population Center, AB, Canada",0.6791019972284922,0.12606211500851902,0.1204941570411664,0.07434173072182233
"Steinbach Population Center, MB, Canada",0.5835428204956126,0.22362844248765523,0.11813120480076991,0.07469753221596227
"Buckingham Population Center, QC, Canada",0.31034683811966085,0.2618045562967717,0.3580656568475687,0.06978294873599873
"Stony Plain Population Center, AB, Canada",0.3251478555269074,0.2491689522242401,0.35664352948040534,0.06903966276844714
"Valley East Population Center, ON, Canada",0.20598173745339388,0.4511273743712447,0.295099921354108,0.04779096682125329
"Thetford Mines Population Center, QC, Canada",0.7352388600767538,0.15019798195829162,0.0808681491626314,0.033695008802323255
"Glace Bay Population Center, NS, Canada",0.42096029722212036,0.4084477887203058,0.15302633278554176,0.017565581272032123
"Pembroke Population Center, ON, Canada",0.5583836669569555,0.27030614593166596,0.14622368127148777,0.0250865058398907
"L'Assomption Population Center, QC, Canada",0.226660195175608,0.316745843920996,0.3488146346286223,0.10777932627477374
"Swift Current Population Center, SK, Canada",0.8128698332786343,0.11221099528006906,0.0485146531246398,0.026404518316656814
"Sylvan Lake Population Center, AB, Canada",0.31656273543592656,0.3481959420321999,0.240308044434082,0.09493327809779152
"Simcoe Population Center, ON, Canada",0.49425738509153105,0.22861941146814052,0.19882702230495614,0.0782961811353722
"Salmon Arm Population Center, BC, Canada",0.6646017607099116,0.19681607808742,0.09371129806705929,0.04487086313560896
"Strathroy Population Center, ON, Canada",0.5200423062940468,0.174145461108569,0.2673268394069164,0.03848539319046772
"Bathurst Population Center, NB, Canada",0.6165575821534623,0.2901129063577379,0.06062234400426513,0.0327071674845346
"Yorkton Population Center, SK, Canada",0.773608708216826,0.12131847468527658,0.05355169389994529,0.051521123197952025
"Laurentides Population Center, QC, Canada",0.1910926031518402,0.19581743449307595,0.476259861736248,0.13683010061883574
"Port Colborne Population Center, ON, Canada",0.39675492549097036,0.2696912629562688,0.26835565635766817,0.06519815519509266
"Fort Erie Population Center, ON, Canada",0.4743025929444909,0.24427606965688703,0.23733301440712185,0.04408832299150016
"Winkler Population Center, MB, Canada",0.7803219594383632,0.16907726237900467,0.038665128347121915,0.011935649835510162
"Amherstburg Population Center, ON, Canada",0.28802751357108725,0.3376515357394231,0.36152211054495104,0.012798840144538588
"Paris Population Center, ON, Canada",0.3051354972621598,0.3421342384526407,0.2790756193300604,0.07365464495513899
"Summerside Population Center, PE, Canada",0.7175996815517756,0.1790684654044403,0.07508235447417429,0.02824949856960998
"Kentville Population Center, NS, Canada",0.5437497018113322,0.3208707198902433,0.08928638926902087,0.046093189029403646
"Brooks Population Center, AB, Canada",0.7079654969220189,0.20867824873494348,0.045897496102714666,0.03745875824032305
"Terrace Population Center, BC, Canada",0.7202102487383211,0.16616325593497597,0.061103739851082535,0.05252275547562046
"Angus - Borden CFB-BFC Population Center, ON, Canada",0.2893072870985986,0.3416359794840644,0.1895308392227973,0.1795258941945397
"Petawawa Population Center, ON, Canada",0.5774571759780855,0.3399531873574363,0.07403124223847816,0.008558394425999805
"New Hamburg Population Center, ON, Canada",0.28514387557547644,0.4525236787002782,0.2219522439155127,0.04038020180873265
"High River Population Center, AB, Canada",0.4920331442072827,0.2179986788043413,0.23393083094390033,0.056037346044475626
"Carleton Place Population Center, ON, Canada",0.3561147537159106,0.24903637896881833,0.3641561183765663,0.030692748938704783
"Strathmore Population Center, AB, Canada",0.4565298606826173,0.12313883129536819,0.3412109879774967,0.0791203200445177
"North Battleford Population Center, SK, Canada",0.7662915539923465,0.1643161170256582,0.04529001615270534,0.024102312829289905
"Rockland Population Center, ON, Canada",0.2753898070843488,0.19104427799056517,0.47069321223734384,0.0628727026877421
"Ingersoll Population Center, ON, Canada",0.33608774183784673,0.3371685296931792,0.2746997768043176,0.05204395166465643
"Port-Alfred-Bagotville Population Center, QC, Canada",0.511169465276362,0.3532606631651236,0.11855213300448811,0.017017738554026277
"Cowansville Population Center, QC, Canada",0.4823960229875996,0.327325706381128,0.15649439620511033,0.033783874426161944
"Beamsville Population Center, ON, Canada",0.2931997388293551,0.32212898125533296,0.30520578296317025,0.07946549695214174
"Canmore Population Center, AB, Canada",0.5758426126065447,0.2536700138139834,0.10046730827970758,0.07002006529976433
"Edmundston Population Center, NB, Canada",0.74680972155642,0.19151946001256265,0.0524126838985986,0.00925813453241877
"Powell River Population Center, BC, Canada",0.7341146287369703,0.1777412651293629,0.0671611589179822,0.020982947215684646
"Aldergrove Population Center, BC, Canada",0.20631773892992433,0.33615058825526645,0.36840955673719333,0.0891221160776158
"Port Hope Population Center, ON, Canada",0.40180123117069855,0.23891659090711928,0.2553855760260472,0.10389660189613496
"Portage la Prairie Population Center, MB, Canada",0.7442743376506433,0.1617815717635557,0.055531484068227374,0.03841260651757353
"Trail - Fruitvale Population Center, BC, Canada",0.5466448266210071,0.3271696310689751,0.09957063711371636,0.026614905196301396
"Lacombe Population Center, AB, Canada",0.45667464445702105,0.3266569862043899,0.1713187105193741,0.04534965881921502
"Duck Lake Population Center, BC, Canada",0.3442930271027374,0.3653367123504949,0.2582899329461509,0.03208032760061674
"Wetaskiwin Population Center, AB, Canada",0.6358706390977374,0.1402859117692959,0.1540012724151481,0.06984217671781845
"Warman Population Center, SK, Canada",0.2992939703834721,0.41691048648282686,0.2358678263184579,0.0479277168152432
"Sydney Mines Population Center, NS, Canada",0.5216654687829068,0.3100366534295911,0.14231011856731904,0.02598775922018303
"Thompson Population Center, MB, Canada",0.8249763481551561,0.13623462630085148,0.017975402081362345,0.02081362346263009
"Caledonia Population Center, ON, Canada",0.21195548991660138,0.2482575432308902,0.4473539818987128,0.09243298495379566
"Sainte-Agathe-des-Monts - Val-David Population Center, QC, Canada",0.5062423039394536,0.23961230070737782,0.19490660193958081,0.05923879341358788
"Quesnel Population Center, BC, Canada",0.7101276894267107,0.2184527607926523,0.04211799217115806,0.029301557609478713
"Grand Falls-Windsor Population Center, NL, Canada",0.8285444853662952,0.10634203483353909,0.02824803267174531,0.036865447128420464
"Williams Lake Population Center, BC, Canada",0.7474166278156419,0.16436360020691873,0.04259305600802849,0.045626715969410835
"Prince Rupert Population Center, BC, Canada",0.7375479427035772,0.24203129212652524,0.01662883432915003,0.0037919308407476002
"Uxbridge Population Center, ON, Canada",0.3479662279366553,0.1582714910876308,0.3487046800274572,0.14505760094825665
"Saint-Augustin Population Center, QC, Canada",0.1416464190063075,0.40615924466456105,0.37292833956446847,0.07926599676466303
"Hawkesbury Population Center, QC-ON, Canada",0.5730855141790475,0.18544605662161176,0.15399983901735498,0.08746859018198576
"Dawson Creek Population Center, BC, Canada",0.6975814159193209,0.1494040891323428,0.1031681608783558,0.04984633406998066
"Chatham - Douglastown Population Center, NB, Canada",0.6341425068947042,0.2560444096560037,0.08580685033472879,0.024006233114563118
"Sooke Population Center, BC, Canada",0.27444123646099966,0.14968461444144682,0.43644799083565483,0.13942615826189866
"Arnprior Population Center, ON, Canada",0.38661093575718186,0.15799030922393245,0.36931569208585086,0.08608306293303486
"Sainte-Anne-des-Plaines Population Center, QC, Canada",0.1997371419433506,0.2634643958928846,0.4238861015051872,0.11291236065857771
"Lavaltrie Population Center, QC, Canada",0.20226369488811316,0.33900736149781285,0.34943540513428584,0.1092935384797882
"Lachute Population Center, QC, Canada",0.48600318712810964,0.17235076697120585,0.25993320216518007,0.08171284373550435
"Saint-Amable Population Center, QC, Canada",0.19597783294692703,0.392118422876236,0.3696441351753559,0.042259609001481076
"Nelson Population Center, BC, Canada",0.6038247715352785,0.2384285996016951,0.13387359681435673,0.023873032048669696
"Ladysmith Population Center, BC, Canada",0.3732678311905896,0.33274309982950795,0.23094159592534344,0.06304747305455906
"Hauterive Population Center, QC, Canada",0.6830586867818528,0.2724832810677515,0.03212819798767422,0.012329834162721527
"Elliot Lake Population Center, ON, Canada",0.7725744877420578,0.11249379186887801,0.060402306023952544,0.05452941436511161
"Kenora Population Center, ON, Canada",0.7299601334002944,0.21712103928928783,0.02768024230562049,0.02523858500479702
"Weyburn Population Center, SK, Canada",0.7387589572172746,0.10065964862421806,0.09332909735887215,0.06725229679963535
"Dolbeau Population Center, QC, Canada",0.6792146519083031,0.1338730172256193,0.1356756310990119,0.05123669976706573
"Binbrook Population Center, ON, Canada",0.13883423463315278,0.3594916231681028,0.38375509004668046,0.11791905215206396
"Elmira Population Center, ON, Canada",0.46366454595860973,0.3529116617035911,0.15440660931366482,0.029017183024134214
"Sainte-Marie Population Center, QC, Canada",0.5504418649981894,0.21969738098550995,0.21087525947082192,0.01898549454547862
"Estevan Population Center, SK, Canada",0.7453512085711153,0.15525326673286416,0.07411940312157195,0.025276121574448755
"Martensville Population Center, SK, Canada",0.27951975509097804,0.5347520671962559,0.15364127436862537,0.03208690334414072
"Morinville Population Center, AB, Canada",0.25378346915017463,0.27590221187427244,0.4284051222351571,0.04190919674039581
"Matane Population Center, QC, Canada",0.8585299937887086,0.08482309005673874,0.0483803092765264,0.008266606878026182
"Wallaceburg Population Center, ON, Canada",0.5165467625899282,0.15539568345323745,0.29064748201438834,0.03741007194244605
"Blackfalds Population Center, AB, Canada",0.27294884885214576,0.4747056573083385,0.17831707174943565,0.07402842209008015
"Castlegar Population Center, BC, Canada",0.470274216509688,0.29534806707035566,0.21407133083451707,0.020306385585439304
"Marieville Population Center, QC, Canada",0.3044086431245726,0.2605634462194556,0.3702353337344147,0.06479257692155717
"Whistler Population Center, BC, Canada",0.6005560188398523,0.28801061924494914,0.08216339364162965,0.029269968273568873
"Gander Population Center, NL, Canada",0.8794692614785022,0.055349363154557185,0.029766241114059937,0.03541513425288059
"Bracebridge Population Center, ON, Canada",0.5176853138788818,0.23085397678795458,0.18961619424289028,0.06184451509027335
"Summerland Population Center, BC, Canada",0.44305769043888255,0.37829878792904986,0.14471205281722158,0.03393146881484603
"Selkirk Population Center, MB, Canada",0.5484080546167601,0.13021893978173604,0.28551307122037534,0.03585993438112858
"Port Elgin Population Center, ON, Canada",0.4177546285790287,0.3111699465678637,0.26342543810822544,0.00764998674488219
"Tottenham Population Center, ON, Canada",0.15991719754464437,0.2072986798576322,0.4241450879240744,0.20863903467364908
"Gibsons Population Center, BC, Canada",0.46905701722120624,0.3009734956164993,0.15400823279220183,0.07596125437009262
"Port Perry Population Center, ON, Canada",0.3712777499718537,0.15859344741195167,0.3442869410209909,0.12584186159520375
"Amherst Population Center, NS, Canada",0.6899558039225447,0.17159017742346758,0.11423841661110484,0.02421560204288278
"Listowel Population Center, ON, Canada",0.5651440219518369,0.16689826463990345,0.2220924678784455,0.04586524552981419
"Crystal Beach Population Center, ON, Canada",0.29756574971158906,0.32949408487801807,0.3020402743202675,0.07089989109012541
"Smiths Falls Population Center, ON, Canada",0.4907305983982898,0.18702371100959916,0.20945319243310553,0.11279249815900542
"Sechelt Population Center, BC, Canada",0.5757811186649806,0.22033767029669193,0.16132371187641226,0.042557499161915105
"Acton Population Center, ON, Canada",0.2536580845157083,0.26837105281152784,0.35286277352082857,0.12510808915193525
"Kincardine Population Center, ON, Canada",0.46013905038840724,0.36892210666978753,0.14683890848757644,0.024099934454228644
"Amos Population Center, QC, Canada",0.729309722220406,0.1401803537237132,0.08395512674607496,0.04655479730980576
"Whitecourt Population Center, AB, Canada",0.6567644528653181,0.15729634548916657,0.08249872869537653,0.10344047295013874
"Hinton Population Center, AB, Canada",0.7047387606318346,0.15431348724179833,0.07411907654921021,0.06682867557715674
"Morden Population Center, MB, Canada",0.6279322634863741,0.2913384830086449,0.047134504125315085,0.03359474937966605
"Baie-Comeau Population Center, QC, Canada",0.6614494381939546,0.2945682164555539,0.03150914387437022,0.012473201476121201
"Labrador City Population Center, NL, Canada",0.7190351492518862,0.26248388771054865,0.018480963037565194,0.0
"Shelburne Population Center, ON, Canada",0.24386920980926433,0.21662125340599453,0.2561307901907357,0.2833787465940055
"Olds Population Center, AB, Canada",0.6280588860877029,0.16621229870599602,0.13818904226431802,0.0675397729419831
"Taber Population Center, AB, Canada",0.7007468890491859,0.16590108693216493,0.11149741860712854,0.021854605411520546
"Donnacona Population Center, QC, Canada",0.3431518968744899,0.2936112485699881,0.3574397597028376,0.0057970948526843685
"Montmagny Population Center, QC, Canada",0.6874796291255463,0.1796653220229596,0.1057963579229758,0.027058690928518432
"Saint-Sauveur-des-Monts Population Center, QC, Canada",0.3302113247723635,0.27265888777534597,0.28511520375268334,0.11201458369960715
"Campbellton Population Center, NB, Canada",0.7891128477977499,0.16173385961353745,0.0408002104062471,0.008353082182465417
"Bridgewater Population Center, NS, Canada",0.6510067114093959,0.21308724832214765,0.09899328859060405,0.036912751677852344
"Embrun Population Center, ON, Canada",0.28112915699922664,0.18883816081630614,0.4976498765062495,0.03238280567821769
"Coaldale Population Center, AB, Canada",0.3512121235700557,0.48708312993875735,0.12709128994741897,0.03461345654376786
"Oromocto Population Center, NB, Canada",0.7160313156057544,0.234681130879467,0.046693471750842805,0.0025940817639357105
"Shediac Population Center, NB, Canada",0.44684272211546033,0.3744850966062251,0.16788405278111196,0.010788128497202721
"Sutton Population Center, ON, Canada",0.2072365086576235,0.19611220934739673,0.36513620825303605,0.2315150737419436
"King Population Center, ON, Canada",0.144811633591125,0.3688174180103493,0.39166402672532397,0.09470692167320169
"Renfrew Population Center, ON, Canada",0.5678362959474826,0.17582159247073595,0.15109233237567976,0.10524977920610154
"Banff Population Center, AB, Canada",0.6272108843537415,0.27619047619047626,0.07891156462585036,0.017687074829931974
"Essex Population Center, ON, Canada",0.2712807270265068,0.5226200038502132,0.20609926912327986,0.0
"Napanee Population Center, ON, Canada",0.4778396114767709,0.17408269934217943,0.33302673350832424,0.015050955672725441
"Edson Population Center, AB, Canada",0.738336879213189,0.12287625311323407,0.06481682288029056,0.0739700447932864
"Roberval Population Center, QC, Canada",0.7655699146582273,0.1505500218897173,0.06383873838018059,0.020041325071874696
"Dauphin Population Center, MB, Canada",0.8375133384116986,0.11274711214347494,0.03979163955586121,0.009947909888965302
"Aylmer Population Center, ON, Canada",0.4051287980136643,0.30684977510584066,0.24656602859486568,0.04145539828562936
"Port Dover Population Center, ON, Canada",0.34755345992368236,0.3401801800046258,0.21065523718861048,0.10161112288308138
"Farnham Population Center, QC, Canada",0.35096003901724215,0.2983513610975692,0.29156087798411234,0.059127721901076194
"Yarmouth Population Center, NS, Canada",0.7238576727776843,0.1745873727763117,0.08370861837765016,0.017846336068353705
"Contrecoeur Population Center, QC, Canada",0.24794247087112953,0.2613947289815984,0.4208323976341403,0.06983040251313179
"Hanover Population Center, ON, Canada",0.5657002665044963,0.18961398185905062,0.1843287809874593,0.060356970648993674
"Goderich Population Center, ON, Canada",0.6812868598770213,0.1712038866456361,0.10002016164523586,0.047489091832106776
"Revelstoke Population Center, BC, Canada",0.7818738841528183,0.14054624653632666,0.03258635376367315,0.044993515547181805
"Mont-Laurier Population Center, QC, Canada",0.7341866567994982,0.1914247148513035,0.045806748599856555,0.02858187974934178
"L'Épiphanie Population Center, QC, Canada",0.21821319497058755,0.328634642612133,0.3517586422757986,0.10139352014148083
"Grand Centre Population Center, AB, Canada",0.6720334617110438,0.1678753059635333,0.11634773790250612,0.043743494422916814
"La Tuque Population Center, QC, Canada",0.8278402856381347,0.11497384021021033,0.039560477521712586,0.017625396629942558
"Stephenville Population Center, NL, Canada",0.773280696348208,0.14479163726666647,0.037249330434219546,0.044678335950906034
"The Pas Population Center, MB, Canada",0.7825853780000351,0.17329462640061233,0.03297685850674968,0.011143137092602754
"Shawnigan - Mill Bay Population Center, BC, Canada",0.25083275981329184,0.26831172952386445,0.38129813449223576,0.09955737617060784
"St. Marys Population Center, ON, Canada",0.5337941099369394,0.24651922411512667,0.1831976363451239,0.036489029602809954
"Angers Population Center, QC, Canada",0.1938610662358643,0.4394184168012924,0.308562197092084,0.05815831987075929
"Cold Lake Population Center, AB, Canada",0.3697096185537083,0.34942796247897867,0.2019662032823647,0.07889621568494826
"Fort Frances Population Center, ON, Canada",0.7170767909593118,0.10573098383829875,0.10699309348413412,0.0701991317182553
"Kingston - Greenwood Population Center, NS, Canada",0.6004283517438677,0.2616938569795907,0.1326179965480682,0.005259794728473537
"Kapuskasing Population Center, ON, Canada",0.8209596065114959,0.09928489302757208,0.017819707431728428,0.06193579302920362
"Ponoka Population Center, AB, Canada",0.6242334698029892,0.12873652809764666,0.18932015646447042,0.057709845634893675
"Plessisville Population Center, QC, Canada",0.6284177360469951,0.2493746157355908,0.09539183687764677,0.026815811339767275
"Saint-Rémi Population Center, QC, Canada",0.3515052866339391,0.2940581609311142,0.31299146138966094,0.04144509104528587
"Innisfail Population Center, AB, Canada",0.5533325460787727,0.20845263414535406,0.18202519308851703,0.05618962668735616
"Happy Valley-Goose Bay Population Center, NL, Canada",0.7220550314979085,0.17797326188001802,0.07323435849876958,0.026737348123303896
"Iqaluit Population Center, NU, Canada",0.844873588812849,0.12929433340961052,0.019627355200328288,0.006204722577212166
"Drayton Valley Population Center, AB, Canada",0.7194387179131573,0.1009649149468678,0.0947221209680014,0.08487424617197367
"Sturgeon Falls Population Center, ON, Canada",0.6091564086199447,0.11372390877304722,0.20177861499754823,0.07534106760945991
"Bay Roberts Population Center, NL, Canada",0.46370334943897235,0.2570099087613815,0.12492830487032344,0.15435843692932277
"Parry Sound Population Center, ON, Canada",0.6832710677424204,0.16822530482787826,0.11232410342551792,0.0361795240041833
"Saint-Félicien Population Center, QC, Canada",0.5961424490495898,0.2782889311417259,0.09054361615962339,0.03502500364906091
"Kitimat Population Center, BC, Canada",0.6446990883716366,0.32372146674041297,0.0180454821350348,0.013533962752915614
"New Waterford Population Center, NS, Canada",0.3157381883976482,0.4943614744574484,0.18390217800898975,0.005998159135913683
"Huntsville Population Center, ON, Canada",0.5720077615543244,0.19599210495560948,0.1646809096337086,0.06731922385635745
"Enfield - Lantz Population Center, NS, Canada",0.3080839937838392,0.2820035776751479,0.38414839193650113,0.02576403660451168
"Pont-Rouge Population Center, QC, Canada",0.2776235334155995,0.3128916428719959,0.3963683720036928,0.013116451708711898
"Devon Population Center, AB, Canada",0.2751937984496124,0.3255813953488372,0.35658914728682173,0.04263565891472868
"Slave Lake Population Center, AB, Canada",0.6770628884288745,0.22928476576994972,0.04156699471865089,0.05208535108252487
"Rocky Mountain House Population Center, AB, Canada",0.6976882899148827,0.14859534863726254,0.08131287077637347,0.07240349067148136
"Nobleton Population Center, ON, Canada",0.12900542262805323,0.3098432868083767,0.4816193354852806,0.07953195507828953
"Drumheller Population Center, AB, Canada",0.7559031398095302,0.12830180682086828,0.05586153857242817,0.05993351479717332
"Chibougamau Population Center, QC, Canada",0.8176011372192227,0.0951347735143766,0.03890963408441478,0.04835445518198592
"Perth Population Center, ON, Canada",0.5124156489726416,0.19834364641355304,0.17679563298082934,0.1124450716329761
"Wainwright Population Center, AB, Canada",0.7941644615969322,0.10780383058474215,0.061227106042721226,0.03680460177560441
"Smithville Population Center, ON, Canada",0.24448644630823685,0.28910192368428217,0.3680182501295863,0.09839337987789469
"Bonnyville Population Center, AB, Canada",0.6544962995543196,0.1307190100773261,0.16746484569464018,0.04731984467371394
"Beaupré Population Center, QC, Canada",0.37723987563206507,0.19621580313444484,0.4022147860439599,0.024329535189530044
"Coaticook Population Center, QC, Canada",0.6367317476418416,0.12753296421031063,0.2174673210308346,0.018267967117013145
"Corunna Population Center, ON, Canada",0.41796434244585207,0.5214660535107721,0.05206871519318232,0.008500888850193468
"Carbonear Population Center, NL, Canada",0.6199736128823706,0.21007341510930375,0.026888037384745475,0.1430649346235801
"Saint-Jovite Population Center, QC, Canada",0.5652728204179268,0.2806279153424136,0.11033283556414253,0.043766428675516965
"Chelmsford Population Center, ON, Canada",0.310413012109361,0.4191999196595375,0.2464500358632881,0.02393703236781356
"Tay Population Center, ON, Canada",0.3069052491261835,0.3250071335174552,0.266257837934095,0.1018297794222664
"Kirkland Lake Population Center, ON, Canada",0.7416648579527679,0.1156083743155857,0.10282342873811967,0.039903338993526646
"Clarenville-Shoal Harbour Population Center, NL, Canada",0.7880018670759805,0.07824412417824693,0.08124655943011776,0.05250744931565471
"Russell Population Center, ON, Canada",0.20796524497241692,0.23961025959266244,0.5315058003411216,0.020918695093799018
"Almonte Population Center, ON, Canada",0.3181658002370074,0.27178468482276386,0.3706159292549391,0.03943358568528962
"Nicolet Population Center, QC, Canada",0.5378855574121765,0.25721061561097336,0.17278076485199861,0.03212306212485159
"Chippawa Population Center, ON, Canada",0.2788265526667563,0.4830892172720951,0.17243665028279198,0.06564757977835664
"Sainte-Adèle Population Center, QC, Canada",0.32625748708449837,0.3329181330742009,0.24209383647648644,0.09873054336481435
"Dunnville Population Center, ON, Canada",0.4481094231791177,0.13152424239349722,0.32245968796131125,0.09790664646607386
"Manotick Station Population Center, ON, Canada",0.2135819293954084,0.39311740575922816,0.3773218257199138,0.01597883912544956
"Brighton Population Center, ON, Canada",0.30938216363660587,0.3051251833337529,0.27754517005841844,0.10794748297122284
"Porcupine Population Center, ON, Canada",0.3631384951078532,0.44871604686354183,0.14721600003078272,0.04092945799782217
