longname,Commute Time < 15 min % [StatCan],Commute Time 15 - 29 min % [StatCan],Commute Time 30 - 59 min % [StatCan],Commute Time > 60 min % [StatCan]
"Edmonton--Wetaskiwin (Riding), Alberta, Canada",0.2454673094810625,0.3820196939746647,0.312544623847923,0.059968372696349914
"Calgary Shepard (Riding), Alberta, Canada",0.23584270131590426,0.4740735689224404,0.24574913741462934,0.04433459234702588
"Brampton West (Riding), Ontario, Canada",0.1100075879830375,0.3184300271834991,0.4398056927566824,0.13175669207678098
"Calgary Skyview (Riding), Alberta, Canada",0.1632416344713421,0.46659727552752206,0.3084465349227098,0.06171455507842613
"Banff--Airdrie (Riding), Alberta, Canada",0.34436235259666387,0.2738235338910805,0.3254511967577619,0.05636291675449365
"Simcoe--Grey (Riding), Ontario, Canada",0.3145919518616021,0.2550770966528768,0.2696502444528017,0.16068070703271928
"Durham (Riding), Ontario, Canada",0.23896138385996343,0.31025793856663236,0.3012448426018606,0.14953583497154352
"Oakville North--Burlington (Riding), Ontario, Canada",0.2734307824591573,0.32710969168406806,0.30942144699668384,0.09003807886009091
"King--Vaughan (Riding), Ontario, Canada",0.17476595809260073,0.3424222269804588,0.38792651498562175,0.09488529994131872
"Niagara Falls (Riding), Ontario, Canada",0.40802828144600367,0.37073782643402853,0.16695176188847052,0.05428213023149725
"Calgary Rocky Ridge (Riding), Alberta, Canada",0.1703279947582544,0.4417733359370349,0.34242205270092346,0.045476616603787184
"Guelph (Riding), Ontario, Canada",0.4078909474896803,0.31717385043678603,0.2052414322741673,0.06969376979936638
"Dufferin--Caledon (Riding), Ontario, Canada",0.23025210084033615,0.2134453781512604,0.40457516339869254,0.15172735760971093
"Etobicoke--Lakeshore (Riding), Ontario, Canada",0.1815238442619381,0.3388264932798071,0.38254041972871133,0.09710924272954348
"Brantford--Brant (Riding), Ontario, Canada",0.38081987873421175,0.29990644505254827,0.24831501151729674,0.07095866469594328
"Orléans (Riding), Ontario, Canada",0.26272189789260364,0.4140437185721822,0.2693922147164724,0.053842168818741654
"London West (Riding), Ontario, Canada",0.329613513128982,0.4578329681288097,0.1683664287793552,0.04418708996285303
"Whitby (Riding), Ontario, Canada",0.2480766954669193,0.2818084980471063,0.32477216238608103,0.14534264409989336
"London North Centre (Riding), Ontario, Canada",0.3380909643258889,0.42835560417087426,0.1922478684322982,0.04130556307093853
"Milton (Riding), Ontario, Canada",0.23843195633296121,0.26398709837489126,0.3869246991688377,0.11065624612330971
"North Okanagan--Shuswap (Riding), British Columbia, Canada",0.4580234194996338,0.30221799543170375,0.17883600942493139,0.06092257564373102
"Kelowna--Lake Country (Riding), British Columbia, Canada",0.38345495392155465,0.4411600839949007,0.14465641156026238,0.03072855052328241
"Markham--Stouffville (Riding), Ontario, Canada",0.1887902878480912,0.2834965732271617,0.4088525259050845,0.11886061301966258
"Spadina--Fort York (Riding), Ontario, Canada",0.20159026702507846,0.3547505484562482,0.3591473099124845,0.08451187460618893
"Kamloops--Thompson--Cariboo (Riding), British Columbia, Canada",0.41931091202027826,0.39798916760107483,0.13139695401511067,0.0513029663635363
"Essex (Riding), Ontario, Canada",0.2876576070518084,0.44574428552910217,0.2574631638076303,0.009134943611459178
"Edmonton West (Riding), Alberta, Canada",0.23454687876236238,0.46884657911131783,0.2574894756507549,0.03911706647556476
"Nanaimo--Ladysmith (Riding), British Columbia, Canada",0.4353450040372514,0.3701026041239367,0.14452707329681008,0.05002531854200182
"Langley--Aldergrove (Riding), British Columbia, Canada",0.2448052385854806,0.34214720959797507,0.3351329284321717,0.0779146233843726
"Mirabel (Riding), Quebec, Canada",0.19972779857094244,0.3492684586594081,0.3640694113644097,0.08693433140523989
"Nepean (Riding), Ontario, Canada",0.22920027464507775,0.435584712265427,0.2869309771576668,0.04828403593182844
"Brampton South (Riding), Ontario, Canada",0.1574990770904164,0.3902652215788208,0.3480635714230808,0.10417212990768193
"Edmonton Manning (Riding), Alberta, Canada",0.20153550863723613,0.46024850995050004,0.29255480351550656,0.04566117789675724
"Coquitlam--Port Coquitlam (Riding), British Columbia, Canada",0.2242567224340828,0.2854646120179344,0.3752527243140193,0.11502594123396337
"Brampton East (Riding), Ontario, Canada",0.1332022355619954,0.3954667770647897,0.38459946180914945,0.08673152556406544
"Surrey Centre (Riding), British Columbia, Canada",0.1484972988326102,0.2882942215396391,0.41901942832773437,0.1441890513000164
"Red Deer--Lacombe (Riding), Alberta, Canada",0.41595690169214317,0.3507913181120698,0.174148119547936,0.059103660647851074
"Carleton (Riding), Ontario, Canada",0.23382851212241898,0.398153140437823,0.33031249153188846,0.0377058559078696
"Oshawa (Riding), Ontario, Canada",0.28597688114822034,0.31273445942672773,0.2613810359026331,0.13990762352241876
"West Vancouver--Sunshine Coast--Sea to Sky Country (Riding), British Columbia, Canada",0.4205520321419719,0.2909209259347113,0.2110812236643717,0.07744581825894517
"St. Albert--Edmonton (Riding), Alberta, Canada",0.2705329899072253,0.43709619637055475,0.2628846557709173,0.029486157951302713
"Cloverdale--Langley City (Riding), British Columbia, Canada",0.22707008740963258,0.348792557561279,0.3471545850143934,0.076982770014695
"Windsor West (Riding), Ontario, Canada",0.43178303289080566,0.42795661538952495,0.1189591115245432,0.021301240195126
"Calgary Centre (Riding), Alberta, Canada",0.3114375810647978,0.4681207350065436,0.18046402173621096,0.03997766219244773
"Pontiac (Riding), Quebec, Canada",0.24724758079911596,0.330721224727227,0.32455750839403563,0.09747368607962144
"Vaudreuil--Soulanges (Riding), Quebec, Canada",0.23243988364998563,0.3482016003485744,0.3459435043397423,0.07341501166169777
"Calgary Midnapore (Riding), Alberta, Canada",0.22074525785818055,0.44526155487428054,0.2855827694185542,0.04841041784898465
"Esquimalt--Saanich--Sooke (Riding), British Columbia, Canada",0.31392015535440015,0.41954746745617183,0.22698494134583214,0.03954743584359586
"Markham--Unionville (Riding), Ontario, Canada",0.16543047796288976,0.369574630365325,0.36180560010191626,0.10318929156986906
"Wellington--Halton Hills (Riding), Ontario, Canada",0.2842229875161426,0.26915626345243215,0.34933275936289304,0.09728798966853215
"Mississauga Centre (Riding), Ontario, Canada",0.17430175843600396,0.400541909329747,0.3288621132897171,0.09629421894453208
"Waterloo (Riding), Ontario, Canada",0.37264581694260446,0.4201410598387234,0.15607338765704917,0.0511397355616229
"Newmarket--Aurora (Riding), Ontario, Canada",0.29110970810193476,0.2339305134778259,0.3580123561016174,0.11694742231862179
"London--Fanshawe (Riding), Ontario, Canada",0.37689307293293534,0.41408956717198414,0.16902790332967102,0.039989456565409455
"Vancouver Centre (Riding), British Columbia, Canada",0.25360830021853964,0.39819711525892654,0.29766123653286275,0.05053334798967105
"Ajax (Riding), Ontario, Canada",0.21719914130572066,0.262028033842657,0.3703750473544637,0.15039777749715869
"Elgin--Middlesex--London (Riding), Ontario, Canada",0.37314773251518263,0.3366835709068224,0.2466609736475411,0.04350772293045372
"Ottawa Centre (Riding), Ontario, Canada",0.33952953001570196,0.4512108534412508,0.17624878882885836,0.033010827714189055
"Sherwood Park--Fort Saskatchewan (Riding), Alberta, Canada",0.2947924068622474,0.37894629986803374,0.29854837072378443,0.027712922545934472
"Kingston and the Islands (Riding), Ontario, Canada",0.4409630378265103,0.41601950925168324,0.11709099709674646,0.025926455825059765
"Edmonton Mill Woods (Riding), Alberta, Canada",0.22179739911891602,0.44833024356197243,0.27998101160535016,0.049891345713761415
"Flamborough--Glanbrook (Riding), Ontario, Canada",0.22090313501672554,0.3891627116265936,0.30714357889853744,0.08279057445814343
"Peterborough--Kawartha (Riding), Ontario, Canada",0.427022854765157,0.29573463115541504,0.19550006269798823,0.08174245138143975
"Burlington (Riding), Ontario, Canada",0.33206006322444714,0.35273972602739706,0.244599578503688,0.07060063224446793
"Beloeil--Chambly (Riding), Quebec, Canada",0.2524473450014832,0.3253238406012063,0.35765845940868213,0.06457035498862851
"New Westminster--Burnaby (Riding), British Columbia, Canada",0.15896332851301032,0.33888473160441823,0.41571239642420027,0.08643954345837124
"Brampton North (Riding), Ontario, Canada",0.14458444228705625,0.38345124409066356,0.3682085408173405,0.10375577280493967
"Ottawa South (Riding), Ontario, Canada",0.29215094348223525,0.4526778607040108,0.21714492461136037,0.03802627120239364
"Fleetwood--Port Kells (Riding), British Columbia, Canada",0.1627299429841416,0.3600395329269622,0.3777697580429934,0.09946076604590266
"Sturgeon River--Parkland (Riding), Alberta, Canada",0.26117950508871446,0.3048657334045902,0.3720035692134268,0.06195119229326865
"Oxford (Riding), Ontario, Canada",0.4119352861878067,0.2768676221552207,0.2607703993681862,0.05042669228878638
"Courtenay--Alberni (Riding), British Columbia, Canada",0.5233325305355043,0.2847699741084591,0.1370061431741443,0.054891352181892374
"York--Simcoe (Riding), Ontario, Canada",0.2051475697261886,0.24327145262993982,0.3862222279272764,0.16535874971659503
"Cowichan--Malahat--Langford (Riding), British Columbia, Canada",0.3429405487760384,0.3479397249512395,0.2511701187061475,0.05794960756657456
"Edmonton Riverbend (Riding), Alberta, Canada",0.1852964616551238,0.4983304862606638,0.27856526026051914,0.03780779182369324
"Calgary Confederation (Riding), Alberta, Canada",0.28772786756356533,0.48945144927004214,0.18759327976319407,0.03522740340319835
"Lethbridge (Riding), Alberta, Canada",0.5013732072017094,0.37513986369646996,0.09419184213203109,0.02929508696978942
"Laurentides--Labelle (Riding), Quebec, Canada",0.38213058419243984,0.30859106529209623,0.2177548682703323,0.09152348224513175
"South Okanagan--West Kootenay (Riding), British Columbia, Canada",0.5455879417916727,0.27946323420163116,0.13716372595268977,0.037785098054006525
"Mississauga--Erin Mills (Riding), Ontario, Canada",0.19107534747622512,0.3770299926847112,0.33138258961228967,0.10051207022677398
"Victoria (Riding), British Columbia, Canada",0.37993965307077215,0.4393178481068675,0.16130117038218644,0.019441328440173863
"Portneuf--Jacques-Cartier (Riding), Quebec, Canada",0.2940389169154742,0.35581179862040513,0.3228662617111093,0.027283022753011428
"Louis-Saint-Laurent (Riding), Quebec, Canada",0.3137507503343249,0.50727004314213,0.16155645938227775,0.017422747141267344
"North Vancouver (Riding), British Columbia, Canada",0.297778806108283,0.39009717723276294,0.2729060620083295,0.03921795465062472
"Calgary Signal Hill (Riding), Alberta, Canada",0.2059631384454462,0.48016512741483275,0.2771939306137803,0.03667780352594082
"Windsor--Tecumseh (Riding), Ontario, Canada",0.37268527218246056,0.4972874481083769,0.11551305878975414,0.014514220919408417
"Rivière-du-Nord (Riding), Quebec, Canada",0.27322027213567346,0.3334647998422399,0.3066456320252419,0.08666929599684468
"Haliburton--Kawartha Lakes--Brock (Riding), Ontario, Canada",0.28057107386716335,0.2667908131595281,0.2731222842954686,0.17951582867783988
"Central Okanagan--Similkameen--Nicola (Riding), British Columbia, Canada",0.41791284643603005,0.34933608406786615,0.18928276438668826,0.04346830510941556
"Oakville (Riding), Ontario, Canada",0.3060782681099081,0.32123230641132394,0.29608659450457975,0.07660283097418819
"Surrey--Newton (Riding), British Columbia, Canada",0.16014613758660798,0.32640896519560025,0.3899937842259111,0.12345111299188075
"Cambridge (Riding), Ontario, Canada",0.32177265676684563,0.3574728132526273,0.24709506725580313,0.07365946272472412
"Kootenay--Columbia (Riding), British Columbia, Canada",0.55933974091099,0.2346427078980364,0.13936481404095277,0.06665273715002092
"Pickering--Uxbridge (Riding), Ontario, Canada",0.20524670381949178,0.2714421639255129,0.3945901862172082,0.1287209460377873
"Red Deer--Mountain View (Riding), Alberta, Canada",0.4133453488234952,0.34134549577599793,0.17629927974948825,0.06900987565101853
"Simcoe North (Riding), Ontario, Canada",0.40660905592137647,0.27714194095036093,0.2116674974072118,0.10458150572105082
"Barrie--Innisfil (Riding), Ontario, Canada",0.27245172878311613,0.26111360574764264,0.2700942972608892,0.19634036820835205
"Burnaby South (Riding), British Columbia, Canada",0.16498237005339653,0.3414413396921591,0.4262402881684313,0.06733600208601298
"Bellechasse--Les Etchemins--Lévis (Riding), Quebec, Canada",0.4045720361509833,0.3353535353535357,0.23030303030303023,0.029771398192450813
"Terrebonne (Riding), Quebec, Canada",0.17949709864603466,0.33075435203094766,0.39110251450677,0.09864603481624767
"Vimy (Riding), Quebec, Canada",0.2171537643975749,0.37528814977501657,0.34471017315744545,0.06284791266996329
"Toronto Centre (Riding), Ontario, Canada",0.20527912723318242,0.3515487672034627,0.35632449294503227,0.08684761261832273
"Kitchener South--Hespeler (Riding), Ontario, Canada",0.2879899648885879,0.44408045336270496,0.1981972330736007,0.06973234867510646
"Niagara Centre (Riding), Ontario, Canada",0.35620266763177966,0.3722914819862863,0.20973047683205914,0.061775373549874966
"South Surrey--White Rock (Riding), British Columbia, Canada",0.2562362761907603,0.28944967419924494,0.3780280165507023,0.07628603305929253
"Grande Prairie--Mackenzie (Riding), Alberta, Canada",0.4527416191133645,0.35048593223839997,0.12976640889371666,0.0670060397545189
"Bow River (Riding), Alberta, Canada",0.4043997056715118,0.2871436191826065,0.2542532513213094,0.054203423824572314
"Ville-Marie--Le Sud-Ouest--Île-des-Soeurs (Riding), Quebec, Canada",0.21181195745232176,0.39234134847690555,0.3347913855411019,0.061055308529670754
"Dorval--Lachine--LaSalle (Riding), Quebec, Canada",0.22690712837561597,0.38712586486550227,0.2862516214610269,0.09971538529785494
"Salaberry--Suroît (Riding), Quebec, Canada",0.3295968962677334,0.3362544366316813,0.2727201289014948,0.06142853819909067
"Sherbrooke (Riding), Quebec, Canada",0.41712030082715806,0.41515277197855577,0.14582052335475384,0.02190640383953229
"Aurora--Oak Ridges--Richmond Hill (Riding), Ontario, Canada",0.1641104443102875,0.2995167443667819,0.41922111246667754,0.11715169885625301
"Ottawa--Vanier (Riding), Ontario, Canada",0.29682902909447545,0.4344557044785878,0.21820856489048707,0.05050670153644976
"Repentigny (Riding), Quebec, Canada",0.22864944119741437,0.3012552421702414,0.3620489511148968,0.10804636551744748
"Montcalm (Riding), Quebec, Canada",0.2021162993884092,0.28230268905931427,0.4028735074264637,0.11270750412581292
"Northumberland--Peterborough South (Riding), Ontario, Canada",0.3196703337878505,0.30129751803894195,0.26376727636135194,0.11526487181185563
"Vancouver East (Riding), British Columbia, Canada",0.21163002064691416,0.39421256846412184,0.34260025054220106,0.051557160346762915
"Lévis--Lotbinière (Riding), Quebec, Canada",0.29532520325203276,0.416361788617886,0.2582317073170731,0.030081300813008166
"Etobicoke Centre (Riding), Ontario, Canada",0.19504343407691424,0.3682265085261025,0.3390145818421273,0.09771547555485592
"Willowdale (Riding), Ontario, Canada",0.14423851732473805,0.30523771152296575,0.44141821112006435,0.10910556003223205
"Ahuntsic-Cartierville (Riding), Quebec, Canada",0.16723463334595476,0.36274138583869725,0.3903824308973876,0.07964154991796048
"Hamilton West--Ancaster--Dundas (Riding), Ontario, Canada",0.26103500928783674,0.4376167501747164,0.22798735542480209,0.07336088511264488
"Mississauga--Lakeshore (Riding), Ontario, Canada",0.21683377991122615,0.3684275397541523,0.3302234905921164,0.08451518974250509
"Toronto--St. Paul's (Riding), Ontario, Canada",0.17763382202523012,0.32935560859188556,0.4070917149676098,0.08591885441527444
"Laurier--Sainte-Marie (Riding), Quebec, Canada",0.1789759509728366,0.39554552569403517,0.3681449746076572,0.05733354872547109
"Mississauga--Malton (Riding), Ontario, Canada",0.1958816261042328,0.4088377125590908,0.30677845951794397,0.0885022018187323
"Mississauga--Streetsville (Riding), Ontario, Canada",0.1842479819721765,0.37572992030784946,0.3434464700965254,0.0965756276234486
"York South--Weston (Riding), Ontario, Canada",0.13023699456743648,0.29598658651691107,0.4089655306404716,0.16481088827518073
"Kanata--Carleton (Riding), Ontario, Canada",0.28000683980217467,0.3836833414036339,0.2904811418661951,0.045828676927996234
"Glengarry--Prescott--Russell (Riding), Ontario, Canada",0.29592805480634715,0.24133510122900756,0.3856549400214996,0.07708190394314576
"Ottawa West--Nepean (Riding), Ontario, Canada",0.27159057608360804,0.45530425944317593,0.22284011481806626,0.05026504965514984
"Mississauga East--Cooksville (Riding), Ontario, Canada",0.19333927903692058,0.38500009992404877,0.32617257668984817,0.09548804434918239
"Haldimand--Norfolk (Riding), Ontario, Canada",0.3051259241100003,0.28623235508605643,0.309453656138839,0.09918806466510417
"Etobicoke North (Riding), Ontario, Canada",0.16558987148651436,0.346936514541069,0.35294314149338174,0.13453047247903485
"Shefford (Riding), Quebec, Canada",0.4508792250184275,0.3189428240496994,0.18521638412130123,0.04496156681057178
"Bay of Quinte (Riding), Ontario, Canada",0.4447197469966257,0.35340493499234915,0.1560029320586226,0.04587238595240242
"Eglinton--Lawrence (Riding), Ontario, Canada",0.1810290404040405,0.32938762626262635,0.40419823232323215,0.08538510101010106
"Saint-Léonard--Saint-Michel (Riding), Quebec, Canada",0.1757716549280115,0.326856410266706,0.38610492543528946,0.11126700936999301
"Thornhill (Riding), Ontario, Canada",0.1972905636873249,0.3372781065088756,0.36312675179071946,0.10230457801308
"Calgary Nose Hill (Riding), Alberta, Canada",0.1735522031637771,0.5184366303490769,0.26223987579905006,0.04577129068809581
"Foothills (Riding), Alberta, Canada",0.37350716056722694,0.25322570567567687,0.29727120380633776,0.07599592995075867
"Longueuil--Saint-Hubert (Riding), Quebec, Canada",0.24483189526302088,0.38686208149373275,0.3057432633490378,0.06256275989420859
"La Prairie (Riding), Quebec, Canada",0.2559655324790105,0.36058329650905885,0.33572691117984954,0.04772425983208124
"Port Moody--Coquitlam (Riding), British Columbia, Canada",0.19795127100345977,0.3113507726533713,0.4013163643142147,0.0893815920289543
"St. Catharines (Riding), Ontario, Canada",0.42107985672565423,0.37552170123892586,0.1551963256574683,0.04820211637795156
"Saint-Jean (Riding), Quebec, Canada",0.3729243786356422,0.28947646747752503,0.28556319407720826,0.05203595980962456
"Brossard--Saint-Lambert (Riding), Quebec, Canada",0.21947975169967496,0.3931421814957137,0.3322494827076559,0.055128584096955376
"Richmond Hill (Riding), Ontario, Canada",0.18393574297188772,0.34425702811244996,0.370602409638554,0.10120481927710841
"Trois-Rivières (Riding), Quebec, Canada",0.5169297505723575,0.3343776358597426,0.12182190625376564,0.026870707314134247
"Brome--Missisquoi (Riding), Quebec, Canada",0.38181382532646463,0.3153228704923924,0.24116449023601272,0.06169881394513014
"Perth--Wellington (Riding), Ontario, Canada",0.4834042136770419,0.2559525133373256,0.20237190687871628,0.05827136610691627
"Don Valley North (Riding), Ontario, Canada",0.13164128595600694,0.32504230118443334,0.4038917089678508,0.13942470389170894
"Chatham-Kent--Leamington (Riding), Ontario, Canada",0.5207380467078145,0.2739899782977579,0.16743767946932644,0.03783429552510112
"Kitchener Centre (Riding), Ontario, Canada",0.330112503248194,0.4355039808509315,0.17669558819626288,0.057687927704611494
"Winnipeg South (Riding), Manitoba, Canada",0.2265525968331302,0.43465484726747144,0.29839096214487687,0.04040159375452146
"Saanich--Gulf Islands (Riding), British Columbia, Canada",0.4011524815969385,0.42014897532401435,0.15939484702670234,0.01930369605234487
"Scarborough Centre (Riding), Ontario, Canada",0.17112526539278142,0.27629157820240613,0.3944798301486198,0.15810332625619264
"Bruce--Grey--Owen Sound (Riding), Ontario, Canada",0.38718416408410095,0.2976376959940745,0.22267424863696783,0.09250389128485677
"Rosemont--La Petite-Patrie (Riding), Quebec, Canada",0.15893536121673005,0.35564005069708504,0.429657794676806,0.05576679340937895
"Huron--Bruce (Riding), Ontario, Canada",0.42870594717658417,0.3062457413299777,0.20584535595658834,0.05920295553684972
"Joliette (Riding), Quebec, Canada",0.394896719319563,0.2831105710814088,0.21069258809234517,0.11130012150668296
"Longueuil--Charles-LeMoyne (Riding), Quebec, Canada",0.22202989468272372,0.4011653596760002,0.31085094194422846,0.06595380369704756
"Chilliwack--Hope (Riding), British Columbia, Canada",0.3730746619635506,0.3105232216343327,0.21422692533803658,0.10217519106408009
"Hamilton East--Stoney Creek (Riding), Ontario, Canada",0.2675201030804842,0.391658116395046,0.2607315851010525,0.08009019542341737
"Saint-Maurice--Champlain (Riding), Quebec, Canada",0.4411113843127616,0.3307105974920089,0.18502581755593775,0.04315220063929184
"Scarborough Southwest (Riding), Ontario, Canada",0.15280718377174393,0.25249935327282724,0.4491556089571424,0.1455378539982865
"Halifax West (Riding), Nova Scotia, Canada",0.29636907736075546,0.46728430505822255,0.2047958481071872,0.03155076947383488
"Laval--Les Îles (Riding), Quebec, Canada",0.19732230367131895,0.41145390588125613,0.3241391647289169,0.06708462571850801
"Edmonton Griesbach (Riding), Alberta, Canada",0.24413826269949274,0.45917489996822947,0.2552187518128765,0.04146808551940143
"Humber River--Black Creek (Riding), Ontario, Canada",0.13246544088041862,0.31458864581935303,0.3889410817339956,0.16400483156623266
"Lanark--Frontenac--Kingston (Riding), Ontario, Canada",0.2813795117915423,0.30985546900127986,0.33105631014287207,0.07770870906430567
"Louis-Hébert (Riding), Quebec, Canada",0.3593578777104117,0.47125763726949005,0.14844985249978915,0.020934632520309106
"Lambton--Kent--Middlesex (Riding), Ontario, Canada",0.35208854266340495,0.29616130326138074,0.29973470247262507,0.05201545160258916
"Cariboo--Prince George (Riding), British Columbia, Canada",0.5365614245790702,0.3298958357391967,0.08284176732799046,0.050700972353742844
"Compton--Stanstead (Riding), Quebec, Canada",0.3563063042949056,0.42106864609486866,0.19280032435273198,0.029824725257493627
"Beauce (Riding), Quebec, Canada",0.4761805046591978,0.3124280180085858,0.17516490419851316,0.036226573133703324
"Hull--Aylmer (Riding), Quebec, Canada",0.28375600572619947,0.39064535417188717,0.2797546767597415,0.04584396334217179
"Papineau (Riding), Quebec, Canada",0.13940758842869425,0.3465222460042514,0.432765506741102,0.08130465882595235
"Delta (Riding), British Columbia, Canada",0.22720529499030018,0.3297957320552325,0.36927992696565076,0.07371904598881657
"Richmond--Arthabaska (Riding), Quebec, Canada",0.4881607002581075,0.31837055324879393,0.15935360790034803,0.03411513859275049
"La Pointe-de-l'Île (Riding), Quebec, Canada",0.18995057281012445,0.3274721323350146,0.37503741766023513,0.10753987719462585
"North Island--Powell River (Riding), British Columbia, Canada",0.5282928847619333,0.2854212963930505,0.11883251849217934,0.06745330035283686
"Pitt Meadows--Maple Ridge (Riding), British Columbia, Canada",0.23912279972801398,0.26012761001991597,0.37582321573656624,0.12492637451550367
"Abbotsford (Riding), British Columbia, Canada",0.37951246428240987,0.3064933867467016,0.22832975296962768,0.0856643960012609
"Fort McMurray--Cold Lake (Riding), Alberta, Canada",0.3334304396043148,0.2620382897287762,0.2850873172139831,0.11944395345292604
"Lac-Saint-Louis (Riding), Quebec, Canada",0.2747165938141194,0.38479228359194595,0.2767682829599368,0.06372283963399789
"Vancouver Granville (Riding), British Columbia, Canada",0.23495142922749174,0.40559505745195784,0.31817483830840587,0.04127867501214466
"Charlesbourg--Haute-Saint-Charles (Riding), Quebec, Canada",0.2969724484428736,0.5024234796807834,0.17898937673743562,0.02161469513890733
"Pierrefonds--Dollard (Riding), Quebec, Canada",0.22227177766237255,0.3854245748165908,0.3167549687776901,0.07554867874334648
"Provencher (Riding), Manitoba, Canada",0.3198525175711493,0.2722663901371122,0.3260744325383106,0.08180665975342795
"Beaches--East York (Riding), Ontario, Canada",0.16586530641456884,0.28853802332790196,0.43655559779491954,0.10904107246260963
"Vancouver South (Riding), British Columbia, Canada",0.14031420962351812,0.4070837836254357,0.3846999879922107,0.06790201875883545
"Vancouver Quadra (Riding), British Columbia, Canada",0.24576156792422377,0.40769245110768715,0.3024227146527487,0.044123266315340345
"Calgary Heritage (Riding), Alberta, Canada",0.21225962150914535,0.4638110049913172,0.27787857997635246,0.04605079352318491
"Edmonton Centre (Riding), Alberta, Canada",0.3168375407950362,0.43943506508406854,0.20109034583353186,0.04263704828736337
"Prince George--Peace River--Northern Rockies (Riding), British Columbia, Canada",0.513530342961634,0.3045807150405849,0.11184074933236282,0.07004819266541831
"Burnaby North--Seymour (Riding), British Columbia, Canada",0.18744466702696708,0.36589514515909755,0.38260817051225504,0.06405201730168018
"Mount Royal (Riding), Quebec, Canada",0.18730353425904103,0.4223597277507041,0.33555674226290794,0.05477999572734696
"Medicine Hat--Cardston--Warner (Riding), Alberta, Canada",0.5212146315067553,0.32149949387586246,0.10844531048171573,0.04884056413566639
"York Centre (Riding), Ontario, Canada",0.14467451617268925,0.3105968331303289,0.4064149411287049,0.13831370956827713
"Hochelaga (Riding), Quebec, Canada",0.1471366147153519,0.3471626147243885,0.42511893161487074,0.08058183894538874
"Vancouver Kingsway (Riding), British Columbia, Canada",0.1442958320348806,0.40721721571844866,0.3917555710894795,0.05673138115719145
"Battle River--Crowfoot (Riding), Alberta, Canada",0.5374636284505183,0.21215263803774848,0.1805604579597986,0.06982327555193463
"Drummond (Riding), Quebec, Canada",0.4836038423318978,0.35817599646682147,0.12520702219277904,0.0330131390085017
"Calgary Forest Lawn (Riding), Alberta, Canada",0.19763732338454393,0.5040261332765662,0.24306887120427423,0.05526767213461557
"Richmond Centre (Riding), British Columbia, Canada",0.240969792757222,0.3828187594274459,0.31687292884603724,0.05933851896929478
"Hamilton Mountain (Riding), Ontario, Canada",0.27002996564557097,0.4205226892705087,0.2312791698934252,0.0781681751904952
"LaSalle--Émard--Verdun (Riding), Quebec, Canada",0.1945668645868661,0.3421444313071539,0.37937717955210926,0.08391152455387071
"Renfrew--Nipissing--Pembroke (Riding), Ontario, Canada",0.4171101649813725,0.29882916444917523,0.21341138903672208,0.07064928153273023
"Gatineau (Riding), Quebec, Canada",0.3096048149843307,0.39588841102664607,0.25157761530173384,0.04292915868728922
"Peace River--Westlock (Riding), Alberta, Canada",0.56273348645176,0.2348584613844744,0.12220004916886873,0.080208002994897
"Kitchener--Conestoga (Riding), Ontario, Canada",0.30871146898912827,0.4492755624266334,0.1940941665599331,0.04791880202430535
"Sarnia--Lambton (Riding), Ontario, Canada",0.4932226832641776,0.3789764868603038,0.10691562932226821,0.020885200553250365
"Halifax (Riding), Nova Scotia, Canada",0.3620165044697026,0.4385586137731223,0.16506172151647977,0.03436316024069534
"Barrie--Springwater--Oro-Medonte (Riding), Ontario, Canada",0.31595200866267104,0.3144298315333719,0.241387034737855,0.12823112506610215
"Vaughan--Woodbridge (Riding), Ontario, Canada",0.22127837348558704,0.36819384486840284,0.34020331430162903,0.07032446734438101
"Parkdale--High Park (Riding), Ontario, Canada",0.1538284395850676,0.3165090937939189,0.43311834520662057,0.096544121414393
"Hamilton Centre (Riding), Ontario, Canada",0.25491467983425764,0.377831318921352,0.2660877162790083,0.10116628496538209
"University--Rosedale (Riding), Ontario, Canada",0.24031415604282766,0.37355980794622745,0.32545450491542643,0.0606715310955184
"Thérèse-De Blainville (Riding), Quebec, Canada",0.24172762103796608,0.36851271334029934,0.31057703471496584,0.07918263090676878
"Lakeland (Riding), Alberta, Canada",0.5045242114117863,0.23046911374772058,0.18558011953109918,0.07942655530939398
"Davenport (Riding), Ontario, Canada",0.13427104346801927,0.3094099157669636,0.4387736109844142,0.11754542978060292
"Bourassa (Riding), Quebec, Canada",0.14912164839519218,0.30907409853387935,0.3921542728833706,0.14964998018755785
"Notre-Dame-de-Grâce--Westmount (Riding), Quebec, Canada",0.19737359511943695,0.37101762444245495,0.35802373380030766,0.07358504663780041
"Rivière-des-Mille-Îles (Riding), Quebec, Canada",0.25510449195291834,0.36368003843382163,0.31311554167667577,0.06809992793658413
"Toronto--Danforth (Riding), Ontario, Canada",0.17634151206862148,0.345501695591462,0.40235387991222843,0.07580291242768802
"Châteauguay--Lacolle (Riding), Quebec, Canada",0.2759797575614922,0.2998705425444277,0.36259856419912895,0.06155113569495116
"Saint-Hyacinthe--Bagot (Riding), Quebec, Canada",0.42472694516383275,0.32575160454903757,0.20864767481139504,0.040873775475734724
"Berthier--Maskinongé (Riding), Quebec, Canada",0.3101266399670092,0.3422209701943987,0.2661151053953987,0.08153728444319344
"Marc-Aurèle-Fortin (Riding), Quebec, Canada",0.21276067625937437,0.3849585029182499,0.31754307141794336,0.08473774940443252
"Honoré-Mercier (Riding), Quebec, Canada",0.2024977561050651,0.31034290999317066,0.3620643271038892,0.12509500679787505
"Brampton Centre (Riding), Ontario, Canada",0.19429580267822946,0.37498379749932453,0.3291651317108752,0.10155526811157076
"Stormont--Dundas--South Glengarry (Riding), Ontario, Canada",0.41109760641456783,0.312833854809869,0.19994435414195538,0.07612418463360786
"Scarborough--Agincourt (Riding), Ontario, Canada",0.155875716021524,0.34091303593126204,0.36399930567609784,0.13921194237111612
"Parry Sound--Muskoka (Riding), Ontario, Canada",0.3835020650063363,0.3047075981227816,0.23699192857885135,0.07479840829203067
"Leeds--Grenville--Thousand Islands and Rideau Lakes (Riding), Ontario, Canada",0.35453409248715567,0.29134842383002274,0.27829468129426466,0.07582280238855707
"Lac-Saint-Jean (Riding), Quebec, Canada",0.5473645858634933,0.24896769492348766,0.1529025989798395,0.05076512023317947
"Abitibi--Témiscamingue (Riding), Quebec, Canada",0.5075991315278251,0.2613415609644617,0.13849845731916327,0.0925608501885498
"Outremont (Riding), Quebec, Canada",0.20160786762666685,0.3637932001818829,0.3677243979808551,0.06687453421059507
"Scarborough--Guildwood (Riding), Ontario, Canada",0.14658906257359014,0.2844951614425157,0.3888065123104926,0.18010926367340152
"Pierre-Boucher--Les Patriotes--Verchères (Riding), Quebec, Canada",0.2721750394206243,0.345356911370573,0.3315057271015079,0.05096232210729472
"Argenteuil--La Petite-Nation (Riding), Quebec, Canada",0.29218294576187986,0.2848159672824091,0.31333531278139093,0.1096657741743202
"Scarborough--Rouge Park (Riding), Ontario, Canada",0.15068193081760486,0.2837156089668182,0.39085690260599576,0.17474555760958121
"Steveston--Richmond East (Riding), British Columbia, Canada",0.2487168642032962,0.38345116645758404,0.31428173955268596,0.053550229786433805
"Edmonton Strathcona (Riding), Alberta, Canada",0.2859719723169746,0.4778371354218876,0.19904012809173127,0.03715076416940649
"Saint-Laurent (Riding), Quebec, Canada",0.17989417989417988,0.415499533146592,0.33426704014939307,0.07033924680983505
"Alfred-Pellan (Riding), Quebec, Canada",0.18382201451937805,0.36143875666027653,0.3639163424394812,0.09082288638086435
"Don Valley West (Riding), Ontario, Canada",0.18517311978784268,0.34655854765146177,0.3903170028984234,0.07795132966227222
"Elmwood--Transcona (Riding), Manitoba, Canada",0.2749586040843159,0.4125534691454346,0.2774924034982404,0.03499552327200913
"Selkirk--Interlake--Eastman (Riding), Manitoba, Canada",0.33945266485667314,0.2485440558491312,0.3209626618390794,0.09104061745511634
"Moncton--Riverview--Dieppe (Riding), New Brunswick, Canada",0.5527992180764365,0.3599341532185504,0.0704209067520344,0.01684572195297879
"Winnipeg North (Riding), Manitoba, Canada",0.2665960019247767,0.46026708373861636,0.24414955439981342,0.02898735993679346
"Mission--Matsqui--Fraser Canyon (Riding), British Columbia, Canada",0.31502673935419406,0.29195950975472607,0.2640623148304966,0.12895143606058332
"Hastings--Lennox and Addington (Riding), Ontario, Canada",0.28204954056747855,0.3528324164592092,0.30228525600642586,0.06283278696688639
"Montarville (Riding), Quebec, Canada",0.25777405256267366,0.39487807784989254,0.2920448645383011,0.05530300504913284
"Portage--Lisgar (Riding), Manitoba, Canada",0.5502958579881666,0.2652431180859262,0.14561358374067465,0.03884744018523276
"Yellowhead (Riding), Alberta, Canada",0.48461353910194727,0.22853654023595316,0.18441153772878344,0.10243838293331617
"Québec (Riding), Quebec, Canada",0.37865608124400807,0.46708709173139124,0.1364244029447803,0.017832424079820608
"Regina--Lewvan (Riding), Saskatchewan, Canada",0.37813806693152713,0.5305331981648367,0.0779224470023988,0.013406287901237485
"Markham--Thornhill (Riding), Ontario, Canada",0.17702831311738063,0.35538094983308194,0.3678574128754357,0.09973332417410175
"Niagara West (Riding), Ontario, Canada",0.29935104119522876,0.3411595944462649,0.28490227902887694,0.0745870853296293
"Montmagny--L'Islet--Kamouraska--Rivière-du-Loup (Riding), Quebec, Canada",0.5647873067671195,0.2827490038972213,0.12500533821304372,0.027458351122615673
"Bécancour--Nicolet--Saurel (Riding), Quebec, Canada",0.4503426958742105,0.2854455046364738,0.20346727590377625,0.06074452358553962
"Dartmouth--Cole Harbour (Riding), Nova Scotia, Canada",0.373720500238915,0.4382537471299835,0.15459823108011445,0.03342752155098692
"Beauport--Limoilou (Riding), Quebec, Canada",0.3419424927102349,0.46413481545893337,0.1745868293153926,0.01933586251543898
"Beauport--Côte-de-Beaupré--Île dOrléans--Charlevoix (Riding), Quebec, Canada",0.3517616572846918,0.3827913509613712,0.23163259866792632,0.03381439308601076
"Sudbury (Riding), Ontario, Canada",0.44648155209672546,0.39991755215310937,0.12378011158393422,0.029820784166230897
"Saint Boniface--Saint Vital (Riding), Manitoba, Canada",0.2590572130109425,0.4759346709832252,0.23474756551610532,0.030260550489726912
"Don Valley East (Riding), Ontario, Canada",0.15609401874243628,0.32718950761355126,0.3844838418893649,0.13223263175464753
"Nickel Belt (Riding), Ontario, Canada",0.2917559320689253,0.37037025479238517,0.274035226418079,0.06383858672061066
"Winnipeg South Centre (Riding), Manitoba, Canada",0.30636424649422134,0.4986258562314284,0.1719274332574357,0.023082464016914567
"Scarborough North (Riding), Ontario, Canada",0.16634050880626222,0.3168475360256182,0.36274684219889697,0.15406511296922246
"South Shore--St. Margarets (Riding), Nova Scotia, Canada",0.3907943240599592,0.31531156479428035,0.2377420574293406,0.05615205371641985
"Saskatoon--Grasswood (Riding), Saskatchewan, Canada",0.38979365172376557,0.5008036028677063,0.0882846604998049,0.021118084908723044
"Kildonan--St. Paul (Riding), Manitoba, Canada",0.22842631343737194,0.4981498298308332,0.24769534237858004,0.025728514353214868
"Jonquière (Riding), Quebec, Canada",0.3956210110052817,0.4164302014141185,0.16407394465062952,0.023874842929970302
"Brandon--Souris (Riding), Manitoba, Canada",0.6118976313640085,0.252926762864143,0.10658861965695601,0.028586986114892403
"Nipissing--Timiskaming (Riding), Ontario, Canada",0.5068412405048914,0.32696546683787026,0.13220304832591195,0.03399024433132638
"Sackville--Preston--Chezzetcook (Riding), Nova Scotia, Canada",0.22755921205338944,0.46361152436678915,0.2796360704593434,0.029193193120478068
"Skeena--Bulkley Valley (Riding), British Columbia, Canada",0.6458264665184946,0.23112742199223632,0.06937203227450249,0.05367407921476662
"Dauphin--Swan River--Neepawa (Riding), Manitoba, Canada",0.5785797843384802,0.2300119297188985,0.15226490925306077,0.039143376689560604
"Regina--Wascana (Riding), Saskatchewan, Canada",0.4596068309204317,0.46077678180357473,0.06601966079622242,0.013596726479771202
"Mégantic--L'Érable (Riding), Quebec, Canada",0.5335335335335335,0.28542828542828536,0.13971113971113971,0.04132704132704133
"Abitibi--Baie-James--Nunavik--Eeyou (Riding), Quebec, Canada",0.7088610788269212,0.16830154854397947,0.08119533381173281,0.04164203881736663
"Beauséjour (Riding), New Brunswick, Canada",0.3772049495966953,0.3785091112374763,0.21481453927952987,0.029471399886298537
"Saskatoon--University (Riding), Saskatchewan, Canada",0.39348299090892463,0.5061256381155388,0.07655309092970737,0.023838280045829077
"Manicouagan (Riding), Quebec, Canada",0.6246252640591602,0.2527799283069352,0.09828485639024287,0.024309951243661747
"Saskatoon West (Riding), Saskatchewan, Canada",0.3832006085019719,0.5097922395612453,0.08452914936206492,0.02247800257471787
"Kings--Hants (Riding), Nova Scotia, Canada",0.3618408023279057,0.3046020492625775,0.26660111858244506,0.0669560298270716
"Winnipeg Centre (Riding), Manitoba, Canada",0.3229724290243574,0.4501346021860337,0.19485630260877237,0.03203666618083651
"Fredericton (Riding), New Brunswick, Canada",0.5405461694926816,0.36216179600980003,0.08107942479120851,0.016212609706309847
"St. John's East (Riding), Newfoundland and Labrador, Canada",0.4787088243946855,0.41421073347892584,0.08364142192988819,0.023439020196500526
"Avalon (Riding), Newfoundland and Labrador, Canada",0.36364521017598606,0.3998278618676629,0.15249586757886407,0.08403106037748703
"Rimouski-Neigette--Témiscouata--Les Basques (Riding), Quebec, Canada",0.5591341243433989,0.27539667489780234,0.13810100285215704,0.02736819790664177
"Charleswood--St. James--Assiniboia--Headingley (Riding), Manitoba, Canada",0.2974749045231321,0.47515485429185356,0.20414262329193134,0.023227617893083138
"Fundy Royal (Riding), New Brunswick, Canada",0.2818034421034336,0.42887020527958225,0.25136236473769563,0.03796398787928845
"Carlton Trail--Eagle Creek (Riding), Saskatchewan, Canada",0.3606298941277095,0.3265212335487669,0.2551343053651473,0.0577145669583763
"West Nova (Riding), Nova Scotia, Canada",0.4837367086441613,0.32195115541232644,0.1596591106889079,0.03465302525460436
"Thunder Bay--Superior North (Riding), Ontario, Canada",0.5173529828425746,0.3382410993716761,0.10405988161314328,0.04034603617260605
"Thunder Bay--Rainy River (Riding), Ontario, Canada",0.5070299677143804,0.3303876920584157,0.12207709999360883,0.040505240233594995
"Cumberland--Colchester (Riding), Nova Scotia, Canada",0.4836659014656545,0.2918947554299839,0.15857319441991888,0.0658661486844429
"St. John's South--Mount Pearl (Riding), Newfoundland and Labrador, Canada",0.4637372751831036,0.44330237062926753,0.07052136844194842,0.022438985745680453
"Churchill--Keewatinook Aski (Riding), Manitoba, Canada",0.742007585598946,0.18584390011916688,0.04534071419781082,0.026807800084076364
"Long Range Mountains (Riding), Newfoundland and Labrador, Canada",0.6264173144312691,0.2240782512783798,0.10086140334712984,0.048643030943221324
"Saint John--Rothesay (Riding), New Brunswick, Canada",0.496168560810093,0.4121675303253759,0.07910416654871395,0.012559742315817283
"Prince Albert (Riding), Saskatchewan, Canada",0.6099380028433112,0.23452310025179954,0.11846092129948306,0.03707797560540617
"Chicoutimi--Le Fjord (Riding), Quebec, Canada",0.5342282845604844,0.3551411419194553,0.09259111556556358,0.018039457954496737
"Moose Jaw--Lake Centre--Lanigan (Riding), Saskatchewan, Canada",0.5046459358093317,0.24287042663085753,0.2015390850271418,0.050944552532669
"Algoma--Manitoulin--Kapuskasing (Riding), Ontario, Canada",0.603697821885283,0.17296081462760465,0.1417727855237734,0.08156857796333893
"Sault Ste. Marie (Riding), Ontario, Canada",0.6231755463138701,0.29638088440047927,0.06641815833206367,0.014025410953587064
"Timmins--James Bay (Riding), Ontario, Canada",0.5361173069376289,0.25189943992064934,0.14476674257025493,0.0672165105714668
"Regina--Qu'Appelle (Riding), Saskatchewan, Canada",0.43775070673596145,0.3750028615376029,0.1501694974165147,0.03707693430992088
