longname,"Agriculture, forestry, fishing and hunting % [StatCan]","Mining, quarrying, and oil and gas extraction % [StatCan]",Accommodation and food services % [StatCan],"Arts, entertainment, and recreation % [StatCan]",Construction % [StatCan],Educational services % [StatCan],Health care and social assistance % [StatCan],Finance and insurance % [StatCan],Real estate and rental and leasing % [StatCan],Information % [StatCan],Manufacturing % [StatCan],"Other services, except public administration % [StatCan]",Administrative and support and waste management services % [StatCan],Management of companies and enterprises % [StatCan],"Professional, scientific, and technical services % [StatCan]",Public administration % [StatCan],Retail trade % [StatCan],Transportation and warehousing % [StatCan],Utilities % [StatCan],Wholesale trade % [StatCan]
"Edmonton--Wetaskiwin (Riding), Alberta, Canada",0.019836023998758463,0.045582191920159026,0.053421684783831226,0.012778891720373897,0.10827595897850817,0.06102453415820029,0.13008469683588886,0.033686535273475676,0.01632517334736191,0.00913868695592665,0.06322971783208095,0.04475831221471176,0.035864731924315975,0.0005011739592559817,0.07165423433229132,0.058727093818190565,0.12340606985447505,0.06459430178137117,0.00899735250053825,0.03811263381028474
"Calgary Shepard (Riding), Alberta, Canada",0.0024007158686102604,0.043847197797037954,0.04848826874089044,0.01814494551856593,0.11272789814315527,0.05384087548264812,0.12976336264122842,0.033819082544088476,0.016246705064315928,0.015241754235595383,0.06218694167631131,0.04646385750791852,0.040490230689883944,0.002065732259036736,0.10500138698332151,0.034000836371712743,0.11513452753342997,0.062323701734895494,0.011277781522308674,0.04653419768504492
"Brampton West (Riding), Ontario, Canada",0.0010777739024167593,0.0003243590532804537,0.0430970294469262,0.005909454960744621,0.05535897574113239,0.045281622426780896,0.09482631617784713,0.07386282248973854,0.019411859157448322,0.021266043357858526,0.10403943452988086,0.029975763397508258,0.049767698160892195,0.00327042967958035,0.09783040129781176,0.028852379258676033,0.12187067295086053,0.1611809301826618,0.0029541391798191354,0.03984189464813549
"Calgary Skyview (Riding), Alberta, Canada",0.0017266340992544303,0.01577289828776268,0.08303660180042362,0.008455074724154004,0.08071108317136036,0.03709547132300676,0.13219665429571126,0.026935799714610995,0.01477244875401337,0.014608044173152363,0.05639821921776883,0.03898587681616937,0.06644520436578731,0.00024666201417920423,0.06391079411043553,0.024148720823319182,0.14862732155094532,0.15141418013107955,0.004631813504376331,0.029880497122489618
"Banff--Airdrie (Riding), Alberta, Canada",0.012535337867581967,0.040484579507219294,0.08614206998815237,0.032174096147245146,0.10813180144569443,0.061222317655936734,0.1120114081920682,0.02554338428768377,0.015429631062154173,0.01167683615896769,0.044198354596509684,0.04596242977047158,0.04434704956166189,0.0006750594606917717,0.0827525611666635,0.056650384945142386,0.12206281739301335,0.06465548750879996,0.009098117976943296,0.024246275307399107
"Simcoe--Grey (Riding), Ontario, Canada",0.01933530585563887,0.00048166242345007914,0.06419872015413196,0.019541732608546074,0.12488818550884219,0.06454276474231055,0.10348861212413142,0.025872153031032838,0.021537191219982137,0.010940617904080376,0.12371843390903449,0.04059726140507804,0.052914057661872904,0.0006192802587215305,0.06454276474231052,0.06715750361246818,0.11759444023945495,0.04438175187504305,0.0036468726346934556,0.030000688089176344
"Durham (Riding), Ontario, Canada",0.012976528030158654,0.00033356467097196647,0.04962111954074486,0.01571175833212879,0.09755570814971364,0.08580216982936717,0.1339231682053217,0.04724048425677828,0.01711272995021107,0.017854414123966024,0.0697551796928025,0.03872588092002731,0.050814167983861694,0.0022015268284149786,0.068722049067373,0.061621548272884616,0.12235729340002906,0.04595006845088615,0.0327348477667124,0.02898579252764591
"Oakville North--Burlington (Riding), Ontario, Canada",0.0006393861892583117,0.0015984654731457798,0.045012787723785176,0.013171355498721223,0.04571611253196933,0.08567774936061373,0.10390025575447566,0.10485933503836327,0.025511508951406667,0.02730179028132994,0.07698209718670072,0.02717391304347825,0.02870843989769819,0.005626598465473145,0.14725063938618949,0.04328644501278769,0.11329923273657287,0.04251918158567777,0.005179028132992327,0.0565856777493605
"King--Vaughan (Riding), Ontario, Canada",0.004842218229156078,0.0005766720697309061,0.03785256949865338,0.013679305184467553,0.11379748552353418,0.07511487336183344,0.08788773455303715,0.08046729139979386,0.03525080976864703,0.018880245525460755,0.08872587225460075,0.04044388132313841,0.034260869237279064,0.004293003185774523,0.11703805039382247,0.039549197444475104,0.1108272328759235,0.04625448994869315,0.004421152534603611,0.04583704568737514
"Niagara Falls (Riding), Ontario, Canada",0.014369386958219453,0.00015618898867629833,0.13276064037485358,0.05310425614994142,0.0813744631003514,0.06005466614603671,0.1268254588051542,0.028582584927762607,0.014525575946895753,0.006716126513080825,0.08457633736821561,0.04334244435767277,0.04349863334634911,0.00031237797735259677,0.05490042951971881,0.04826239750097617,0.12791878172588841,0.04912143693869584,0.004685669660288952,0.024912143693869602
"Calgary Rocky Ridge (Riding), Alberta, Canada",0.0005323584000367932,0.05445903044563216,0.0492202576011026,0.017651365522565944,0.06910851197310698,0.0952639554287888,0.15201425780560404,0.044594497944473635,0.018111416941168794,0.017895889666688505,0.03293603457196918,0.03729191489630572,0.03337429198398684,0.0018632544001287766,0.131627052877741,0.04270056954461973,0.1091336665381516,0.05557770081796921,0.013077790118069407,0.02356618252189051
"Guelph (Riding), Ontario, Canada",0.006321953816463704,0.0003327344113928263,0.0477141145937313,0.014706860983562922,0.060158381579823,0.11459373128368938,0.11392826246090364,0.04052705130764624,0.013509017102548744,0.011978438810141752,0.1903240833166968,0.03234178478738273,0.030877753377254295,0.0007985625873427832,0.08903972848872033,0.043588207892460165,0.10833832434950413,0.04072669195448199,0.002395687762028351,0.03779862913422505
"Dufferin--Caledon (Riding), Ontario, Canada",0.01605443974630022,0.0007267441860465116,0.04353858350951382,0.013543868921775908,0.11793076109936557,0.07842230443974633,0.09401427061310776,0.03620507399577166,0.01737579281183932,0.012222515856236786,0.11608086680761102,0.04122621564482029,0.044859936575052814,0.0013213530655391118,0.06970137420718818,0.045058139534883704,0.11885570824524318,0.08265063424947161,0.0018498942917547568,0.0483615221987315
"Etobicoke--Lakeshore (Riding), Ontario, Canada",0.0002558951853320879,0.0006397379633302199,0.037680566040149986,0.01714577708970406,0.0704367491075656,0.07206928042273886,0.10060079391481243,0.08547059124582561,0.026741846539657374,0.0442722660798137,0.06890137799557297,0.03617838133500516,0.04382285016057422,0.004030349168980384,0.14858354018194167,0.04104038985631483,0.1030325978479215,0.05047532530675439,0.004158296761646428,0.04446338779635865
"Brantford--Brant (Riding), Ontario, Canada",0.01540294976372699,0.0005303946456432634,0.05800230454281004,0.011413525871458729,0.08532550060729555,0.07273276149771887,0.12889838717362762,0.023831005758511308,0.012342063482122355,0.007260061540827489,0.18179086714316064,0.04068591757878907,0.04711463544753302,0.0001515413273266467,0.04962780240512551,0.038268856991550075,0.1187476566386353,0.06735262098290216,0.002500431900889671,0.038020714700345626
"Orléans (Riding), Ontario, Canada",0.0009196589175162486,0.00021457233035120953,0.04482977233326256,0.012294012404203252,0.05246678254451402,0.08197543526758132,0.1256008738587308,0.042191733188809366,0.012184358454036183,0.014667909384186507,0.017263694631884964,0.03697874827097639,0.03429354189459258,0.000500668770819489,0.08555906903747393,0.28117654481969667,0.10634331703371998,0.03690516638568857,0.0007152411011706985,0.012918899370785329
"London West (Riding), Ontario, Canada",0.0037642082155624483,0.00029982596648985417,0.05469245165200073,0.015390955225809778,0.06485935062645592,0.11394034408573184,0.16620844168637577,0.06733597641954889,0.016304834862741237,0.014281907676004435,0.080553613273921,0.035631719306608065,0.039246604372329796,0.0009070819296225742,0.0876614874979737,0.042524828305098704,0.12478440475082854,0.04293021341544597,0.0027184636493262273,0.025963287082124305
"Whitby (Riding), Ontario, Canada",0.0029665002532378282,0.0005064756529918244,0.049851674987338106,0.018594891831271252,0.07264307937197022,0.08682439765574125,0.1184429491353736,0.08443672672020837,0.018667245495984384,0.02626438029086176,0.06482888358295343,0.03704507633311635,0.04456985746328052,0.003400622241516535,0.09427682512119237,0.06207944432385503,0.11721293683525073,0.04268866218073951,0.02011431879024672,0.03458505173287028
"London North Centre (Riding), Ontario, Canada",0.00494141122192302,9.096778686232097e-05,0.07479163842728338,0.016495706832363576,0.05760307937853332,0.11715681592872738,0.1595569815843279,0.05639635379746906,0.01703256644592016,0.01284931430894306,0.10017276048239072,0.03432350834580275,0.04626740111431897,0.0009583953294193187,0.0863419235144339,0.03148915509420953,0.11840264813917108,0.04222123371376226,0.0017511007220557856,0.021157037832082646
"Milton (Riding), Ontario, Canada",0.004999637707412506,0.0009419607274835165,0.04159118904427218,0.012897616114774298,0.06289399318889938,0.07593652633867096,0.10107963191073119,0.08274762698355183,0.01891167306716907,0.02398376929208029,0.08854430838345057,0.03253387435693068,0.03738859502934575,0.004709803637417578,0.12325193826534317,0.04035939424679381,0.11825230055793053,0.06716904572132451,0.0036229258749366023,0.05818418955148176
"North Okanagan--Shuswap (Riding), British Columbia, Canada",0.05552338739796886,0.012197378243961839,0.07022074819787792,0.021374803957441235,0.12465035159136933,0.063651624086016,0.14230089093497594,0.018868085430913444,0.015469525648004743,0.005515464609433966,0.08308661251006447,0.049948201171574884,0.0392246357531081,0.0003399655032597014,0.06060217783477027,0.03229672280967162,0.1430460974629185,0.03657041315770003,0.005014491173080595,0.020098422525888483
"Kelowna--Lake Country (Riding), British Columbia, Canada",0.020159840843123767,0.007985522982070541,0.07673993698546029,0.023081887470162456,0.12216562780835362,0.07615440225561522,0.1455355606035342,0.030606827794522208,0.021808153627272675,0.01597179301328342,0.05022028865782,0.043657353613578254,0.04583023927878609,0.0002752956689669719,0.08394081955537383,0.03192951012427317,0.1288943071420384,0.04285074900562858,0.0027182566721550487,0.02947362689798128
"Markham--Stouffville (Riding), Ontario, Canada",0.004633364055602107,0.0008209198045129306,0.051378137146047456,0.0161984826075041,0.06506935388331755,0.08126477187758446,0.10234840594541153,0.10714722932035813,0.027528295187526756,0.029463780046821143,0.0759117755978139,0.03441123693579289,0.037314573312023626,0.007014078745291914,0.11911475032599243,0.040757070803202074,0.11243000787382199,0.037551401748163724,0.005235485857562166,0.04440687892564907
"Spadina--Fort York (Riding), Ontario, Canada",0.0007610013475418704,0.001926721170975496,0.046961212681801624,0.027673429671129984,0.02784538642014821,0.05287428139110137,0.07634789450514033,0.15445399094212015,0.028564014329561942,0.0677434973862572,0.029498279041125768,0.028469829564413778,0.028211213582772333,0.01095926653714307,0.2515476126488333,0.037162151548205534,0.07127970466293522,0.024490152179244776,0.004086037598749787,0.029144322790798177
"Kamloops--Thompson--Cariboo (Riding), British Columbia, Canada",0.03156203524184684,0.027849257102266517,0.07637723915851985,0.021213653618761312,0.10572740657253177,0.06635603483505227,0.15345859372230106,0.017694942622680603,0.012007282493961834,0.007583546838291683,0.051371812120612745,0.04426907907054275,0.04096247351014592,0.0008689480752209223,0.06249210824716948,0.058930478555891744,0.13578853150263315,0.057874305447999604,0.0033178017417526125,0.02429446952181731
"Essex (Riding), Ontario, Canada",0.03182240523467868,0.0026980212487938437,0.053750575329794506,0.01811574182169297,0.07889803702744315,0.08494279281451822,0.14147826778539627,0.02978587350953249,0.009469105947879983,0.004113627993751143,0.2027853468092794,0.037333114433854696,0.030658170896824564,0.00015523124504721297,0.05387801826554307,0.04577469174939536,0.10328211873401565,0.0437381600242493,0.004967399841510815,0.022353299286798658
"Edmonton West (Riding), Alberta, Canada",0.001299836516195734,0.012709512602802722,0.07750631647727425,0.016529421632051643,0.10488139953975067,0.06000128923434334,0.1558804944762292,0.03213071833331337,0.021396407842279377,0.00969787919651777,0.05429020650451311,0.04829225823338355,0.04096161202137034,0.00014442627957730368,0.0732439607518969,0.057307656782077804,0.13184806674722302,0.05065041585544537,0.005849264322880798,0.045378856650873774
"Nanaimo--Ladysmith (Riding), British Columbia, Canada",0.021525269600187923,0.002538512137614317,0.07777717957300485,0.013692695702302003,0.10439020975135171,0.07558329902069164,0.16611906344725316,0.028638341257791338,0.017223375693333026,0.014985410360755503,0.04124543827053957,0.04758932136645097,0.04975059722941525,0.0,0.06669806364624682,0.051975871903732845,0.14480408248052995,0.05572838387605546,0.0027022871142345956,0.01703259756850897
"Langley--Aldergrove (Riding), British Columbia, Canada",0.036699333198812675,0.0008859938049676322,0.05283059245433247,0.018532037087239637,0.1288382148052613,0.076348389857215,0.1053984197487748,0.037423112602695714,0.016624602654420534,0.018692610556554873,0.07717373480687786,0.04849592204516615,0.033898870513567575,0.002141151695338444,0.06827548614899431,0.05632328023952376,0.10861478382666997,0.060504702814065774,0.004799133110241339,0.047499628029280365
"Mirabel (Riding), Quebec, Canada",0.015089637987125367,0.001453588980411159,0.04346923236658132,0.011905585934796143,0.12701598947878448,0.06291963729494013,0.12964629334810004,0.02941787222260675,0.009621374679864325,0.010659652523015166,0.12113241503426317,0.04582266214438986,0.03869315428808746,0.0001384370457534436,0.06319651138644705,0.05399044784384304,0.13283034540042915,0.058489651830830006,0.00616044853602824,0.03834706167370391
"Nepean (Riding), Ontario, Canada",0.0010114490024012023,0.0,0.05078693466492135,0.01357772972401273,0.051791784273337436,0.07793865094628998,0.12412653508186872,0.03425118560014029,0.010123197294683682,0.019025825293568253,0.03499095490933263,0.036198496373833884,0.03714812641175051,0.0006574361800961492,0.12128392690142921,0.21751417533007972,0.1142094553492526,0.03455460895793143,0.0011687754312820432,0.019640752273788323
"Brampton South (Riding), Ontario, Canada",0.0008097700354725701,0.0003393895336346498,0.053861450185635686,0.007768235848866332,0.060674848497550456,0.04882804388040459,0.08820551362563052,0.052174018234191974,0.020953338892763053,0.015230204530376162,0.12499473070520735,0.030227462172525678,0.05630058860183906,0.002777170768123945,0.08955567689831466,0.025753365028062778,0.11943664698334171,0.15440603014355436,0.0011300017699622698,0.04657351366454222
"Edmonton Manning (Riding), Alberta, Canada",0.0025220680958385885,0.016945145018915513,0.07203656998738968,0.010167087011349302,0.11128625472887768,0.05367276166456492,0.1512452711223204,0.030028373266078205,0.012531525851197984,0.009142496847414881,0.059820302648171474,0.056116015132408596,0.04878625472887763,0.00015762925598991175,0.05406683480453972,0.08504098360655728,0.11971941992433796,0.06912042875157634,0.006778058007566199,0.030816519546027755
"Coquitlam--Port Coquitlam (Riding), British Columbia, Canada",0.002493679880216287,0.0011734964142194296,0.060944455494017974,0.01870225001296966,0.09372881096801347,0.07788855541757346,0.1196197998379682,0.048770128373796365,0.023175506914876246,0.03564338268297894,0.0627073182802408,0.042904566290287924,0.03498364003863301,0.0015402140436630008,0.10854402865320754,0.05361289561436648,0.1188844445914923,0.046424531899967425,0.005353728301223656,0.042904566290287924
"Brampton East (Riding), Ontario, Canada",0.00044732721986132855,0.0001491090732871095,0.04741668530530085,0.005218817565048832,0.0512935212107657,0.0441362856929844,0.09237307090136432,0.05539402072616123,0.023708342652650437,0.014687243718780274,0.1360620293744873,0.03459330500260939,0.05159173935733997,0.0015656452695146498,0.07477820025348537,0.024602997092373072,0.11518675911429206,0.18720644151196605,0.002162081562663088,0.03742637739506448
"Surrey Centre (Riding), British Columbia, Canada",0.008410469263544454,0.0001431730723535471,0.08137172568142827,0.009234663166803787,0.11354892495566157,0.04296839523426871,0.11592965165215255,0.02759566095891977,0.010809566962692805,0.015104759133299218,0.0877080828702993,0.04597502975369316,0.07438919219251357,0.0,0.06247477760521301,0.028256413312715226,0.1275615150436518,0.11193727915445782,0.001503317259712245,0.03507740272661907
"Red Deer--Lacombe (Riding), Alberta, Canada",0.05702539145240306,0.07555764031327279,0.05934956363492482,0.013450676622081398,0.11371940892554289,0.05431230135095898,0.15099629444911367,0.02092832757275213,0.007681284207293084,0.0018820440291017692,0.0690707919822899,0.054153505294564856,0.034786856438440386,0.0001640520559601505,0.04657092776154089,0.04503248193408188,0.1252895041276557,0.043167063760989326,0.0026191396273124528,0.02424274445972004
"Carleton (Riding), Ontario, Canada",0.009731024615527696,0.0009751639215662781,0.039650136915214795,0.0155930892717363,0.0785125931639493,0.07461291836591874,0.10845525062211125,0.036965800190829304,0.016097972253402513,0.019712488511106206,0.03663879939306543,0.03567694043247209,0.03534655622454877,0.0008023450589899301,0.1216168146810387,0.20913851680768267,0.09871635062866875,0.03399939742687486,0.0027297953005561613,0.025028046214740404
"Oshawa (Riding), Ontario, Canada",0.0006821750991752373,0.00017054377479380932,0.05841587233887499,0.014410948970076883,0.1012946393103701,0.07121128492040593,0.14218900551175961,0.039458632531628256,0.0147520365196645,0.01776806285568533,0.07712192595592621,0.041558919439421735,0.06727951915615779,0.0011938064235566654,0.059923885506885335,0.04641941702104533,0.14483243402106372,0.061090811125308155,0.014101371697618426,0.02612470782058199
"West Vancouver--Sunshine Coast--Sea to Sky Country (Riding), British Columbia, Canada",0.012982571434721252,0.004799617318290884,0.10635616652469373,0.0406787238287933,0.1038504569736568,0.06661119093334349,0.10507988692334551,0.04168428142066425,0.04067482866784678,0.024076768842573912,0.03257445196348243,0.036898080614109624,0.04316301458527751,0.0007868225111952273,0.13320948814730024,0.04342870745703003,0.11160878273736934,0.030767939981698345,0.0019670562779880675,0.018801162856619404
"St. Albert--Edmonton (Riding), Alberta, Canada",0.0016274400033312202,0.018599314323785397,0.05370552010993034,0.014724457172996757,0.10523244516209634,0.07664467444259883,0.1461509366744239,0.03595867435931837,0.017591851464580338,0.009532148590940015,0.04618829723740039,0.04494834294914797,0.03533291384631043,0.00030998857206308964,0.06757750870975354,0.09857636591606246,0.12345294882412547,0.05494547439818259,0.007904708587608788,0.0409959886553436
"Cloverdale--Langley City (Riding), British Columbia, Canada",0.009723067604890355,0.0005020014945823956,0.055597672542220956,0.015473882522932194,0.11187000937310512,0.06897923635297312,0.11800819611666055,0.037880943195579705,0.01860977526083249,0.021476320021097003,0.08210368655381306,0.04587572660878925,0.038934492550554194,0.0004512538645886028,0.06731590744892604,0.05556027582463353,0.12365227763866893,0.07737284113965673,0.003679744129501826,0.046932689755994
"Windsor West (Riding), Ontario, Canada",0.007880712885466684,0.0003682393395250151,0.08178471398558837,0.014637513746119345,0.06254756147569872,0.07639947314340068,0.13669388795731555,0.02825670408793684,0.009298043323006634,0.006056005463756933,0.1995623260648906,0.039773028077474355,0.05494697815466024,0.00018411966976250756,0.06409781428502256,0.02542590527991591,0.12162236643415968,0.05036644613741439,0.0017491368627438216,0.018349023626141152
"Calgary Centre (Riding), Alberta, Canada",0.0012465183177965632,0.06381212451773499,0.07049786614650289,0.025005295481040645,0.06339430353162409,0.06386570512141777,0.1218679959751793,0.0545461881605386,0.02426473675526558,0.019703525616044906,0.032541785535736084,0.03987259247737653,0.037965940787779526,0.0020567552243643305,0.17704870033610381,0.03367827005718525,0.09111492527592784,0.03922243845796289,0.012215879514406338,0.026078452710012162
"Pontiac (Riding), Quebec, Canada",0.017373175911150555,0.002709003159674598,0.041558311306501526,0.018313038357399513,0.10553047503315266,0.08045295846685091,0.12980354681931155,0.019563285391784497,0.009465488950983633,0.00918387474376586,0.035872072402150935,0.03845683801147902,0.03402981339228246,0.00011674873952308719,0.053323472189325156,0.2632521309880695,0.09387149159435038,0.034541960211384115,0.0034652189536283928,0.009117095377231745
"Vaudreuil--Soulanges (Riding), Quebec, Canada",0.006061236855326241,0.0009493503508342301,0.04933332066587538,0.014459336112705962,0.06350054897832452,0.07684618865257631,0.11029012118361492,0.03528903286935939,0.013217877961615042,0.016942252414887803,0.10987507286742498,0.03512596298086651,0.037535852332984225,0.0005842156005133722,0.09723772370884455,0.04575741071108244,0.12223605401498625,0.08526499069579946,0.003213185802823548,0.07628026523955475
"Calgary Midnapore (Riding), Alberta, Canada",0.0011964749191330957,0.043087275750887534,0.0534787677307261,0.019553861186077163,0.10551800849775199,0.06115149848456593,0.12714189722505065,0.039026074830244936,0.016191739685970062,0.014078244438650503,0.04932306943558467,0.04497683825343255,0.041721604104634345,0.0011964749191330953,0.12338284266136013,0.03457701815376224,0.12859989772836325,0.050029369464930355,0.00899322603233485,0.036775816497406764
"Esquimalt--Saanich--Sooke (Riding), British Columbia, Canada",0.008068338076077318,0.00014941366807550587,0.07065547772539123,0.017784250694812057,0.09693356094419178,0.07282703418740491,0.14389698245025495,0.025672320564622944,0.013060943279624695,0.01091153343398734,0.0379400166794222,0.04272357596855427,0.049999949217870265,0.0002241205021132588,0.0835034584974974,0.15704217134511245,0.11937838195618942,0.036262601118325244,0.0004482410042265176,0.012517628686246184
"Markham--Unionville (Riding), Ontario, Canada",0.0008479001578057289,0.00016422399272438278,0.05410273779853231,0.011759358876723355,0.036817158644943,0.060561259269377846,0.09618352219631385,0.12805182273258914,0.04416461376164534,0.03031965410724747,0.07130053635235396,0.03692492513122793,0.03181723848926402,0.0056774097846741525,0.16263690571625702,0.03148128359305201,0.1049639851683939,0.03165529180952495,0.004143682546925433,0.05642648987042435
"Wellington--Halton Hills (Riding), Ontario, Canada",0.02604898986161474,0.0005920224968548807,0.039813512913490695,0.015318582106120039,0.09931177384740607,0.08473321986235485,0.09398357137571234,0.04077554947087989,0.015984607415081786,0.013394508991341685,0.1286908902538298,0.04010952416191816,0.04299563383408564,0.0007400281210686009,0.08362317768075173,0.047435802560497314,0.11418633908088513,0.05439206689854216,0.0024420927995263838,0.05542810626803816
"Mississauga Centre (Riding), Ontario, Canada",0.00015659278202283063,0.0,0.05174148825169716,0.00751645353709587,0.05493795172679637,0.05679814714265794,0.0929306663443949,0.0819758871218877,0.018950527891001538,0.028207375605745794,0.09149677124361721,0.03214518998847795,0.0493399806264962,0.0029752628584337826,0.15275792082920522,0.03029048150284702,0.11381837088307771,0.07864586525860877,0.0026620772943881208,0.05265298911154793
"Waterloo (Riding), Ontario, Canada",0.002541296293417012,0.00015401795717678868,0.05252195258917539,0.01116630189531718,0.05175186280329144,0.14007933205228934,0.09041311384250109,0.08063022977393935,0.01324554431720382,0.040275695801730245,0.1113659581901609,0.02957144777794339,0.03604477495909465,0.002079242421886646,0.14347230008990478,0.029188232076891904,0.10527584671006117,0.029881312884187484,0.002002233443298252,0.028339304120529093
"Newmarket--Aurora (Riding), Ontario, Canada",0.0021425758792944748,0.0006046693441575625,0.05178873555820719,0.017208208728296433,0.08469336739272601,0.08076974932817196,0.09747097874183733,0.07163125833936743,0.02847624683189822,0.023111639360119195,0.09664538233827952,0.0366012317377488,0.04392551973644176,0.003070562285292567,0.11617775461823768,0.04680934822741449,0.11961485975974247,0.03585332914955948,0.004303480407045435,0.03910110223616189
"London--Fanshawe (Riding), Ontario, Canada",0.0034970706673273567,7.157455062522134e-05,0.06786119155326249,0.008962411550622624,0.08655836379972263,0.06133190738883024,0.14764906307363082,0.045190333199669565,0.009216543001214116,0.00814889639191982,0.14592602885565012,0.04355832400350041,0.053808409957460175,0.0006131341064978151,0.05950442572773034,0.02421248661660969,0.13425022844889056,0.06810243319654882,0.0019133520832103836,0.02962382182707696
"Vancouver Centre (Riding), British Columbia, Canada",0.001556867210678084,0.0034730114699741887,0.07664317378678434,0.029989658307721122,0.046196004606913275,0.07326439473668842,0.09910892535125718,0.06170237847488167,0.03589746875348007,0.07986150984949442,0.026962889187061762,0.03466048755173986,0.03106496836411135,0.0025207222603360834,0.20220108338256812,0.040630204376152175,0.09311866192994758,0.029263417372883686,0.002950387172488193,0.028933785854838412
"Ajax (Riding), Ontario, Canada",0.0007818608287724783,0.0003127443315089914,0.054652071931196235,0.011884284597341664,0.06817826426896013,0.06716184519155596,0.12314308053166535,0.09953088350273648,0.019155590304925713,0.028537920250195414,0.07333854573885844,0.034558248631743546,0.046051602814698986,0.002892885066458166,0.10101641907740438,0.05129007036747454,0.11610633307271309,0.056372165754495676,0.01290070367474587,0.032134480062548806
"Elgin--Middlesex--London (Riding), Ontario, Canada",0.048529919429604475,0.0003352671463185109,0.049494253616252135,0.010058014389555317,0.10471655821822128,0.06929172981657424,0.1411947377711224,0.03543434647573776,0.010964162690549808,0.005364274341096173,0.1639846867076513,0.04353908211076232,0.03600680923264403,0.0003352671463185109,0.04614418020917305,0.03884534206230316,0.10726305571779728,0.054216226687559245,0.0033696665719846653,0.03091241965877418
"Ottawa Centre (Riding), Ontario, Canada",0.00048820384742264187,0.00013948681354932624,0.055324697131916796,0.020923022032398913,0.029933701861191514,0.08926723139590413,0.1140576089660847,0.030057063946058615,0.01635581304274624,0.031151619786335436,0.020781716814732436,0.04127297194905242,0.0324606810289394,0.00027897362709865253,0.1430284744751659,0.2726118661392417,0.07440059378663749,0.017562709593521443,0.0002789736270986525,0.009624590134903509
"Sherwood Park--Fort Saskatchewan (Riding), Alberta, Canada",0.011407135201347408,0.04371459194610322,0.04287245444801711,0.01623028632674934,0.12433011789924968,0.06905527484305625,0.12509569744296445,0.02985760220486907,0.015081917011177465,0.006354310212831117,0.0766345123258307,0.04884397488899098,0.030929413566069538,0.0004593477262287552,0.0764048384627163,0.07418465778594394,0.10886541111621494,0.05014546011330576,0.00918695452457511,0.040346041953758946
"Kingston and the Islands (Riding), Ontario, Canada",0.003193003210958865,0.00017652486835479273,0.08421091389364595,0.01428092698823053,0.0544341555293456,0.14517013095554002,0.1867435363667261,0.02610206939460312,0.016831092521843127,0.008330540743134478,0.038309562746814435,0.0334146624418698,0.0388114535625612,0.0,0.06197765481714398,0.1220861683617362,0.12230902210478123,0.02754602479817052,0.0028051820869738568,0.013267374607566109
"Edmonton Mill Woods (Riding), Alberta, Canada",0.00317296874541678,0.01983236884405427,0.06988805349932295,0.0076159135001199075,0.10082292174489726,0.05045125440028631,0.14048844794412543,0.027527080888729842,0.010867417953052473,0.0076955005557952086,0.07805765950765158,0.047596896714610586,0.05227676277706041,0.0,0.058227656196956176,0.042122737117647024,0.14350276825227146,0.10328276103371503,0.0036502282424286893,0.0329206020818586
"Flamborough--Glanbrook (Riding), Ontario, Canada",0.019360576669443692,0.0006288121662327215,0.04650805799888364,0.014580372613036288,0.09470419891819808,0.08504681845480494,0.13350789337776128,0.04805059622707489,0.015066373404391487,0.01515345722126324,0.10394691335212136,0.042968258925284344,0.03999558382776279,0.0009432182493490823,0.07357523162379968,0.04784926114981522,0.11833235188036584,0.05147828426225355,0.004794692767524502,0.043509046910633446
"Peterborough--Kawartha (Riding), Ontario, Canada",0.015017371544534003,0.002380802805840758,0.06426283451051919,0.022892334671545767,0.0937712755208642,0.0934370895056595,0.17486703866673106,0.023861079015797367,0.013460692786868893,0.010988320642341955,0.06736422441722606,0.043727778059493905,0.05378500088707166,0.00018313867737236597,0.0600207079269588,0.04834348089136432,0.14320716143470594,0.033122421683533944,0.010255765932852486,0.02505148041871776
"Burlington (Riding), Ontario, Canada",0.0019447370553439757,0.00016206142127866461,0.0478891499878454,0.012397698727817845,0.07082084109877655,0.08378575480106952,0.11603597763552388,0.06352807714123655,0.020986954055587072,0.023093752532209716,0.09707479134592005,0.038327526132404185,0.040353293898387516,0.002511952029819301,0.1155497933716877,0.04075844745158417,0.12697512357183383,0.04237906166437079,0.0041325662426059465,0.0512924398346973
"Beloeil--Chambly (Riding), Quebec, Canada",0.00919990950908679,0.0007540909433677697,0.04298318377196287,0.012593318754241748,0.09214991327954154,0.07978282180831003,0.13460523339114663,0.04992082045094635,0.012140864188221086,0.022094864640675633,0.1130382324108289,0.04328482014930999,0.027901364904607484,0.0006032727546942156,0.08453359475152698,0.06470100294095472,0.1279692330895108,0.03966518362114469,0.009652364075107453,0.03242591056481406
"New Westminster--Burnaby (Riding), British Columbia, Canada",0.0016693322207240713,0.000850055611198662,0.06459170974172629,0.017015018487982623,0.08176885600454346,0.0721030170096341,0.13151422490017725,0.0425639580461205,0.018813279059724682,0.04489687893501262,0.06312132063283586,0.04501190807605533,0.044161366743278085,0.000725796617706118,0.11004482613140587,0.04765408369299322,0.10756481489934236,0.0634767600345711,0.006293543813287776,0.036159249341680175
"Brampton North (Riding), Ontario, Canada",0.00047104734553677204,0.0,0.04553373887085712,0.006907856536841822,0.06563008321836442,0.050635076052110456,0.09232360399647885,0.047730703020149146,0.01475948349348551,0.016877939751854736,0.13298859683357653,0.03132297274946698,0.051734186525029605,0.0011776183638419295,0.07685587375595997,0.02755417505299071,0.12129092108608003,0.1672192940724615,0.0010206025819963392,0.04796622669291749
"Ottawa South (Riding), Ontario, Canada",0.0010121035355010598,0.0,0.05785320600442145,0.012483017687620303,0.04841690163917772,0.08464506665325332,0.14260239330335653,0.030237136345014924,0.013916423613139583,0.017113348979642538,0.02151567670842182,0.040719178950896585,0.05439814692328111,0.0005060517677505299,0.09808769028885071,0.19749515408354207,0.11459749340623164,0.050526757477404434,0.001096445496792815,0.012777807135700881
"Fleetwood--Port Kells (Riding), British Columbia, Canada",0.011588536951163847,0.0007732249956983805,0.06820158908964634,0.012760716337045815,0.0957331745565024,0.05707968025391041,0.12841161333310752,0.03835662143607068,0.018084291221766677,0.019502773217000054,0.08561598237224945,0.049126609211698334,0.04355861546858189,0.0005958370579860553,0.07340865197002625,0.03903851808136278,0.12802181566280524,0.08677671092820362,0.0029878422162442518,0.04037719563892982
"Sturgeon River--Parkland (Riding), Alberta, Canada",0.026607769145129745,0.04219393997966589,0.044583592042332774,0.015057501320428447,0.15598756963860594,0.05571184735444429,0.11290949072140541,0.025184136640323644,0.015626008585399233,0.005025504972919348,0.05710141479804726,0.054651304622248195,0.03526710489203869,0.0004052826591063989,0.05416207497950097,0.08306191912943287,0.10818465593814423,0.052010323995513336,0.01142760409756232,0.04484095448775095
"Oxford (Riding), Ontario, Canada",0.06624496124583791,0.0005755526638336185,0.04766797900831159,0.006659966538646157,0.09230699371142204,0.048534308170417303,0.11639786457842285,0.028207620295128393,0.009126620812218812,0.007399962820717955,0.22125046989619393,0.04015442079378869,0.03473830241454283,0.0003288872364763535,0.04028731521599347,0.029347092995705818,0.1069457335536872,0.06309911153632117,0.002959985128287182,0.03776685138404677
"Courtenay--Alberni (Riding), British Columbia, Canada",0.04501353722942053,0.004387391623661378,0.08479228605642844,0.023013565872084057,0.12137395492537766,0.05889722923917618,0.15940630414595525,0.01567261237053997,0.01276873754092762,0.009062560198721047,0.042920988466354205,0.04927685028754971,0.04486242822577971,0.0,0.06997795947702413,0.06741521303041337,0.1426746704797327,0.035508393015068175,0.0013975577910035626,0.011577760024782514
"York--Simcoe (Riding), Ontario, Canada",0.015054280375984363,0.0004702467952939926,0.04146356316585972,0.01605414419005599,0.14180343943794388,0.07291691869569569,0.09922556278520421,0.04729551927461801,0.019544889981284577,0.016110999809539273,0.09707502291417733,0.04215249480760135,0.05140196099906681,0.001988777194349535,0.07481658340109766,0.05274774848515322,0.12198854017675824,0.04580729046770476,0.007528914208245765,0.0345531028343654
"Cowichan--Malahat--Langford (Riding), British Columbia, Canada",0.028658435045713502,0.0017145839082295827,0.06652172338772636,0.020286804761478754,0.11487565800492981,0.07271587394249886,0.1405405345159003,0.02539295065724758,0.014961151278008173,0.010450797154923175,0.053814042941915594,0.046844442147025,0.046466215914807756,0.00032658741109134915,0.06800968011176414,0.10677059906849243,0.12989828919268417,0.034137541146109375,0.0016329370554567454,0.015981152353997243
"Edmonton Riverbend (Riding), Alberta, Canada",0.0011853644722469552,0.019200016162194092,0.05327280754551444,0.016836527851736838,0.07767629469466641,0.10022587298716733,0.16116325192340955,0.044312889091821295,0.02016305085133255,0.013616420626832257,0.04711127689150171,0.038933313412199654,0.03306048847424482,0.000460711893895685,0.10897993868224747,0.06975713402418719,0.1167867601726,0.03804363344677971,0.01062509027700672,0.028589156518415614
"Calgary Confederation (Riding), Alberta, Canada",0.0018956060712739219,0.05912519886881919,0.05748937470215745,0.02601876764514123,0.06705324336366,0.10669868099833614,0.13813355264480912,0.034264453226246626,0.016412570269382355,0.01813304638864172,0.032123356784554226,0.035887000408128915,0.035800094972914656,0.0007582424285095689,0.16148534834885658,0.03598348301078431,0.09456004808125033,0.0476061009472816,0.010312159376914556,0.020259671462337633
"Lethbridge (Riding), Alberta, Canada",0.05190660171342177,0.010918864438098442,0.06752897698639347,0.011590794557366025,0.08861078447841435,0.0929783302536538,0.166722660843272,0.027213169830337634,0.00957500419956324,0.00671930119267596,0.08667898538551977,0.051990592978330266,0.03200067193011929,0.0003359650596337978,0.04661515202418952,0.04720309087854857,0.12447505459432254,0.04392743154711904,0.0036116243910633275,0.02939694271795735
"Laurentides--Labelle (Riding), Quebec, Canada",0.022216102083907067,0.0027540622418066652,0.07922519048930507,0.03598641329294036,0.10309372991829613,0.07178922243642684,0.15441108969062747,0.019645643991554152,0.017625998347562635,0.009731019921050212,0.05957954649775088,0.04975672450197382,0.04571743321399053,0.0,0.06802533737262463,0.05508124483613341,0.14339484072340022,0.03883227760947399,0.0017442394198108882,0.021389883411365083
"South Okanagan--West Kootenay (Riding), British Columbia, Canada",0.05234032341085819,0.00857836691350098,0.08136928974639258,0.024173320740958643,0.1049310397172155,0.058476212726706195,0.1603552617212806,0.02046069389432222,0.012413783573877351,0.005871200266151548,0.09244811986254069,0.04455454753708805,0.04158478695547699,0.0005747793086032041,0.05752322636330586,0.04986661145463988,0.13590910347775031,0.028690663563674664,0.007144973245014647,0.012733695520641823
"Mississauga--Erin Mills (Riding), Ontario, Canada",0.0006548788474132288,0.0003274394237066144,0.04485920104780615,0.009086444007858548,0.048706614276358876,0.07301899148657492,0.11092010478061562,0.08644400785854618,0.021201702685003283,0.02725933202357566,0.08087753765553372,0.03200720366732158,0.03454485920104777,0.0036018336607727595,0.1489849377865094,0.03364440078585462,0.12229862475442035,0.06679764243614936,0.003110674525212836,0.051653569089718396
"Victoria (Riding), British Columbia, Canada",0.0029420789457065776,0.0005419619110512116,0.08764951221587051,0.028827940463876402,0.05672253594932828,0.09597619069640688,0.16080500543141943,0.02374957082635292,0.021509608669988627,0.021136514530997245,0.025730286919907523,0.03742986731656088,0.04374833595147021,0.00015484626030034615,0.12527067588855467,0.1324082772567258,0.1054181970407013,0.023216973691666244,0.0,0.006761620033115113
"Portneuf--Jacques-Cartier (Riding), Quebec, Canada",0.017430239066122954,0.0025585672023666736,0.04749340369393143,0.015991045014791712,0.08435276245302635,0.07339889661789395,0.13512433037499,0.04093707523786677,0.012632925561685437,0.007275925481730229,0.10210282241944525,0.045014791716638636,0.02446629887263128,0.0,0.07147997121611889,0.14272007675701603,0.10841928520028786,0.03486047813224588,0.0032781642280323006,0.03046294075317817
"Louis-Saint-Laurent (Riding), Quebec, Canada",0.001328468025345566,0.00046887106776902335,0.04841727914500034,0.008491156372753933,0.05975120005383717,0.07203222087937337,0.14471249144925571,0.056418030142423095,0.011017540643977817,0.007865994949061898,0.06477267179168064,0.0402276383869748,0.038841448061946775,0.00015629035592300776,0.08433485643974477,0.15690641270018676,0.12710516886128817,0.03877664219884854,0.003985404076036696,0.03439021439857205
"North Vancouver (Riding), British Columbia, Canada",0.0012802168838014912,0.0036900369003690036,0.05640484976278339,0.02944498832743428,0.07349951050530922,0.08539799683711126,0.12222305896528356,0.05602831538519474,0.030122750207093894,0.04601250094133599,0.036900369003690064,0.04051509902854128,0.036373220875065906,0.001355523759319225,0.15965057609759772,0.044205135928910295,0.11348746140522617,0.034565855862640237,0.0029369681451916554,0.025905565178100734
"Calgary Signal Hill (Riding), Alberta, Canada",0.0009735593337856797,0.07858043053550172,0.05217986376109225,0.02188867935211919,0.071202899639781,0.08439903982480965,0.1392471517489958,0.04103741785099228,0.020522653502915548,0.01491679817880908,0.0283271365817462,0.03803353830406502,0.03501157874750456,0.002515028278946339,0.1533477536803428,0.03868464946101024,0.09830779300214104,0.040826965585746534,0.01387322050644594,0.02612384212324908
"Windsor--Tecumseh (Riding), Ontario, Canada",0.005820330407712706,0.00018960042563403488,0.06670271007140771,0.017632839583965235,0.06736285877147433,0.07357545827769543,0.14742974329511221,0.031195103876049058,0.009100820430433674,0.005424149438372643,0.22261499208784002,0.041614019375303075,0.03821760836815256,0.00018960042563403488,0.05353723158052093,0.0309817610587608,0.11621339925554218,0.05203531114592237,0.0011376025538042094,0.019024859570662984
