longname,No internet access %,Uninsured %,Public Insurance %,Private Insurance %
"New York city, New York, USA",0.11510735227872426,0.09103886825640332,0.28501195268654805,0.6239491790570486
"Los Angeles city, California, USA",0.09160646140918582,0.14124048855715382,0.25687101898489295,0.6018884924579532
"Chicago city, Illinois, USA",0.11988142176365196,0.12766346104409368,0.1926921411125129,0.6796443978433934
"Houston city, Texas, USA",0.11816575617603009,0.3000024222342685,0.11480003633708974,0.5851975414286418
"Phoenix city, Arizona, USA",0.09978422445809522,0.18016020968251303,0.19592268291340786,0.623917107404079
"Philadelphia city, Pennsylvania, USA",0.13480066996466925,0.09249830928474909,0.28946669446959383,0.618034996245657
"San Antonio city, Texas, USA",0.11388493453072551,0.23073262098427125,0.13550804903711727,0.6337593299786115
"San Diego city, California, USA",0.048488864635721426,0.09457087515330746,0.1647888827786581,0.7406402420680345
"Dallas city, Texas, USA",0.13018720928094324,0.2886969448542738,0.10372983504208164,0.6075732201036446
"San Jose city, California, USA",0.048536771589609146,0.06601689198127465,0.16458012126061622,0.769402986758109
"Austin city, Texas, USA",0.061162893728388026,0.15324243370497367,0.0741627417727574,0.7725948245222689
"Jacksonville city, Florida, USA",0.09739175305425747,0.16243251962415917,0.15532478633545177,0.6822426940403892
"Fort Worth city, Texas, USA",0.0803823125927958,0.2358022474723345,0.09574283615777801,0.6684549163698875
"Columbus city, Ohio, USA",0.07941751490029925,0.11435444754893094,0.19571860669420657,0.6899269457568625
"Indianapolis city (balance), Indiana, USA",0.11963582435946787,0.12329259054833189,0.20087618489968379,0.6758312245519843
"Charlotte city, North Carolina, USA",0.07625014828009921,0.15944525788139566,0.09849086800155064,0.7420638741170538
"San Francisco city, California, USA",0.07063576811392877,0.0439413775796973,0.15202223384024488,0.8040363885800579
"Seattle city, Washington, USA",0.04642823716337564,0.05397491383874666,0.11543717304217932,0.8305879131190741
"Denver city, Colorado, USA",0.06052730513071012,0.11799277205015112,0.16196159154003928,0.7200456364098097
"Nashville-Davidson metropolitan government (balance), Tennessee, USA",0.07969649829956195,0.14784195815171391,0.11836859531147989,0.7337894465368062
"Washington city, District of Columbia, USA",0.09959835349501486,0.03995757462657973,0.21076857467618154,0.7492738506972387
"Oklahoma City city, Oklahoma, USA",0.09872386193819456,0.1947463610198894,0.11144119835789382,0.6938124406222168
"El Paso city, Texas, USA",0.12313761113640008,0.28802283733953116,0.12036623906489538,0.5916109235955734
"Boston city, Massachusetts, USA",0.09118180866743698,0.039613425511976975,0.22650025070693422,0.7338863237810888
"Portland city, Oregon, USA",0.05690011489671431,0.0769366915809501,0.1832371377632157,0.7398261706558342
"Las Vegas city, Nevada, USA",0.11198955959296703,0.1698986224228211,0.18803144367802832,0.6420699338991505
"Detroit city, Michigan, USA",0.19764759928874862,0.10658526883922072,0.47147128020637236,0.4219434509544068
"Memphis city, Tennessee, USA",0.18518675795822184,0.18542549673835007,0.20644007090793498,0.6081344323537149
"Baltimore city, Maryland, USA",0.15879397004012422,0.07230416517166768,0.3048797686444275,0.6228160661839047
"Milwaukee city, Wisconsin, USA",0.1689239346438163,0.12642603177331105,0.2852236184813102,0.5883503497453788
"Albuquerque city, New Mexico, USA",0.1103942176408074,0.10502755255896008,0.2719032322707425,0.6230692151702975
"Tucson city, Arizona, USA",0.09614552123304367,0.14944283156884014,0.25475343122407035,0.5958037372070895
"Fresno city, California, USA",0.1255828144257883,0.09847519325009702,0.3515519404642422,0.5499728662856608
"Sacramento city, California, USA",0.06515883651444487,0.07688928854682005,0.26069503046660053,0.6624156809865794
"Kansas City city, Missouri, USA",0.09170131698779314,0.15336337955556217,0.11670624496769523,0.7299303754767427
"Mesa city, Arizona, USA",0.06855232275217858,0.1531033784725116,0.17041021397422357,0.676486407553265
"Atlanta city, Georgia, USA",0.090250948414977,0.12706432048905061,0.11535948295199198,0.7575761965589574
"Omaha city, Nebraska, USA",0.08932081123532917,0.13080106453594378,0.11072158603288193,0.7584773494311743
"Colorado Springs city, Colorado, USA",0.05605826041135616,0.11190864971015722,0.20293380830553143,0.6851575419843112
"Raleigh city, North Carolina, USA",0.049200538670446686,0.12779699295592192,0.08879925269612476,0.7834037543479533
"Long Beach city, California, USA",0.08044309284642433,0.11347727250624956,0.24155919568802764,0.6449635318057227
"Virginia Beach city, Virginia, USA",0.05683298743428385,0.10761998629940142,0.10754202916208103,0.7848379845385176
"Miami city, Florida, USA",0.21607771268735193,0.24914099496568173,0.14065504707383963,0.6102039579604787
"Oakland city, California, USA",0.09610988396880536,0.08493001908402321,0.23116509118420392,0.6839048897317729
"Minneapolis city, Minnesota, USA",0.07752481923483844,0.07541769418942094,0.19550828125567338,0.7290740245549058
"Tulsa city, Oklahoma, USA",0.11333418672664623,0.22933525946612385,0.1355864818378745,0.6350782586960017
"Bakersfield city, California, USA",0.07138610845648499,0.11057233240608542,0.2934494420157107,0.5959782255782039
"Wichita city, Kansas, USA",0.10156161049695091,0.16797802803088518,0.1366797730725798,0.695342198896535
"Arlington city, Texas, USA",0.07502879169872138,0.246701687505014,0.08562195201365602,0.66767636048133
"Louisville/Jefferson County metro government (balance), Kentucky, USA",0.08193418993139245,0.06574552922685913,0.20047144895850907,0.7337830218146317
"Aurora city, Colorado, USA",0.061905444914075514,0.15106599014344063,0.17979110956163588,0.6691429002949234
"Tampa city, Florida, USA",0.08219326022648327,0.14769275606948415,0.151139088387307,0.7011681555432089
"New Orleans city, Louisiana, USA",0.1722440064884469,0.11250912526302204,0.2947059810975301,0.5927848936394479
"Cleveland city, Ohio, USA",0.21299043092310024,0.09762252451046387,0.412940481662257,0.4894369938272791
"Urban Honolulu CDP, Hawaii, USA",0.09561654990589603,0.055778215034513655,0.15499454953675243,0.789227235428734
"Anaheim city, California, USA",0.07562351299575074,0.14730136172256908,0.2166556506424283,0.6360429876350027
"San Juan zona urbana, Puerto Rico, USA",0.336327389795761,0.12974910884559943,0.33880272602692163,0.5314481651274789
"Lexington-Fayette urban county, Kentucky, USA",0.06409196224362841,0.08981682560664661,0.1738504390520251,0.7363327353413284
"Stockton city, California, USA",0.11837919643160923,0.09710664856818942,0.34588769419238813,0.5570056572394225
"Corpus Christi city, Texas, USA",0.11586184095454305,0.26221575881836695,0.13223382854134708,0.6055504126402859
"Henderson city, Nevada, USA",0.055800682694592825,0.08702505844677332,0.12956423335369668,0.78341070819953
"Riverside city, California, USA",0.06740532549704262,0.1251371036506943,0.22314879071373303,0.6517141056355727
"St. Paul city, Minnesota, USA",0.07413915735743266,0.07575067463990628,0.26271041173848975,0.661538913621604
"Newark city, New Jersey, USA",0.21225799269354906,0.22596001246878575,0.3137060259462568,0.4603339615849574
"Santa Ana city, California, USA",0.11115375533149736,0.19257480576090483,0.2672744965279772,0.5401506977111179
"Cincinnati city, Ohio, USA",0.10964416017167307,0.08833168183534801,0.25675511056599615,0.6549132075986559
"Irvine city, California, USA",0.022262978965402018,0.054132659680176595,0.10021080242994408,0.8456565378898793
"Orlando city, Florida, USA",0.08426728909946792,0.1837189060862272,0.11454314075955607,0.7017379531542167
"Pittsburgh city, Pennsylvania, USA",0.11805408885990121,0.06441889740823047,0.1803383735042292,0.7552427290875403
"St. Louis city, Missouri, USA",0.15831568209349578,0.13565661021500278,0.17413068911946958,0.6902127006655276
"Greensboro city, North Carolina, USA",0.12301546107301566,0.13027426181829663,0.15416446772759132,0.7155612704541121
"Jersey City city, New Jersey, USA",0.08820274266346195,0.12282269318421402,0.17606192335880008,0.7011153834569859
"Lincoln city, Nebraska, USA",0.06589019529423512,0.09291117548292599,0.0931086009807386,0.8139802235363355
"Anchorage municipality, Alaska, USA",0.05403544815945838,0.1342892012861209,0.17030494884838557,0.6954058498654936
"Plano city, Texas, USA",0.029831114812093357,0.1453233043950775,0.04109035533561267,0.8135863402693099
"Durham city, North Carolina, USA",0.07259733695827081,0.15507218287550173,0.10446327715820539,0.7404645399662929
"Buffalo city, New York, USA",0.1353677024840984,0.05345690849046542,0.4093586875466077,0.5371844039629269
"Chandler city, Arizona, USA",0.04123753791929158,0.09010264921420222,0.09877630025057865,0.8111210505352191
"Chula Vista city, California, USA",0.062067426954165415,0.10079782074085215,0.19146321891225376,0.7077389603468941
"Toledo city, Ohio, USA",0.13113254280400727,0.09347139891818987,0.328484387729224,0.578044213352586
"Madison city, Wisconsin, USA",0.05010822790987301,0.05074968542484451,0.10004442356836542,0.84920589100679
"Gilbert town, Arizona, USA",0.02233017873815847,0.07210756808232867,0.07926371987317479,0.8486287120444966
"Reno city, Nevada, USA",0.09974094403658634,0.1241367102867102,0.1357379393247184,0.7401253503885714
"Fort Wayne city, Indiana, USA",0.09692358563284939,0.11829258735362982,0.20284159902396154,0.6788658136224087
"North Las Vegas city, Nevada, USA",0.07937837315062428,0.17382003579130526,0.1901409508817411,0.6360390133269538
"St. Petersburg city, Florida, USA",0.07978147070144652,0.14314328552169972,0.1338703767632116,0.7229863377150887
"Lubbock city, Texas, USA",0.11013643182889038,0.17096069164860297,0.10622989224856637,0.7228094161028307
"Irving city, Texas, USA",0.09382901735112036,0.2465820165651149,0.0652499503768353,0.6881680330580499
"Laredo city, Texas, USA",0.19499837566849104,0.39056031786353934,0.09840842615074501,0.5110312559857155
"Winston-Salem city, North Carolina, USA",0.13669962823835596,0.17271857261454077,0.15844565136625757,0.6688357760192016
"Chesapeake city, Virginia, USA",0.05556239025645048,0.10135489809736103,0.11538315240131157,0.7832619495013274
"Glendale city, Arizona, USA",0.112226850239695,0.16435192854500916,0.23249498700248328,0.6031530844525076
"Louisville city, Kentucky, USA",0.12984981224643405,0.0820580006148123,0.30763083110667033,0.6103111682785173
"Garland city, Texas, USA",0.06432416201175142,0.3091850736476111,0.08679887683445026,0.6040160495179386
"Scottsdale city, Arizona, USA",0.04075390676341533,0.07472853521704996,0.07051675779661733,0.8547547069863326
"Arlington CDP, Virginia, USA",0.04874552625812572,0.0685808392642036,0.03276866405572589,0.8986504966800706
"Norfolk city, Virginia, USA",0.10930850701148982,0.1550996461958426,0.19840817854728424,0.6464921752568732
"Boise City city, Idaho, USA",0.07320459332635919,0.10392279374437809,0.1134767225733773,0.7826004836822446
"Fremont city, California, USA",0.039515469857562054,0.02722183021966063,0.12531405999617518,0.8474641097841643
"Spokane city, Washington, USA",0.07971271249080944,0.07557664133278562,0.2924156450765958,0.6320077135906186
"Santa Clarita city, California, USA",0.03779682367178141,0.06341089284476294,0.14158927684981898,0.794999830305418
"Baton Rouge city, Louisiana, USA",0.12418732977285177,0.13321357531751918,0.26264874596737453,0.6041376787151064
"Richmond city, Virginia, USA",0.1371469820923921,0.13005990827103234,0.18901010987689143,0.6809299818520763
"Hialeah city, Florida, USA",0.19443720634515782,0.23661625999996255,0.15367578225083592,0.6097079577492014
"San Bernardino city, California, USA",0.11923243969834903,0.1448873211978331,0.34571071991186836,0.5094019588902985
"Enterprise CDP, Nevada, USA",0.0317467371563345,0.10775371899844687,0.11366276462151849,0.7785835163800346
"Tacoma city, Washington, USA",0.07657948936994492,0.08836191084250494,0.23418067459112457,0.6774574145663704
"Modesto city, California, USA",0.07931749188061558,0.07720684551429144,0.3292311466043407,0.5935620078813678
"Spring Valley CDP, Nevada, USA",0.08608768236217426,0.14701897975283992,0.15817126137366766,0.6948097588734924
"Huntsville city, Alabama, USA",0.08908742820037167,0.13971334945376696,0.11912622112871996,0.7411604294175133
"Des Moines city, Iowa, USA",0.1131681714474784,0.08396303951191043,0.2457127248798158,0.6703242356082737
"Yonkers city, New York, USA",0.11539982208164447,0.08526824343813062,0.2615301413325635,0.6532016152293059
"Rochester city, New York, USA",0.1536351072922692,0.0596403610132794,0.3858935830509873,0.5544660559357332
"Moreno Valley city, California, USA",0.05223599831135928,0.1353082523643251,0.2769297359740659,0.587762011661609
"Fayetteville city, North Carolina, USA",0.09992519933381533,0.18641240705893436,0.23345478470660885,0.5801328082344568
"Fontana city, California, USA",0.046972527058103425,0.12741842049020025,0.23264404833001118,0.6399375311797885
"Columbus city, Georgia, USA",0.13388796167713488,0.17928141062736125,0.18409810395887935,0.6366204854137594
"Worcester city, Massachusetts, USA",0.11556087089476264,0.03690778978179249,0.32808915528891003,0.6350030549292975
"Sunrise Manor CDP, Nevada, USA",0.14816875079531328,0.21591626719096227,0.2525822363481695,0.5315014964608681
"Port St. Lucie city, Florida, USA",0.04122107961015753,0.16113952576487958,0.1452375660029358,0.6936229082321846
"Little Rock city, Arkansas, USA",0.1184807112483155,0.11484220939365405,0.19642707727173783,0.6887307133346081
"Augusta-Richmond County consolidated government (balance), Georgia, USA",0.13150177741669486,0.18152085328319958,0.19787028999968728,0.6206088567171132
"Oxnard city, California, USA",0.10254776715185464,0.23800091294848472,0.2247789686466891,0.5372201184048262
"Birmingham city, Alabama, USA",0.1695433944605072,0.17671608006967165,0.2259898159377965,0.597294103992532
"Montgomery city, Alabama, USA",0.1241243230842457,0.15830358108124462,0.19326691088426495,0.6484295080344904
"Frisco city, Texas, USA",0.017395741177788943,0.086726597025898,0.026428548322761567,0.8868448546513404
"Amarillo city, Texas, USA",0.12345562905894453,0.22335453694161667,0.11137021589696293,0.6652752471614204
"Salt Lake City city, Utah, USA",0.06384622442171767,0.1258564088484784,0.10025550407298676,0.7738880870785347
"Grand Rapids city, Michigan, USA",0.10331271193757516,0.10272838630753614,0.2252698121136847,0.6720018015787791
"Huntington Beach city, California, USA",0.05318542573768679,0.06673993492706307,0.15220287048341388,0.781057194589523
"Overland Park city, Kansas, USA",0.04064635434511598,0.07055522092652118,0.045022292769596746,0.8844224863038821
"Glendale city, California, USA",0.11531545874517857,0.09866845846900191,0.2633855513521604,0.6379459901788377
"Tallahassee city, Florida, USA",0.06709217718000107,0.11501378799914501,0.1118121499668446,0.7731740620340103
"Grand Prairie city, Texas, USA",0.08977489956297192,0.22081552780963357,0.09934311974632426,0.6798413524440422
"McKinney city, Texas, USA",0.05825840984766625,0.11569234950340429,0.04923117319673222,0.8350764772998636
"Cape Coral city, Florida, USA",0.06155734069409271,0.1814581604623987,0.1338704931863302,0.6846713463512711
"Sioux Falls city, South Dakota, USA",0.06407985907203727,0.10348390218721751,0.09572912453930386,0.8007869732734786
"Paradise CDP, Nevada, USA",0.12978696389109637,0.17923613666259394,0.2096639887429617,0.6110998745944443
"Knoxville city, Tennessee, USA",0.14965701924895333,0.13821854423744984,0.17230691128322417,0.6894745444793259
"Vancouver city, Washington, USA",0.06884189491805785,0.11669784534293219,0.21369519382754165,0.6696069608295261
"Providence city, Rhode Island, USA",0.1251777410258166,0.08170869454282652,0.3147611782358633,0.6035301272213102
"Peoria city, Arizona, USA",0.05195137240028755,0.08295374551526388,0.1454012235515418,0.7716450309331943
"Akron city, Ohio, USA",0.12366552035584266,0.10999974416651646,0.33201769940897896,0.5579825564245045
"Shreveport city, Louisiana, USA",0.19022226910099585,0.1083741258292415,0.3384995276593874,0.5531263465113712
"Mobile city, Alabama, USA",0.19497388544825664,0.16367616817714115,0.19010981936095622,0.6462140124619027
"Brownsville city, Texas, USA",0.19220006375985021,0.41358611711319676,0.13227191853476952,0.4541419643520337
"Newport News city, Virginia, USA",0.1049611353855045,0.13904226428274685,0.18552704283271226,0.6754306928845408
"Fort Lauderdale city, Florida, USA",0.09589637054032471,0.19570793060314606,0.12803834632266844,0.6762537230741855
"Chattanooga city, Tennessee, USA",0.13143861164074536,0.1586718406501997,0.16813135593519798,0.6731968034146023
"Tempe city, Arizona, USA",0.05430748305200027,0.11504481337653721,0.11921666216864098,0.7657385244548217
"Aurora city, Illinois, USA",0.09150951391838426,0.14209360975867757,0.13840267011817278,0.7195037201231497
"Santa Rosa city, California, USA",0.05551300683816133,0.09820003342963482,0.19287858737457309,0.7089213791957921
"Elk Grove city, California, USA",0.03335170914386119,0.03314615445668612,0.17997790669667388,0.78687593884664
"Salem city, Oregon, USA",0.0727902950589699,0.10538204273188045,0.24677481807457047,0.6478431391935491
"Eugene city, Oregon, USA",0.04699947544165179,0.08387885920592492,0.21619655892401465,0.6999245818700603
"Ontario city, California, USA",0.07168872875381857,0.12020724496733834,0.26085497155545617,0.6189377834772054
"Cary town, North Carolina, USA",0.023111074455754787,0.07247214895200076,0.04192219696112076,0.8856056540868785
"Rancho Cucamonga city, California, USA",0.04352844589434406,0.058021702115518506,0.1535174323434926,0.7884608655409888
"Oceanside city, California, USA",0.04932432684608187,0.13008185844504316,0.18186949599364963,0.6880486455613073
"Lancaster city, California, USA",0.10730979754007608,0.057542961177014205,0.2896480168253598,0.652809021997626
"Garden Grove city, California, USA",0.0878547239453775,0.10135670166478196,0.27309442302251735,0.6255488753127006
"Pembroke Pines city, Florida, USA",0.08357069999226557,0.1286507591313701,0.07659292325382865,0.7947563176148013
"Fort Collins city, Colorado, USA",0.03808713737821741,0.07229998513504379,0.12006503775970594,0.8076349771052503
"Palmdale city, California, USA",0.07254246592147319,0.10585452244647045,0.3185515227793928,0.5755939547741367
"Springfield city, Missouri, USA",0.14060078193934383,0.17986144077271632,0.15586177396500545,0.6642767852622782
"Clarksville city, Tennessee, USA",0.07218630750650709,0.13969997208458568,0.20560429477481393,0.6546957331406005
"Bayamón zona urbana, Puerto Rico, USA",0.16973188935823444,0.11892913779778853,0.382921977803962,0.49814888439824945
"Salinas city, California, USA",0.07806996505456734,0.1964079965957642,0.23167626176714257,0.5719157416370934
"Hayward city, California, USA",0.06906259456063145,0.06339320451207774,0.2236930829992142,0.7129137124887079
"Paterson city, New Jersey, USA",0.16941309027987392,0.25754659695563104,0.3307431841338782,0.41171021891049076
"Alexandria city, Virginia, USA",0.053157756533623014,0.11163237055846979,0.06582182552043113,0.8225458039210991
"Macon-Bibb County, Georgia, USA",0.1504459422657952,0.18741774696635263,0.20487870592014618,0.6077035471135012
"Corona city, California, USA",0.07081434719361171,0.11531517963174596,0.17211056286770202,0.712574257500552
"Kansas City city, Kansas, USA",0.1283466928587114,0.24154962895237603,0.15931634383806054,0.5991340272095634
"Lakewood city, Colorado, USA",0.06489994802456854,0.09294110705991554,0.16034411560422404,0.7467147773358603
"Springfield city, Massachusetts, USA",0.1727855477855478,0.04351104451640969,0.48389965682246555,0.4725892986611247
"Sunnyvale city, California, USA",0.03459769780853292,0.04173585844392318,0.09258427919593869,0.8656798623601382
"Jackson city, Mississippi, USA",0.12512181029105332,0.20785630617932765,0.19592705642282657,0.5962166373978459
"Murfreesboro city, Tennessee, USA",0.058657962068869585,0.11040048226379931,0.09733065277296596,0.7922688649632348
"Killeen city, Texas, USA",0.07197715620491538,0.2534089568790531,0.1769741216129275,0.5696169215080195
"Hollywood city, Florida, USA",0.07769056010190764,0.24703289425830646,0.10877960688095441,0.6441874988607391
"Pasadena city, Texas, USA",0.08897584230973689,0.363891213745676,0.11862948838159688,0.5174792978727271
"Bellevue city, Washington, USA",0.028465555363087567,0.05726557709148192,0.07800119111221711,0.8647332317963009
"Pomona city, California, USA",0.08535989589072737,0.1548971969394857,0.2890205885635784,0.556082214496936
"Escondido city, California, USA",0.06068318144563116,0.1652999920677577,0.21612481720849147,0.6185751907237509
"Charleston city, South Carolina, USA",0.0759205181079004,0.09794037287546029,0.08035315385376061,0.8217064732707791
"Joliet city, Illinois, USA",0.08926996820488761,0.11187595356208499,0.1685281404286966,0.7195959060092184
"Mesquite city, Texas, USA",0.0802840505262163,0.2808261893515518,0.1396076689545477,0.5795661416939005
"Naperville city, Illinois, USA",0.022550710077329165,0.034070157819495586,0.06225746702751971,0.9036723751529848
"Bridgeport city, Connecticut, USA",0.1288232089875626,0.17677440676749154,0.33522526505167505,0.4880003281808335
"Syracuse city, New York, USA",0.1676917016238158,0.055483590109989364,0.34583020014781396,0.5986862097421967
"Rockford city, Illinois, USA",0.1390810350907524,0.10880776391822233,0.32880937248021264,0.562382863601565
"Savannah city, Georgia, USA",0.1083668990764272,0.22072891845829135,0.14833518890097755,0.6309358926407311
"Roseville city, California, USA",0.04858090314564749,0.044792888734860516,0.13584584461650848,0.819361266648631
"Torrance city, California, USA",0.05308986237294229,0.06896884034693222,0.12253988649748361,0.8084912731555842
"Fullerton city, California, USA",0.0454413673762243,0.08943922972774083,0.1815885254823147,0.7289722447899444
"Metairie CDP, Louisiana, USA",0.12527341419765398,0.15243357438855953,0.17375709526518004,0.6738093303462604
"Surprise city, Arizona, USA",0.050498734436803555,0.09875082050281171,0.15390225012634137,0.7473469293708469
"McAllen city, Texas, USA",0.11769538762656934,0.37195644309743403,0.09164427545525274,0.5363992814473132
"Thornton city, Colorado, USA",0.04628092350326049,0.11729288420638723,0.15054020917925579,0.732166906614357
"Visalia city, California, USA",0.09006495277449539,0.09771962827176672,0.3072786395726635,0.5950017321555697
"Gainesville city, Florida, USA",0.059847942066460075,0.10208576659419258,0.09812878174462751,0.7997854516611799
"Olathe city, Kansas, USA",0.03722522283883117,0.09626073784367917,0.04653466148504016,0.8572046006712807
"West Valley City city, Utah, USA",0.05279128450250887,0.21758258721687207,0.0915220604644626,0.6908953523186653
"Waco city, Texas, USA",0.12428041576369905,0.21397550270111565,0.13203974035063734,0.653984756948247
"Orange city, California, USA",0.05341588099525305,0.08822889905163549,0.14613472892966112,0.7656363720187035
"Denton city, Texas, USA",0.058446277243442424,0.18709146568294094,0.06802112348183798,0.7448874108352211
"Warren city, Michigan, USA",0.11550354695931593,0.0848084432963064,0.2908544702287621,0.6243370864749315
"Pasadena city, California, USA",0.0844399052770238,0.09780349042014035,0.18706084055506503,0.7151356690247946
"Carolina zona urbana, Puerto Rico, USA",0.15516579971058572,0.11757830667816488,0.3183505151579637,0.5640711781638715
"Cedar Rapids city, Iowa, USA",0.07907011891449817,0.06578555488731244,0.1640632146087321,0.7701512305039554
"Columbia city, South Carolina, USA",0.1340655386194956,0.12011517720528093,0.13977724478684833,0.7401075780078706
"Dayton city, Ohio, USA",0.15572676401176877,0.11542054358324105,0.36011480734352197,0.5244646490732371
"Elizabeth city, New Jersey, USA",0.16284908471754328,0.279626070621244,0.24605321304689176,0.47432071633186407
"Hampton city, Virginia, USA",0.093586942055215,0.12047367170954082,0.18787348215343863,0.6916528461370206
"Kent city, Washington, USA",0.046001554841723885,0.1177321340118469,0.20589356535133999,0.6763743006368131
"Stamford city, Connecticut, USA",0.062156884114492106,0.12822612146275572,0.1491887015756476,0.7225851769615969
"Victorville city, California, USA",0.06955855766145443,0.11340253791204258,0.3730190095991972,0.5135784524887602
"Miramar city, Florida, USA",0.07015335790898818,0.15750409306851731,0.0665118504285534,0.7759840565029292
"Coral Springs city, Florida, USA",0.04487259698157862,0.15653976045569776,0.0818604538538626,0.7615997856904395
"Sterling Heights city, Michigan, USA",0.0657552465332786,0.08795343305429754,0.23107360139060448,0.680972965555098
"New Haven city, Connecticut, USA",0.10921843212003485,0.10043398794376263,0.31041837862842686,0.5891476334278105
"Carrollton city, Texas, USA",0.057636480213319095,0.18364479027848968,0.04619785010363403,0.7701573596178762
"Midland city, Texas, USA",0.09504551214474238,0.2021425472073663,0.06178548800825897,0.7360719647843746
"Norman city, Oklahoma, USA",0.07328148669746425,0.12431656635162562,0.09456750263023232,0.7811159310181419
"Santa Clara city, California, USA",0.03316105685095011,0.03514221956745113,0.0979997764905089,0.8668580039420399
"Athens-Clarke County unified government (balance), Georgia, USA",0.08187306664541844,0.14681911517503887,0.09650982411857732,0.7566710607063839
"Thousand Oaks city, California, USA",0.05402769637408685,0.06852921178903704,0.1176920997874615,0.8137786884235014
"Topeka city, Kansas, USA",0.16612090693621398,0.12115459230480381,0.16033609437072632,0.7185093133244699
"Simi Valley city, California, USA",0.057806092563355733,0.06291834343991735,0.13620151174445175,0.8008801448156309
"Vallejo city, California, USA",0.06277191064585019,0.06841410891984658,0.20672024763837915,0.7248656434417742
"Fargo city, North Dakota, USA",0.07211086278614304,0.07839652086957395,0.10366671239603358,0.8179367667343924
"Allentown city, Pennsylvania, USA",0.1391950628558097,0.1578069012782348,0.3310518686045858,0.5111412301171795
"Pearland city, Texas, USA",0.026887479898130142,0.08508118383402673,0.04587323899870009,0.8690455771672733
"Lewisville city, Texas, USA",0.029890403014050212,0.1887366739168797,0.05884611660314482,0.7524172094799755
"Columbia city, Missouri, USA",0.07681077599427714,0.09929971201029797,0.08684138989705738,0.8138588980926447
"Concord city, California, USA",0.04801118496781079,0.07945616964311743,0.20250167366597668,0.718042156690906
"Abilene city, Texas, USA",0.12484733080378466,0.218063844346541,0.11970712678374143,0.6622290288697177
"Arvada city, Colorado, USA",0.05498085583676005,0.07194328882589603,0.12114052519847117,0.8069161859756329
"Berkeley city, California, USA",0.0389652897680188,0.04032985955186768,0.1269494230739427,0.8327207173741895
"Ann Arbor city, Michigan, USA",0.034483892204948796,0.03129624687851643,0.08850008565668735,0.8802036674647963
"Independence city, Missouri, USA",0.12060683861238557,0.17694949347743916,0.13120702552609315,0.6918434809964678
"Rochester city, Minnesota, USA",0.05888171301041856,0.05345958464493565,0.13922084831202158,0.8073195670430428
"Lafayette city, Louisiana, USA",0.10873771095242563,0.11662464950104803,0.2316376332882001,0.6517377172107519
"Hartford city, Connecticut, USA",0.16205550459694112,0.12258279617692819,0.3982489936035166,0.47916821021955525
"College Station city, Texas, USA",0.030007491964879947,0.10007882871471058,0.048424872463317045,0.8514962988219724
"Clovis city, California, USA",0.06048653891311566,0.061249197705690726,0.1953560373444428,0.7433947649498666
"Palm Bay city, Florida, USA",0.08506987694598395,0.17731243276373723,0.17876778449422223,0.6439197827420404
"Round Rock city, Texas, USA",0.03728011815136281,0.12325618928928034,0.06023664713491102,0.8165071635758088
"Fairfield city, California, USA",0.04963503352739307,0.07242983031743896,0.2208953499775281,0.7066748197050329
"Richardson city, Texas, USA",0.031463030187147925,0.16892752162331984,0.056400105900580505,0.7746723724760998
"East Los Angeles CDP, California, USA",0.1977636362957974,0.18878496974159623,0.3655941788770447,0.44562085138135904
"Cambridge city, Massachusetts, USA",0.05048279831951599,0.02136876907430657,0.09788776036028202,0.8807434705654115
"Meridian city, Idaho, USA",0.0471045195405079,0.10358514590614937,0.08083823364148986,0.8155766204523608
"West Palm Beach city, Florida, USA",0.12014548510539277,0.20423383694215047,0.13778901280732522,0.6579771502505244
"Clearwater city, Florida, USA",0.13406855144527066,0.20222595137758265,0.14711001125612103,0.6506640373662963
"Evansville city, Indiana, USA",0.120159717500628,0.12843929781502353,0.2517892870121162,0.6197714151728602
"West Jordan city, Utah, USA",0.02490199449144858,0.10140605349178257,0.06311526591351212,0.8354786805947053
"Billings city, Montana, USA",0.08617934318902148,0.08464172296342573,0.20261344577138682,0.7127448312651875
"Richmond city, California, USA",0.06918124678083293,0.1132870287802851,0.2628132804240466,0.6238996907956682
"Westminster city, Colorado, USA",0.06756350690819629,0.08885395046093572,0.12853697338770737,0.782609076151357
"Manchester city, New Hampshire, USA",0.08856942206799676,0.11870333737476851,0.1737987365196862,0.7074979261055453
"Lowell city, Massachusetts, USA",0.15509045760908124,0.05932795995730738,0.3384122777961797,0.6022597622465129
"North Charleston city, South Carolina, USA",0.13053619288572996,0.22630332646534976,0.14046709466276092,0.6332295788718894
"Wilmington city, North Carolina, USA",0.08567194037656689,0.14327095665765277,0.12877240735788958,0.7279566359844577
"Antioch city, California, USA",0.05545618849082852,0.08747950892466742,0.2711809704387001,0.6413395206366326
"Beaumont city, Texas, USA",0.1500828461151933,0.2823331645002831,0.12007183301533615,0.5975950024843807
"Provo city, Utah, USA",0.03617316419151921,0.10790872098628157,0.08192580029702405,0.8101654787166944
"Elgin city, Illinois, USA",0.0726879300802139,0.15601852668358293,0.13815200234875583,0.7058294709676611
"Carlsbad city, California, USA",0.0306186176306176,0.07447689005137256,0.09406019892644121,0.8314629110221863
"Brandon CDP, Florida, USA",0.04967656140825395,0.17022070206274997,0.12559212596119468,0.7041871719760554
"Odessa city, Texas, USA",0.11525941170611467,0.21067538498622237,0.08680169731958332,0.7025229176941944
"Gresham city, Oregon, USA",0.08543909464529384,0.1103142975793441,0.2506901118751685,0.6389955905454874
"Waterbury city, Connecticut, USA",0.19226847541783043,0.10543729406778501,0.3864621358161411,0.5081005701160739
"League City city, Texas, USA",0.034073450157644354,0.08755939795343429,0.04519372513843596,0.8672468769081297
"Downey city, California, USA",0.06389929556804726,0.10996146504068444,0.2163648671739024,0.6736736677854132
"Lehigh Acres CDP, Florida, USA",0.08965245309947048,0.2592655530635881,0.1892406777089615,0.5514937692274504
"High Point city, North Carolina, USA",0.09379038347373608,0.15596725936774467,0.15978653131865553,0.6842462093135998
"Springfield city, Illinois, USA",0.12935574572339192,0.06208746856132913,0.24173419463587584,0.6961783368027951
"The Woodlands CDP, Texas, USA",0.028637606806972294,0.09495876609328714,0.037257416540916306,0.8677838173657965
"Spring Hill CDP, Florida, USA",0.06665392346065675,0.18865077831013471,0.21100019939069212,0.6003490222991731
"Broken Arrow city, Oklahoma, USA",0.04793774194537211,0.13936703924057706,0.0731354005047134,0.7874975602547096
"Peoria city, Illinois, USA",0.13191007239052477,0.09583466066777846,0.24343362128261287,0.6607317180496086
"Lakeland city, Florida, USA",0.14629152396265213,0.17887297506051325,0.20521885774983695,0.6159081671896497
"Lansing city, Michigan, USA",0.12455220434600596,0.0817674580575075,0.30527526308876246,0.6129572788537301
"Pompano Beach city, Florida, USA",0.11624736332252214,0.2950748243489352,0.12747981850185477,0.57744535714921
"Costa Mesa city, California, USA",0.048580122652416714,0.1443020144478974,0.1358419087429633,0.7198560768091393
"Pueblo city, Colorado, USA",0.1676713023716461,0.10105512892765119,0.38875909685234866,0.5101857742200001
"Miami Gardens city, Florida, USA",0.1819831125904693,0.2770169806729584,0.17519327992742084,0.547789739399621
"Las Cruces city, New Mexico, USA",0.13111429232063662,0.12006683159064625,0.3297790669964586,0.5501541014128952
"Sugar Land city, Texas, USA",0.020489926678535803,0.10648405027496421,0.0429721659767703,0.8505437837482654
"Murrieta city, California, USA",0.03481839560871209,0.08444616909602319,0.18806555098806924,0.7274882799159076
"San Buenaventura (Ventura) city, California, USA",0.06945056590186521,0.08462572368817932,0.21047681558769168,0.704897460724129
"Everett city, Washington, USA",0.07041757527495718,0.1139074315801686,0.20516160554574803,0.6809309628740834
"Temecula city, California, USA",0.02088225095681187,0.07553468815582981,0.15413571999180792,0.7703295918523623
"Dearborn city, Michigan, USA",0.08815702881341411,0.07292237442922371,0.35226788432267875,0.5748097412480976
"West Covina city, California, USA",0.08093297393805227,0.07877913137893125,0.20679402376151318,0.7144268448595557
"Santa Maria city, California, USA",0.0843333728112189,0.2447382670172157,0.28106062002743576,0.47420111295534856
"El Monte city, California, USA",0.13602177634534499,0.18245819034869665,0.3500291952403168,0.4675126144109866
"Greeley city, Colorado, USA",0.09173233307542179,0.12719655498759777,0.23437363247137025,0.638429812541032
"Boulder city, Colorado, USA",0.03303474468287205,0.0515215611820197,0.0882680594140502,0.8602103794039302
"Centennial city, Colorado, USA",0.024102121245523283,0.04417890100180457,0.06992643192150744,0.8858946670766881
"Sparks city, Nevada, USA",0.06883076054015237,0.1429957013752216,0.11637904487128659,0.7406252537534918
"Sandy Springs city, Georgia, USA",0.04802835941231981,0.10912791992973443,0.03616692334550243,0.8547051567247632
"Inglewood city, California, USA",0.08760469752857564,0.14607397122062007,0.276743983996591,0.5771820447827889
"Ponce zona urbana, Puerto Rico, USA",0.26156040175065554,0.07921694658681397,0.573909493902447,0.3468735595107389
"South Fulton city, Georgia, USA",0.05759592545997938,0.16332212428309162,0.13659392957188682,0.7000839461450217
"Riverview CDP, Florida, USA",0.0351236977866482,0.1387993396302317,0.10829839283491031,0.752902267534858
"Burbank city, California, USA",0.089581843762253,0.05993513097495941,0.17177922541986146,0.768285643605179
"Green Bay city, Wisconsin, USA",0.11862345809373452,0.10454228602665079,0.20191965840347578,0.6935380555698734
"Renton city, Washington, USA",0.05390147876164065,0.10664756225015833,0.1499323965806536,0.7434200411691881
"Hillsboro city, Oregon, USA",0.030921587136960336,0.08328037865250015,0.12410329770413274,0.7926163236433672
"El Cajon city, California, USA",0.06305853988029549,0.0954085069045907,0.33601758188591196,0.5685739112094974
"Tyler city, Texas, USA",0.10581405504985719,0.23827709656325421,0.11514157632993983,0.6465813271068059
"San Mateo city, California, USA",0.05053858280174842,0.0518234682598314,0.1102172634916466,0.837959268248522
"Davie town, Florida, USA",0.04734316342385925,0.15448239560184757,0.07876591145841545,0.7667516929397369
"Brockton city, Massachusetts, USA",0.12649606747976763,0.06023164852490829,0.4015796974015344,0.5381886540735573
"Concord city, North Carolina, USA",0.08653512176056395,0.13829546850793029,0.10897202432548125,0.7527325071665885
"Jurupa Valley city, California, USA",0.06822786381531758,0.17093498796318887,0.23200968709665215,0.5970553249401591
"Columbia CDP, Maryland, USA",0.04388942033066954,0.06449822310880472,0.14821803774082865,0.7872837391503668
"Allen city, Texas, USA",0.02664771998262667,0.09570116188113013,0.039374954538372225,0.8649238835804977
"Daly City city, California, USA",0.07279837267361608,0.0584666004524516,0.15374193985806547,0.7877914596894829
"Rialto city, California, USA",0.05271698040546688,0.14360296221784644,0.27802130623886584,0.5783757315432878
"Rio Rancho city, New Mexico, USA",0.05202328874591354,0.05896421455853107,0.23925124741239512,0.7017845380290738
"Highlands Ranch CDP, Colorado, USA",0.020552949521415745,0.037565964723967046,0.06297750765208925,0.8994565276239437
"South Bend city, Indiana, USA",0.16192073137019883,0.1296295264952825,0.23231793047161473,0.6380525430331028
"Spokane Valley city, Washington, USA",0.09763803864314156,0.08507823809955697,0.250036552351282,0.664885209549161
"Norwalk city, California, USA",0.08415230991632824,0.11523887452528143,0.23866104778500485,0.6461000776897138
"Chico city, California, USA",0.05379468408475339,0.08537371426981916,0.27238304862339674,0.6422432371067842
"Menifee city, California, USA",0.07457751400774897,0.07564607043350981,0.2194508565045414,0.7049030730619488
"Vacaville city, California, USA",0.0417094367159075,0.05368455269281277,0.16649660756445622,0.7798188397427309
"Wichita Falls city, Texas, USA",0.13100819333073868,0.22428292147071155,0.1452588602327867,0.6304582182965018
"Davenport city, Iowa, USA",0.13215994132452233,0.08436435660430198,0.22797693027281685,0.6876587131228811
"Quincy city, Massachusetts, USA",0.07880994011251413,0.04201865315979045,0.21719054468548615,0.7407908021547233
"Lynn city, Massachusetts, USA",0.13649393605292184,0.05633571609783757,0.3739049978361116,0.569759286066051
"Lee's Summit city, Missouri, USA",0.04819951390097649,0.06428562052710596,0.05127922639309393,0.8844351530798
"Nampa city, Idaho, USA",0.08480377920429616,0.16254896517469325,0.1760168004484222,0.6614342343768846
"New Bedford city, Massachusetts, USA",0.16211013758560586,0.0643466904625359,0.4269123486832928,0.5087409608541713
"Federal Way city, Washington, USA",0.06764234874713271,0.11885332425133334,0.22095332103831702,0.6601933547103496
"Edinburg city, Texas, USA",0.17150557072389955,0.336044557681556,0.08939350688830082,0.5745619354301432
"Roanoke city, Virginia, USA",0.16287537812157615,0.1461085348849218,0.22399598386401454,0.6298954812510636
"Kenosha city, Wisconsin, USA",0.09437190196026488,0.10411447630674503,0.1920738380165045,0.7038116856767505
"San Angelo city, Texas, USA",0.13347238966637845,0.1744136990004884,0.11063293530585173,0.7149533656936599
"San Tan Valley CDP, Arizona, USA",0.03042703341335831,0.10732683855091064,0.16648845159331943,0.72618470985577
"Hesperia city, California, USA",0.054580464090282305,0.12891682212655475,0.382976928876777,0.4881062489966683
"Carmel city, Indiana, USA",0.02348066231574613,0.04188065992570172,0.045264779901208356,0.91285456017309
"Tuscaloosa city, Alabama, USA",0.12352736519731207,0.11365668136642909,0.1641415229296297,0.7222017957039414
"Bend city, Oregon, USA",0.05450502983408057,0.09852630057169456,0.18261073014836077,0.7188629692799446
"Albany city, New York, USA",0.12888805232694922,0.05943885032750026,0.2702261078446432,0.6703350418278565
"Fishers city, Indiana, USA",0.016946609295747046,0.03783578986862706,0.045586337190901965,0.916577872940471
"Longmont city, Colorado, USA",0.0642239041831033,0.0885806006273509,0.14794368383356357,0.7634757155390856
"Vista city, California, USA",0.0660573323258854,0.1615711932715815,0.21103518295630805,0.6273936237721104
"Orem city, Utah, USA",0.039603143888146314,0.13266787484019485,0.07434584870657597,0.7929862764532292
"Sandy city, Utah, USA",0.034529612430939736,0.08670931542572347,0.07037950437906809,0.8429111801952085
"Portsmouth city, Virginia, USA",0.1354512647799797,0.13268391612305758,0.23737161751093522,0.6299444663660072
"Boca Raton city, Florida, USA",0.04886983572066137,0.10236482177771127,0.055895943190799414,0.8417392350314893
"Beaverton city, Oregon, USA",0.04498721927218713,0.09127081487881954,0.1337288061880947,0.7750003789330858
"Sunrise city, Florida, USA",0.07825813882005286,0.16454300480747042,0.10983353006564847,0.7256234651268811
"Yakima city, Washington, USA",0.13004898497918943,0.18149519751699109,0.27769447574749173,0.5408103267355172
