longname,Silent %,Boomer %,Gen X %,Millennial %,Gen Z %,Gen Alpha %
"DE-00, USA",0.07375454734329234,0.25798458486269366,0.18085390246585165,0.19076130572405112,0.18388885946723266,0.1127568001368786
"ID-02, USA",0.056542975246876896,0.20565871187537302,0.17149530706260796,0.20315658656301508,0.22546642867218647,0.13767999057994054
"ID-01, USA",0.06389212964331836,0.2357720662296147,0.18153359970456548,0.19045311383052932,0.1995983203338165,0.12875077025815568
"WV-02, USA",0.07442287571514436,0.25589701921150465,0.1908628481111284,0.1819249348856882,0.19068141849023842,0.10621090358629594
"WV-01, USA",0.08229959374227949,0.27171850228609984,0.19086468526936315,0.17105699019198364,0.17529350375403405,0.10876672475623983
"SD-00, USA",0.0661476436999949,0.23286402014096408,0.16318490334945593,0.19582664708517383,0.20389210521839224,0.13808468050601905
"UT-01, USA",0.04119549946340138,0.1667258411567106,0.17117248645681,0.21738623946564192,0.2509073808084615,0.15261255264897466
"UT-02, USA",0.053633166666840655,0.18037806914230617,0.1680239598378565,0.221972063305251,0.22649708413238667,0.14949565691535904
"UT-03, USA",0.04559772757695059,0.16590181455603206,0.16355641242382118,0.20347855801403097,0.2724938088060688,0.1489716786230964
"UT-04, USA",0.029907180489066227,0.1400373669243917,0.17949122924263822,0.2305192685389005,0.23705809495610175,0.1829868598489016
"IA-04, USA",0.07837151213680323,0.23763244116202875,0.16421636650646682,0.17565933313826373,0.21920338768072717,0.12491695937571032
"IA-02, USA",0.07846807719415504,0.241089140630202,0.17313154942353137,0.18171230716851328,0.20417680632488533,0.12142211925871299
"IA-01, USA",0.06917206127741703,0.23284488651213284,0.17800582014836855,0.1882262620373535,0.21088865322369876,0.12086231680102934
"IA-03, USA",0.05993653362327269,0.21100673856151309,0.18605003982451926,0.2117779435376816,0.1958102077196354,0.135418536733378
"AZ-09, USA",0.08192627680798703,0.23829004978114457,0.1799205590767165,0.18559390656669802,0.1929798862892462,0.12128932147820773
"AZ-05, USA",0.06389488214168189,0.20749168738913046,0.2097321618527334,0.180179834760436,0.2068596112549596,0.1318418226010586
"AZ-03, USA",0.026646492067980736,0.14364332602502505,0.1861231272924802,0.23525360568900805,0.2555071121815776,0.1528263367439284
"AZ-02, USA",0.08156715270660775,0.2731723936487193,0.1619833039931352,0.17330044230927572,0.20060515723342795,0.10937155010883409
"AZ-06, USA",0.10478239857202795,0.2659691397971982,0.16277062690083482,0.18269044190019068,0.17688191711771062,0.10690547571203787
"AZ-04, USA",0.05619803707135257,0.1950194431848229,0.1747039280208859,0.24410324516002932,0.21385252466171245,0.1161228219011967
"AZ-07, USA",0.055990448508027896,0.19038155909081494,0.16781243949599478,0.2071178896138024,0.24747123033400237,0.13122643295735759
"AZ-01, USA",0.08509651437175193,0.26225924000527534,0.1886459303820787,0.21021808224216684,0.15375517088416812,0.10002506211455915
"AZ-08, USA",0.097132528305628,0.24904188929739265,0.18355112185306327,0.1831963535613191,0.17305179729015965,0.11402630969243752
"OK-01, USA",0.05760673450710934,0.21058772000058038,0.18198997213989304,0.21162266591515405,0.20100597236643156,0.13718693507083166
"OK-03, USA",0.060834993153623014,0.20760939286695473,0.1720978719594069,0.19982563091842828,0.2222998761178755,0.1373322349837115
"OK-02, USA",0.07815167205402686,0.24279857317112166,0.17733566021720293,0.1795880585749097,0.19652108051251369,0.1256049554702253
"OK-05, USA",0.057844499200914015,0.21604851681095685,0.178026449294478,0.21622983902166576,0.19745740337427478,0.1343932922977105
"OK-04, USA",0.0604721498693701,0.21216270660439168,0.17459456702071463,0.2070112145137756,0.22193174302643215,0.12382761896531583
"VA-05, USA",0.07839695411254302,0.2589788757809095,0.1777107461595444,0.18048663253108854,0.1996374137781897,0.10478937763772503
"VA-04, USA",0.057213731102551665,0.23011715491544282,0.1817477536027214,0.23343670223975785,0.18564634454244344,0.1118383135970828
"OH-06, USA",0.08639726961130458,0.27257853209268046,0.18257275429850708,0.17245858168802672,0.17961165408597823,0.10638120822350294
"OH-04, USA",0.06716242263470519,0.23309065451523145,0.20009021265389149,0.17809036718574925,0.2001491700737225,0.12141717293670022
"OH-09, USA",0.07115616773263923,0.2500404409307645,0.18160769462412743,0.1887570873546394,0.188851026476623,0.11958758288120647
"OH-10, USA",0.07317749888896502,0.23779948011872687,0.17514576936572468,0.19441349187935314,0.19977945298708724,0.11968430676014315
"OH-11, USA",0.07018980933289223,0.23386581996740732,0.17362310025194064,0.2171384621054283,0.1904355580573969,0.1147472502849345
"OH-12, USA",0.06452497092304413,0.23638206705607376,0.1882946873857621,0.1763171439876668,0.21308141102598505,0.1213997196214682
"OH-13, USA",0.07390291433065685,0.2556634342135109,0.18547801423675542,0.18928706178627128,0.18197602314590852,0.11369255228689712
"OH-14, USA",0.08010905421052042,0.26630756632174835,0.18580891713207448,0.16843714779897273,0.19344141023643405,0.10589590430024994
"OH-15, USA",0.0520446201933329,0.2129714280532683,0.19908627334307105,0.2225774056194518,0.18519113306859356,0.12812913972228232
"OH-05, USA",0.07260208197630937,0.24565319930205176,0.1850310869414251,0.17400927062870603,0.20209879415581286,0.12060556699569491
"OH-07, USA",0.08051770478202663,0.2617227664996055,0.19081181285611415,0.17375183182140672,0.18017382971257132,0.11302205432827557
"OH-01, USA",0.056206974173435474,0.21741093267305422,0.18369441452345214,0.21556980471278728,0.20383939098013246,0.12327848293713836
"OH-03, USA",0.04722711890943554,0.1848017502603554,0.16905734490064872,0.26017750173514786,0.20509361140892712,0.13364267278548536
"OH-08, USA",0.06531147054671436,0.23403106708605223,0.18364283412475654,0.18131287878431043,0.21042218972438695,0.12527955973377952
"OH-02, USA",0.06873283210830436,0.2477369257443286,0.19364061016317863,0.18467664276361972,0.1850792283027192,0.12013376091784946
"VA-09, USA",0.08535747203490332,0.2701938960923275,0.1887295873506748,0.16516089725090832,0.19566611998335784,0.09489202728782825
"VA-02, USA",0.059246347768225245,0.22500423933114858,0.18966684621043423,0.21617372817323227,0.18650155873481047,0.12340727978214928
"VA-11, USA",0.050776823320736277,0.2118207377785851,0.21314945632872664,0.20558263864008097,0.197832508372467,0.1208378355594041
"VA-10, USA",0.04178905953420475,0.18251535448418582,0.23309809533223755,0.19439566949025902,0.20762086684896863,0.1405809543101443
"VA-01, USA",0.07572280215662566,0.24581731187028097,0.19874352477488413,0.17380173158530746,0.1890464814812225,0.1168681481316794
"VA-08, USA",0.04944470614165948,0.1901810835537528,0.20675117219140776,0.26771743162539224,0.1608902387597325,0.1250153677280554
"VA-07, USA",0.04465113274166058,0.20314084086299974,0.2027904036006834,0.20415157857101734,0.21138503934008482,0.13388100488355412
"VA-06, USA",0.07852533067805298,0.248129975742292,0.18168700747288985,0.18500813781808625,0.19532419707720444,0.11132535121147459
"CA-22, USA",0.03445926572872117,0.14661399328235747,0.17430801050798003,0.22386650453230172,0.2564374132821211,0.16431481266651848
"MA-04, USA",0.06697310526838471,0.23828654725121454,0.2069908327967009,0.1808455709903919,0.19871004028065356,0.1081939034126545
"MA-01, USA",0.07519888512144104,0.25500839324505614,0.1872483271191343,0.18115598606583516,0.19624971150711631,0.1051386969414171
"MA-07, USA",0.045581560004009265,0.16447562317030306,0.16201279037443692,0.30636234087918557,0.2285680174650943,0.09299966810697097
"MA-09, USA",0.0918603965380274,0.29066127399199004,0.1856271286787838,0.1622573566359775,0.17309188302902193,0.09650196112619934
"MA-03, USA",0.05610040316338445,0.2322173440865237,0.19847272439946229,0.20120368539376915,0.1970420582920763,0.11496378466478406
"MA-08, USA",0.06743570187718519,0.22881240208771036,0.19252993292542236,0.2392696399401426,0.1694083111964587,0.10254401197308095
"MA-02, USA",0.06058408384254123,0.2369980629399681,0.19523769251052137,0.1847703242487234,0.21976221494719417,0.10264762151105161
"MA-05, USA",0.06968563882136922,0.2148433144684408,0.19717388243810216,0.22427883060257356,0.18537573452257522,0.10864259914693906
"MA-06, USA",0.07570368902681045,0.25814894748167894,0.1994918928348922,0.17780240568593936,0.18094171390757066,0.10791135106310853
"VA-03, USA",0.05154211237111923,0.20123077998766517,0.16152842392703795,0.23736904123253744,0.2233614828680022,0.12496815961363808
"ND-00, USA",0.06530858195059379,0.21098760706748873,0.16121803492365622,0.21406773699673107,0.21171044192493896,0.13670759713659122
"NJ-02, USA",0.08077913124077327,0.26362486595192586,0.18660189527924048,0.17747714503866163,0.1802474785381269,0.1112694839512719
"NV-04, USA",0.04855583038297256,0.20702625170536368,0.19150133633376654,0.21398907272444548,0.2045843655955492,0.1343431432579025
"NJ-03, USA",0.07186170709352172,0.24514021526030177,0.20852174756249972,0.1774806591192659,0.18909975866129486,0.10789591230311606
"MD-06, USA",0.05968980184977261,0.2234933365086188,0.20368808784602888,0.20119078924293912,0.19028749473350823,0.12165048981913232
"NV-02, USA",0.06464499219352854,0.24888876901119897,0.18506271997917847,0.20300166751723406,0.18188984298758643,0.1165120083112737
"NY-08, USA",0.06969214711928601,0.21605768346977772,0.18037604279713318,0.22701561919144475,0.1794310186839101,0.12742748873844809
"NY-09, USA",0.06026093153359693,0.20735110037681295,0.1797803213919589,0.23473065834409687,0.1842238316258165,0.13365315672771788
"NY-14, USA",0.06084162164959445,0.19425143109390797,0.1943843383952681,0.25168797710370633,0.17913956059716638,0.11969507116035688
"NY-23, USA",0.08229015985253547,0.27334864853977303,0.18573819391690038,0.16899129591740658,0.179948670182122,0.10968303159126248
"NY-07, USA",0.04383330010028401,0.15826810431113142,0.18206807165146244,0.31953339074865855,0.17610289072267182,0.12019424246579183
"NY-10, USA",0.0564840545457667,0.18496320886526052,0.1950802636583725,0.2922420981066337,0.1568852712983134,0.11434510352565322
"NY-12, USA",0.0893226631936964,0.22323869385279616,0.18777711723309506,0.3019375779425335,0.11857599719003659,0.07914795058784224
"NY-13, USA",0.05624391754987162,0.18837558906794946,0.19013038887089218,0.26958673606118444,0.18241861575228507,0.11324475269781717
"NY-26, USA",0.0723019912829225,0.2404938131292814,0.17113485660051206,0.21445342797761355,0.19046185439886837,0.11115405661080209
"NY-15, USA",0.0521578034167641,0.18218252431696058,0.18418692461074843,0.22083130505098314,0.21866912588664097,0.14197231671790278
"NY-06, USA",0.07672082012210735,0.24111959056647955,0.20488000305809312,0.21897082117450165,0.14737548291195102,0.11093328216686722
"NY-16, USA",0.07369314909610845,0.22060891593860277,0.20836159330949117,0.18585411732866208,0.19653475977984958,0.11494746454728591
"NY-17, USA",0.07158549664600362,0.23836999345150628,0.19201950613448393,0.1675122536194958,0.2027886816565547,0.12772406849195567
"NY-18, USA",0.06445296187417306,0.23416188222353077,0.19490787303498847,0.18059864140582693,0.21102357624861814,0.11485506521286254
"NY-19, USA",0.08204369871329764,0.26436482470660017,0.1725430658965674,0.16727661958967568,0.21935338176730054,0.09441840932655864
"NY-05, USA",0.06396779671380966,0.23208553771593762,0.19350145154887838,0.20414639878883675,0.18755070420913936,0.11874811102339826
"NY-25, USA",0.0720513643733429,0.24229066683836642,0.17866487872049894,0.2016072601410398,0.19555734940337388,0.10982848052337817
"NY-04, USA",0.06921289693808895,0.2389675384010988,0.1990250675385993,0.18562177018846945,0.19100603576800504,0.11616669116573844
"NY-03, USA",0.0897883019548333,0.2616908646096328,0.19790890793542076,0.16607528849087033,0.1743639581191831,0.11017267889005959
"NY-02, USA",0.06126628506828712,0.23226236175067586,0.2074100642307393,0.19426446227425506,0.19236205179208626,0.11243477488395628
"NY-01, USA",0.08245095184888303,0.26153376146306406,0.20070208408286577,0.15914444476723483,0.19467827493244486,0.10149048290550752
"NY-21, USA",0.07510813200052363,0.2649045365070595,0.18349878533471842,0.18093649805496925,0.18881792249639479,0.10673412560633455
"NY-24, USA",0.07257652161725885,0.2632195698097448,0.1859137585449468,0.1817361445378387,0.1878857887949416,0.10866821669526927
"NY-22, USA",0.07409026418749699,0.24657132798661566,0.17914085000858646,0.1869992537114538,0.2001399788538236,0.11305832525202358
"NY-20, USA",0.06964096976448442,0.23979406960450178,0.18546857002782818,0.19544862653861583,0.20428081002165058,0.1053669540429191
"NY-11, USA",0.06859272838161626,0.2351419720684029,0.2012460857702212,0.20026986749047795,0.1782308236554631,0.11651852263381848
"LA-04, USA",0.06625684995050507,0.22609336256854717,0.17418101004630768,0.20111640327081065,0.2019768237790894,0.13037555038474
"LA-02, USA",0.05437742698474581,0.22630407578023706,0.1814014073679923,0.2245852284991336,0.1892439066734836,0.12408795469440766
"LA-06, USA",0.0521270745915226,0.20985668731598903,0.18030919239546292,0.21210160162476172,0.21403498353814954,0.13157046053411411
"LA-05, USA",0.06408423331773316,0.22539768761980145,0.17875841308369866,0.1962146331428568,0.20929501548444676,0.12625001735146324
"LA-03, USA",0.05703339794361665,0.2219663126864616,0.17764220917810733,0.21103572871734047,0.19683681889447455,0.13548553257999932
"LA-01, USA",0.06554981356897088,0.24426262164959756,0.18431208702939858,0.20253399077011852,0.18042518056042772,0.12291630642148683
"MI-13, USA",0.058531520853327565,0.21847289924529273,0.18035097683729567,0.21065018197728633,0.20080653985889502,0.13118788122790276
"MI-11, USA",0.06789597868116073,0.24507812352539313,0.19372272768430837,0.21324949315648448,0.17538576256159344,0.10466791439105991
"MI-03, USA",0.0570068147026229,0.20890746526983336,0.1734643255381601,0.21919798857137643,0.21190258293442438,0.12952082298358272
"MI-01, USA",0.09524845827634751,0.30851020832193743,0.16907061069149767,0.1598450509380437,0.1723242226401351,0.09500144913203853
"NV-03, USA",0.06002841563687378,0.21772656808870658,0.20699698348862508,0.23169450227168956,0.16685791396342695,0.11669561655067802
"MI-06, USA",0.06049664962189674,0.2290377005948106,0.19286035092429335,0.18853849895173064,0.22535193177289967,0.1037148681343689
"MI-12, USA",0.06415617345143756,0.22364104947668437,0.18389179893729937,0.20202040567683854,0.19443857759586214,0.13185199486187799
"MI-07, USA",0.060467985069812706,0.23902944637602783,0.18336996339767472,0.18672471448822045,0.218414527677415,0.11199336299084935
"MI-08, USA",0.07518351508851341,0.25199817003359914,0.18415145226323362,0.1835814426221802,0.18921819593308872,0.11586722405938482
"MI-10, USA",0.07290639756098156,0.24685408909397125,0.19246049246948257,0.20141109690124295,0.1770027496915383,0.1093651742827832
"MI-02, USA",0.07054179310354232,0.2598650258225904,0.18148613108749137,0.1757982140040727,0.19834953047734716,0.11395930550495599
"MI-09, USA",0.06618806978340308,0.263760768455666,0.20580391511038323,0.16546002270576884,0.1868865697036489,0.11190065424113005
"WA-05, USA",0.06501905001262807,0.2362595873683495,0.17322510599440394,0.2018715841432007,0.20716552861818435,0.11645914386323336
"NJ-12, USA",0.06559128851242328,0.22732337671710814,0.20714739494506357,0.18849395007995545,0.1944687883049542,0.11697520144049542
"MD-05, USA",0.04954627022650658,0.22895437449610512,0.21333633857103032,0.19504243801028942,0.19340563693766055,0.11971494175840816
"MI-04, USA",0.06362978981629497,0.2250883318364249,0.17470505169454914,0.19194783116081968,0.21861613022777668,0.12601286526413472
"MI-05, USA",0.0740644305558529,0.26205801122305256,0.18940312115204364,0.17197408559524865,0.18916595752683077,0.1133343939469714
"NJ-07, USA",0.07105501292989383,0.25674851016460315,0.21758335946096596,0.15884021389588418,0.18946689398018973,0.10630600956846319
"NJ-06, USA",0.0576642511193391,0.22427581063664112,0.19647502247143467,0.20788971620170105,0.1983790730560344,0.11531612651484963
"NV-01, USA",0.0630719859364269,0.22029959142440197,0.19643522694770135,0.20886708214553246,0.19215635245626242,0.11916976108967482
"NJ-10, USA",0.055493078758967786,0.2043421626147203,0.19795098861824964,0.21866360535582954,0.19372832204870433,0.1298218426035284
"WA-06, USA",0.07550990735014833,0.27120508854338476,0.1749955915267003,0.20249873876576185,0.16720671614068766,0.10858395767331719
"NJ-11, USA",0.07320094802310091,0.23721354831033561,0.2165095043055,0.17077239333955146,0.18960811461666882,0.11269549140484328
"NJ-05, USA",0.07852983067481438,0.25091028594564047,0.20976552319070937,0.1646294228991452,0.18797333688437842,0.10819160040531223
"NJ-04, USA",0.0905521916380486,0.25492334884305523,0.17114961778192964,0.16090187901606784,0.18587000322287198,0.1366029594980267
"MD-01, USA",0.07415013744822826,0.257517935867034,0.18912753999182713,0.1757616555539539,0.19006616122395725,0.11337656991499967
"NJ-08, USA",0.04706642642551924,0.17169112499927613,0.1988982603045031,0.28767662628015167,0.16798257392025326,0.12668498807029657
"NJ-09, USA",0.05912553076905352,0.21345766530182397,0.1999330249123448,0.21377545529721742,0.19044030431694686,0.12326801940261357
"WA-01, USA",0.04773168952335668,0.19663075760272927,0.20711278594697233,0.25248424093680666,0.16783977858978613,0.12820074740034906
"NJ-01, USA",0.06413762297285411,0.2323681888120878,0.19408604673278598,0.2035110311054627,0.18621308687275598,0.11968402350405359
"MD-03, USA",0.05912628392533387,0.22656323315518534,0.20413104941379637,0.19752366086146228,0.19030993191285075,0.12234584073137147
"MD-08, USA",0.07472860617500718,0.2301861492794727,0.20217635661284697,0.18814140233981275,0.18490996680319888,0.11985751878966172
"MD-02, USA",0.07269178866313636,0.23836802222214948,0.1864940895119637,0.1973889541989913,0.1892993217157776,0.11575782368798145
"MD-04, USA",0.04751232318933998,0.20558214766298388,0.19340467619003784,0.22504183424700755,0.1960420198006575,0.13241699890997333
"WA-08, USA",0.049580655238388394,0.22482152222972288,0.21499691918161534,0.18971499768915867,0.19325023454161172,0.1276356711195029
"WA-07, USA",0.04964674751637823,0.18979069673347587,0.1933619782716377,0.3176879745207711,0.15961742665502415,0.08989517630271292
"WA-10, USA",0.05494545328454154,0.20854447940920717,0.18298427075096418,0.22834041673444824,0.19386677469333638,0.13131860512750237
"MO-07, USA",0.07197462656070747,0.2307571942836408,0.17825432891551848,0.189140793042349,0.2077103898684816,0.12216266732930268
"MO-04, USA",0.07058009916308833,0.23687929159821566,0.17196158978936896,0.1885299644082563,0.2070494446140106,0.12499961042706019
"MO-06, USA",0.0696666221549053,0.23416270076936227,0.1839023902248757,0.18555170985270186,0.20188368510645263,0.12483289189170224
"MO-01, USA",0.059447131912569146,0.22685315721301483,0.17493988514454017,0.23134975505733316,0.18930298012514007,0.11810709054740264
"MO-03, USA",0.06444647427269547,0.23608526522882253,0.18509438014119511,0.191707212645099,0.20623635720019345,0.11643031051199453
"MO-02, USA",0.07854530407637848,0.2515067481259962,0.1913991664938755,0.18056602111834397,0.1804551667918496,0.11752759339355637
"MO-08, USA",0.07400698935807172,0.247208726746113,0.1808664629960903,0.18344916519030158,0.1933617276745885,0.12110692803483494
"MO-05, USA",0.061377400261017755,0.21753849272368278,0.17936294740365458,0.227977356967196,0.1855261440853217,0.12821765855912734
"CA-25, USA",0.07243091949392126,0.20992953433016678,0.17913758184967316,0.202324036487191,0.20720095689097018,0.1289769709480777
"WA-03, USA",0.06360345944333466,0.2439777497718901,0.19112546193793764,0.19400030715456262,0.18533545542861177,0.1219575662636633
"FL-01, USA",0.0641747660799953,0.23900760006439892,0.17745279400346764,0.20845003558813918,0.18963898112978195,0.12127582313421703
"FL-02, USA",0.0640859632351864,0.23333064185168362,0.18168629120535779,0.19929876795936638,0.21772403280954417,0.10387430293886171
"FL-07, USA",0.07920316149818839,0.2540087520503824,0.19409991096795623,0.1970695720545117,0.1713097596996826,0.10430884372927861
"FL-04, USA",0.05703249822278506,0.23235277886844044,0.19205550077421868,0.20793274301472192,0.18199317302760737,0.12863330609222653
"FL-06, USA",0.11398059769981979,0.30355448543625285,0.1673803969895878,0.15983183613670618,0.15614351016540384,0.09910917357222963
"FL-03, USA",0.08471354670204245,0.24597749880670755,0.16458301484796065,0.19202130049161906,0.20993713288769647,0.10276750626397377
"FL-05, USA",0.05939469889154508,0.22718488885439775,0.19222600691962988,0.2144466982564015,0.18734517435942424,0.11940253271860149
"FL-26, USA",0.08786191651716298,0.23257615146189634,0.21656444619259999,0.1886828099875026,0.17266043556498734,0.10165424027585086
"FL-08, USA",0.11427392461878311,0.3040350608159635,0.17435617654938587,0.15856139294640892,0.15807122375525873,0.09070222131419987
"FL-16, USA",0.09584990817873083,0.2585884575201619,0.1852147617535899,0.18239508313558972,0.16866580715323448,0.10928598225869313
"FL-28, USA",0.06451600924733268,0.21590517125824063,0.2161810815412234,0.19682518308823135,0.19211183238896284,0.1144607224760091
"FL-17, USA",0.16178769150321476,0.3363347507375585,0.15629927072608438,0.13347056233232535,0.1347855233021132,0.07732220139870391
"FL-19, USA",0.1561455325805755,0.3190266659095345,0.15821559208489752,0.14809887745033642,0.13747981667234982,0.08103351530230617
"FL-25, USA",0.0640549362332004,0.21810737643733813,0.22502390451410884,0.19465947203979106,0.18753316324000302,0.1106211475355584
"FL-24, USA",0.06442125501313359,0.2163060013971966,0.20293229033266477,0.2154471523033568,0.17550113275975623,0.12539216819389196
"FL-21, USA",0.1247513258542337,0.2872075927414086,0.18035474912549737,0.15816322195542712,0.15726183701548938,0.09226127330794374
"FL-18, USA",0.09839494413116001,0.24274899308523482,0.17477061040577455,0.1868985021435433,0.18336099673254247,0.11382595350174488
"FL-09, USA",0.05108893273675256,0.19491754096786143,0.21215114091392306,0.22358396886028303,0.19540573141011455,0.12285268511106534
"FL-20, USA",0.0691759252942059,0.2184250501232184,0.18742596693478736,0.21201499142531874,0.18633674558331834,0.12662132063915135
"FL-23, USA",0.09946566221983126,0.26605011470236484,0.19687318357706074,0.18178503289518247,0.15836103496943632,0.09746497163612441
"FL-15, USA",0.06732264506381717,0.219895542577131,0.19069351237357746,0.20182776556378176,0.201249874051466,0.11901066037022649
"FL-14, USA",0.058881622176187615,0.2217463369430028,0.2042833246733627,0.23684093169138656,0.16715337455752866,0.11109440995853176
"FL-10, USA",0.046535205207790864,0.17996289049382447,0.18707676174768884,0.25310925553517966,0.2213331689755211,0.11198271803999504
"FL-11, USA",0.10359135167374228,0.2693222022805367,0.18795717522350902,0.17379075650296033,0.15829174398114193,0.10704677033810969
"FL-27, USA",0.08664156741926116,0.22288539737282645,0.2152421297351585,0.21420522572308692,0.15899647790408988,0.10202920184557719
"FL-12, USA",0.1149933574939914,0.29110426182968646,0.17964430862489467,0.1611342605198925,0.15759410883189054,0.09552970269964439
"FL-13, USA",0.11992183051561191,0.30843204199511765,0.18268798523556817,0.1658239673529244,0.13845143466428605,0.08468274023649179
"FL-22, USA",0.1274538163420086,0.24978929023777482,0.18593035680706935,0.17742714870131499,0.1596262236322368,0.09977316427959539
"WA-02, USA",0.06988747350973638,0.2513514938821464,0.1780671704238265,0.20307992457247523,0.1870093965087397,0.11060454110307583
"WA-09, USA",0.05321688088582688,0.20293221662534747,0.20146023433524005,0.24198655662706992,0.17856594468629994,0.12183816684021571
"WA-04, USA",0.05558442853155436,0.2026242709978799,0.1689806474586209,0.19900595568702456,0.21906266680106348,0.1547420305238568
"CA-13, USA",0.04116466669259735,0.16428419423549326,0.17540336943699192,0.2147079390134373,0.24538934479855437,0.15905048582292572
"TN-04, USA",0.05747581173857419,0.2175509068083726,0.19404196954255076,0.197100364547075,0.21042845231501045,0.12340249504841702
"TN-07, USA",0.05063377304806816,0.20691701223089962,0.18476062908489443,0.2330594850858816,0.2015740984526345,0.12305500209762182
"TN-02, USA",0.07063740969859478,0.2418967668832447,0.186541515795903,0.19174784158879918,0.19974004335878356,0.10943642267467471
"TN-03, USA",0.07407621045465877,0.24904431564541873,0.19080985977554007,0.1931746509724998,0.18109916108594892,0.1117958020659336
"TN-01, USA",0.08229854414933405,0.2673492681956376,0.19477382749609767,0.17386170189813357,0.18055297409323937,0.10116368416755787
"TN-06, USA",0.06622293241613784,0.23536116177702107,0.18975411199382053,0.21225908490853165,0.1784444153621033,0.1179582935423854
"TN-09, USA",0.04679569835793349,0.20248278320763624,0.17747569704547578,0.2247581593625779,0.20982092068357366,0.1386667413428029
"TN-08, USA",0.07211363973903619,0.24992526563331793,0.19339731783830694,0.17416635449177864,0.19115207824331548,0.11924534405424486
"TN-05, USA",0.050202189259468205,0.2121621678467438,0.2000343917082438,0.21268131984916355,0.19174549279278744,0.1331744385435933
"MD-07, USA",0.05701652974145776,0.21745902232971548,0.17132053015614487,0.25129339233346043,0.18425089430775893,0.11865963113146243
"TX-20, USA",0.042652976041836564,0.1611634412875217,0.17610813971437078,0.24248055644054514,0.23305681735390651,0.1445380691618193
"TX-03, USA",0.04180461822930206,0.18920726288606077,0.2343918350692921,0.1868498738482204,0.2127399804683249,0.1350064294987998
"TX-25, USA",0.05839016074044193,0.21574780465619373,0.18634907192746156,0.1975082158891374,0.21512553581166294,0.12687921097510246
"TX-21, USA",0.06835000451933934,0.23735795111411664,0.19714382364458485,0.1893976982039782,0.18736852255250333,0.1203819999654776
"TX-31, USA",0.05511803737320881,0.1955468528538032,0.1941553077311904,0.21035691719656363,0.21012210861640848,0.1347007762288254
"TX-29, USA",0.03112879132104505,0.1582981328775765,0.1903446074304945,0.21617914911183514,0.24695399710533936,0.1570953221537095
"TX-30, USA",0.03627424784519775,0.1814992344325287,0.18923096997539046,0.23102680787807386,0.22299674370214245,0.1389719961666668
"TX-01, USA",0.07084660889705803,0.230077814287405,0.17819144459725417,0.18698384890896833,0.2039648029955636,0.12993548031375088
"TX-36, USA",0.05247791410272975,0.2098408463202915,0.1897646561162113,0.20176485221025645,0.209115267784234,0.13703646346627701
"TX-34, USA",0.05343462927417099,0.16217758208870248,0.1731760721039296,0.18872856006949376,0.2571659872500022,0.1653171692137009
"TX-26, USA",0.03840337640174543,0.1958358435441673,0.22514118049863316,0.21507580552173527,0.19207479643164596,0.13346899760207287
"TX-35, USA",0.03446588265147532,0.15549297969824663,0.17960832986997646,0.2736300107991994,0.22199438639805907,0.13480841058304321
"TX-13, USA",0.058824500167792906,0.2023302460534823,0.17228638968731294,0.20983580488882103,0.22477484500320932,0.13194821419938152
"TX-27, USA",0.06352323448893817,0.21778934795275517,0.18010427754730488,0.19850006005430385,0.2084024528028514,0.13168062715384654
"TX-28, USA",0.04505647059135308,0.17902973553507676,0.1788225849382528,0.20276313265888257,0.23541278385989065,0.15891529241654412
"TX-04, USA",0.05573736545076749,0.2071147643614592,0.20934834042136635,0.20120756607088178,0.19786305523676562,0.12872890845875962
"TX-02, USA",0.03979857185142063,0.18774021193830145,0.20791981948271274,0.20444163214361336,0.21191779613852227,0.14818196844542955
"TX-37, USA",0.03447484953975572,0.1702491899079598,0.19725404106660938,0.30628163888763793,0.18407340558099056,0.10766687501704666
"TX-18, USA",0.03402744927276799,0.1686485107805047,0.18229161450280845,0.25628036609219096,0.217846395636251,0.1409056637154768
"TX-09, USA",0.039474512256440976,0.1802070668416445,0.19095978381694168,0.22760712154719726,0.21243369912951446,0.14931781640826094
"TX-10, USA",0.05200791367102657,0.20719719189833113,0.18783484248638807,0.19043751415556254,0.24102771108169446,0.12149482670699725
"TX-11, USA",0.05106578451437333,0.18669897611759245,0.1677766327879946,0.2263928761158148,0.2131824479967158,0.15488328246750901
"TX-14, USA",0.05608574750148227,0.22055987652544742,0.19123003977208325,0.204545267858428,0.19800285627027883,0.1295762120722803
"TX-32, USA",0.03552672862896331,0.16535570102240646,0.1828346333105461,0.27471906126680967,0.2047741558777567,0.13678971989351782
"TX-15, USA",0.05238788086949622,0.16630530468095414,0.18056415587329389,0.19666759967941902,0.2433385776885018,0.16073648120833497
"TX-08, USA",0.03919470509037999,0.19412256037077158,0.20504077439720847,0.20410445494405058,0.21088597535663675,0.1466515298409527
"TX-07, USA",0.03753336937030791,0.16482835329313433,0.19487539430816467,0.275930630716487,0.19451467385356552,0.13231757845834058
"TX-06, USA",0.04808921933487589,0.19232127563950757,0.1974287922342762,0.20665626166947676,0.21577287687132624,0.13973157425053725
"TX-17, USA",0.057175475578601545,0.20229912313508078,0.1833541276073284,0.19638080638035074,0.23431037925106915,0.1264800880475694
"TX-24, USA",0.05309631181373562,0.21711698082185432,0.21532487382985424,0.19040479775593175,0.19283950513951936,0.1312175306391047
"TX-19, USA",0.05757357269936988,0.18824120505724,0.16480358946471466,0.2048420371206476,0.24970557469027482,0.13483402096775307
"TX-23, USA",0.051854616484732406,0.18538012411304217,0.18870810939696225,0.2060455380432125,0.22623852851169193,0.1417730834503588
"TX-12, USA",0.04818192506468456,0.1968657466266993,0.18675044570259935,0.22673387280079446,0.20405856848079382,0.1374094413244286
"TX-33, USA",0.03193451097632509,0.1523774967114431,0.18798293050581255,0.24160756280809806,0.2300383399034094,0.15605915909491183
"TX-38, USA",0.04982302271942761,0.2058901975897362,0.203826702080294,0.21098018737841162,0.18977485204204148,0.13970503819008914
"TX-05, USA",0.05653995518937668,0.21758556313010005,0.19201636220765866,0.18829847752733075,0.20999466035637535,0.13556498158915858
"TX-22, USA",0.04280677288644183,0.1949521971442963,0.21581123462043877,0.189695414800117,0.21334110353140806,0.14339327701729787
"TX-16, USA",0.052004411889318536,0.17682892908981487,0.17593395500222953,0.21523326735255038,0.2375493646552148,0.142450072010872
"CA-02, USA",0.0790456253435707,0.2780248623901557,0.1964430561664607,0.17046257177544138,0.1716162116606046,0.10440767266376694
"GA-09, USA",0.06398227573318574,0.23741941010592243,0.19844853012150307,0.1748544322242052,0.20824695042535957,0.1170484013898239
"GA-05, USA",0.04765378142844469,0.18196727027042242,0.1838015340578604,0.27529496240037116,0.1974145526246605,0.11386789921824092
"GA-07, USA",0.0362806471246861,0.18704745717991067,0.2183422987157882,0.2017542487127724,0.2211594004004562,0.13541594786638647
"CA-04, USA",0.07210566172693751,0.23810790761416867,0.1771912913426863,0.19395484665116589,0.21221536567248772,0.10642492699255399
"GA-02, USA",0.061690450838052135,0.2217113079925118,0.17338212635441894,0.20211119818987314,0.215332033713421,0.12577288291172292
"GA-01, USA",0.05759762374716901,0.2161179967801808,0.18088790243980377,0.2134721041798635,0.20195281332774945,0.1299715595252337
"GA-11, USA",0.048385641223083975,0.20475175971716347,0.206302245849154,0.21669244113886355,0.20468886191680544,0.11917905015492955
"GA-13, USA",0.03787939975171058,0.1891690089895184,0.20543750248196688,0.21610280774066162,0.21186169401911104,0.13954958701703157
"GA-06, USA",0.04468884022759801,0.21489074464236524,0.23805642227311544,0.17944844351507833,0.19599334714506916,0.12692220219677372
"GA-08, USA",0.05932935648319614,0.22059111351327415,0.18636245471843949,0.19325312332003475,0.21408668424545918,0.12637726771959626
"GA-03, USA",0.059408009313477894,0.230148724291357,0.19881055040346093,0.18261112627042925,0.20975891770263141,0.11926267201864352
"GA-12, USA",0.058100515495777855,0.21798462485473144,0.18192105650068957,0.19805690253557873,0.22022662422427952,0.12371027638894287
"GA-14, USA",0.05630429142675103,0.21637674319024086,0.2053534512952918,0.19260809045606944,0.20588303410914022,0.12347438952250658
"GA-10, USA",0.05522298969191581,0.20945173084379842,0.19626081728113928,0.1932573353786639,0.22551920297572747,0.12028792382875507
"GA-04, USA",0.044695190828515745,0.20240190290305668,0.19670163130793955,0.23226206647877423,0.19271998669997217,0.13121922178174164
"CA-05, USA",0.07882927666323442,0.2584361177425019,0.18434952186619527,0.1839384566274056,0.1820470133495293,0.11239961375113362
"PA-14, USA",0.0901073771936289,0.27994127109251377,0.18743219077030407,0.16861616552226605,0.17393455745401404,0.09996843796727319
"PA-05, USA",0.06621498511382318,0.22667513140883433,0.18604827981995606,0.20105111895715214,0.1975958120952085,0.1224146726050259
"PA-08, USA",0.08099398472666786,0.2630693608895712,0.18979682643939558,0.1781447013901964,0.18573436002581098,0.10226076652835805
"PA-01, USA",0.07605377788818198,0.26843823562364877,0.19872989082892967,0.1718208927274111,0.1818820807713985,0.10307512216042994
"PA-16, USA",0.08151932639353973,0.26504981541979483,0.18348474979132232,0.1751094399621369,0.18784598113510068,0.10699068729810551
"PA-04, USA",0.08003447542782742,0.24889973425858603,0.1989639020687719,0.18074723483591776,0.18303296289644683,0.10832169051244994
"PA-02, USA",0.052155425611850194,0.19893452441454296,0.18058991889779422,0.24383482723997035,0.18934984489906886,0.13513545893677334
"PA-07, USA",0.07550576466909294,0.24421022103099033,0.1900637249428311,0.1857220721831288,0.1963454022433309,0.10815281493062598
"PA-10, USA",0.07003333655043503,0.24275633034911437,0.19054418502442316,0.19490912735082,0.18496842040827363,0.11678860031693379
"PA-09, USA",0.0845111273305867,0.26710710699218065,0.18569646032727283,0.17481598502792023,0.1815171135075268,0.10635220681451278
"PA-03, USA",0.0601905202766988,0.19702389139684895,0.16027316046489765,0.2801324707945255,0.191993050925744,0.11038690614128513
"PA-06, USA",0.0656688773860736,0.23215524256668976,0.19694403068592936,0.18070380678673476,0.20357639507699912,0.12095164749757337
"PA-17, USA",0.08365718227354083,0.26884410471605275,0.18601689298521287,0.19781296582154362,0.15494101086442333,0.1087278433392266
"PA-11, USA",0.07805625120610468,0.23731654992828147,0.18046872356029955,0.18758343677104342,0.19165879591992158,0.12491624261434928
"PA-15, USA",0.0822925590272856,0.25838388206468893,0.18237643946898383,0.17144837001294086,0.20698947204501253,0.0985092773810883
"PA-13, USA",0.08739738623692679,0.2649874352683852,0.18628701330706526,0.17012995319131438,0.18145082655696904,0.10974738543933929
"PA-12, USA",0.07889218277529966,0.24904699311068515,0.1700741439787091,0.21936245968677842,0.18545138538876457,0.09717283505976318
"CA-24, USA",0.07084882711015932,0.22520835535645134,0.1651019879630888,0.18750115284221047,0.24156065658586887,0.10977902014222132
"CA-03, USA",0.08054318904290796,0.26898166867451995,0.19528263570520873,0.17567324176304203,0.1721059046692189,0.10741336014510255
"CA-01, USA",0.07153839259052969,0.23788665546873247,0.16657394094181885,0.19732810414891774,0.20344097600982067,0.12323193084018058
"CA-18, USA",0.04308681419607816,0.17314240945363682,0.1928334801917511,0.22512497342992135,0.22907175170117205,0.13674057102744047
"CA-23, USA",0.05198173722857196,0.20140541320133798,0.1707537212471692,0.20689715572993642,0.21961987676411307,0.14934209582887142
"CA-20, USA",0.055355789273670464,0.20402381173579628,0.17167157900273752,0.21210581527485844,0.21382497416968307,0.14301803054325427
"CA-35, USA",0.03732830038046612,0.16839057249710562,0.19637089682745665,0.23486337221054143,0.22759947525292068,0.13544738283150956
"CA-09, USA",0.051340296610420354,0.19076098405354275,0.18565704708250866,0.20716076347839,0.22378606191876213,0.14129484685637608
"CA-41, USA",0.07584785100729619,0.2298772835425404,0.18907093064631952,0.18968457228823035,0.19307198044419452,0.12244738207141903
"CA-52, USA",0.048882205534969705,0.18375459856981494,0.19000494670428025,0.23317090414741484,0.21867263155829628,0.1255147134852239
"CA-10, USA",0.06825421848003774,0.22806688350467863,0.21721431741890113,0.18189503157878242,0.18569654408667052,0.1188730049309296
"CA-27, USA",0.04558324484206185,0.20089016046323824,0.19938082441171298,0.20084111250156605,0.2187957735749617,0.13450888420645923
"CA-14, USA",0.05901896736552697,0.2148924603232778,0.21020696103115735,0.22927451670517346,0.16943724767928356,0.11716984689558095
"CA-50, USA",0.06077944296674417,0.19776189319265575,0.19675642965775555,0.26365640402074353,0.17544632564373502,0.10559950451836603
"CA-11, USA",0.06727351332999149,0.20113785893523242,0.19908676306231557,0.33230700592275714,0.12182118423232219,0.07837367451738132
"CA-47, USA",0.0673588111498815,0.21613780085765447,0.20380594297944982,0.2246490259713994,0.18414800082491287,0.10390041821670194
"CA-15, USA",0.06928330457445456,0.22240881362975742,0.20672157050178044,0.23366368608962132,0.15983939400707783,0.10808323119730844
"CA-40, USA",0.06803019550758767,0.24028319953864477,0.21251422390289593,0.18375268250427,0.1812665748463186,0.11415312370028294
"CA-17, USA",0.053075656468570445,0.1844245245237062,0.20246826437090862,0.2777235802281572,0.16269546530902892,0.11961250909962876
"CA-16, USA",0.0704498308921039,0.21970717039381807,0.21250082493480446,0.1991928979741687,0.18406044995840556,0.11408882584669915
"CA-26, USA",0.06223162287667454,0.22162942894780918,0.19643846842416593,0.1922268247533509,0.20833458280192158,0.11913907219607794
"CA-48, USA",0.06141242196354551,0.227017607923862,0.19214320226748668,0.19045078534009074,0.19874228291939136,0.13023369958562356
"CA-45, USA",0.0713160708204169,0.22199241305658296,0.20221938853099183,0.19657648409475484,0.1958795869738386,0.11201605652341481
"CA-12, USA",0.05412173073030971,0.20414007707571866,0.19506045776688433,0.26405779790155126,0.1784462633706314,0.10417367315490482
"CA-19, USA",0.06974975231097287,0.24556165040233374,0.1930741245638498,0.18530823277193123,0.20288913810818973,0.10341710184272251
"CA-49, USA",0.06380049302442657,0.2234199965970701,0.1927040644332722,0.19766098995210307,0.2057070759157254,0.11670738007740276
"CA-32, USA",0.06934249279898201,0.2243987679217514,0.2090700417260534,0.218980267357126,0.1715214674780075,0.10668696271807977
"CA-36, USA",0.07241917649560567,0.22088288111290194,0.20180686080830276,0.23421532487211877,0.16886169190600356,0.10181406480506729
"CA-51, USA",0.05252108950547602,0.1986993769244919,0.18277256413745502,0.25081459040692433,0.1957413709121561,0.11945100811349668
"CA-07, USA",0.05382423273990285,0.2030243358129391,0.19085576131722107,0.2271563535819636,0.19984820895471736,0.125291107593256
"CA-30, USA",0.0670447234188685,0.21453353840298753,0.20851582187241383,0.28895611872436644,0.13607930635947976,0.08487049122188398
"CA-08, USA",0.053841541523903316,0.21918926356790433,0.19479608669598739,0.2190332475022555,0.192839800902578,0.12030005980737156
"CA-44, USA",0.04792775445405475,0.19508972495887905,0.19774259045607998,0.2235046531880957,0.20956083441160128,0.12617444253128926
"CA-28, USA",0.0824404139763844,0.2391382712199976,0.21028583375476595,0.1980843686458787,0.1693536347222999,0.10069747768067344
"CA-38, USA",0.06703625250893254,0.21783224316297098,0.1966841229009303,0.20821495424343783,0.19778057729073054,0.11245184989299795
"CA-34, USA",0.05109907270165191,0.17728824702652257,0.19643251536864917,0.2735723486958669,0.19279847848182294,0.10880933772548632
"CA-46, USA",0.04262365243073758,0.17236201096307707,0.19302831268881546,0.24279757647479952,0.21993818717528202,0.1292502602672884
"CA-29, USA",0.044892947821840175,0.18554015191132542,0.20030464259617317,0.24999535753006102,0.20158044819186638,0.11768645194873384
"CA-31, USA",0.059078335040234714,0.21169264151458222,0.20084716975807426,0.20996598935072372,0.20701557548586186,0.11140028885052322
"CA-33, USA",0.035482679801211316,0.16759387447442922,0.1878148327487665,0.22871367845123913,0.2351593595787342,0.14523557494561978
