longname,Architecture and engineering occupations %,Computer and mathematical occupations %,"Life, physical, and social science occupations %","Arts, design, entertainment, sports, and media occupations %",Community and social service occupations %,"Educational instruction, and library occupations %",Legal occupations %,Health diagnosing and treating practitioners and other technical occupations %,Health technologists and technicians %,Business and financial operations occupations %,Management occupations %,Construction and extraction occupations %,"Farming, fishing, and forestry occupations %","Installation, maintenance, and repair occupations %",Material moving occupations %,Production occupations %,Transportation occupations %,Office and administrative support occupations %,Sales and related occupations %,Building and grounds cleaning and maintenance occupations %,Food preparation and serving related occupations %,Healthcare support occupations %,Personal care and service occupations %,"Firefighting and prevention, and other protective service workers including supervisors %",Law enforcement workers including supervisors %
"DE-00, USA",0.017603351871109667,0.03194052409587965,0.014442671765093472,0.014817302785833758,0.02261135045870768,0.06466045295904665,0.014233825736289923,0.045218394813728816,0.02167046680317011,0.05952973041637882,0.10602703802504858,0.049171397998092455,0.004891733788057885,0.033337854742204125,0.03358760875603124,0.0415000742802888,0.041349360651254996,0.11693655171522901,0.09454265949269791,0.038160690871275466,0.048921643984265475,0.031785504363159515,0.026609567731781487,0.014197223854953225,0.012253018040421355
"ID-01, USA",0.01916789364775616,0.023342736542970786,0.009809427605742929,0.016953074967553283,0.019290520563313842,0.05357431871475651,0.008144041705364683,0.03498018580000362,0.01635932963025377,0.04687007262625232,0.10241147322480025,0.07027895761765586,0.015927345894242134,0.039624031822314144,0.035945096013972964,0.05529710384474349,0.039984624487808776,0.12225071657811026,0.10285635250184814,0.03430642884176509,0.05318700807493298,0.03379244465432014,0.026083666172318422,0.00938001846927444,0.01018312999792507
"ID-02, USA",0.022804207917740193,0.023584656153803694,0.011853716901722143,0.017808730643781537,0.016160731293952242,0.06639963255148869,0.009200616662011414,0.0404552984028954,0.018296103490010134,0.0432677292944378,0.10929289856790053,0.05694678007182637,0.02763962409400011,0.03208542168062007,0.03657828971446195,0.05631504201983956,0.040705106953993625,0.10822985537978391,0.09340629278898752,0.03757836007284065,0.06040580503631035,0.03379568646315224,0.022866842930226585,0.007740701078053656,0.006581869836159493
"WV-02, USA",0.016106216403654318,0.022608290708067587,0.010728297417947927,0.011614602502184502,0.01866248050253989,0.06598716610208541,0.008905613515902173,0.04529169201649437,0.028196519374779464,0.03984617349046467,0.08110192258100071,0.06725403156147387,0.0031321120349714956,0.040609797927448676,0.04566724501828923,0.05957522451810257,0.04810833952995773,0.10870256452626499,0.09613405739952088,0.03856178222432543,0.0570289751659317,0.03802348958841903,0.02499430411280618,0.011491921854931418,0.011667179922435784
"WV-01, USA",0.013333254127843594,0.014176792593494714,0.007226510869468373,0.01214220157599121,0.022347828928023,0.058513055539879684,0.011506577520887937,0.05370132203863071,0.033818763978531306,0.036450366374893246,0.07773919810382057,0.06068427602717119,0.003409796332983835,0.04047796552779036,0.041268040287872086,0.0533419271289694,0.043664996420901714,0.11642018908330502,0.10400472856773763,0.03903741568328091,0.06020904308877716,0.04856286589223493,0.023203248217133994,0.013389688039277937,0.01136994805109938
"SD-00, USA",0.015043815530927263,0.01941310161322363,0.010373430101459231,0.014310025270041323,0.018090494851201257,0.057061671837397125,0.00718400738697067,0.04886507849771416,0.022763110646204215,0.04058596163325199,0.12287529803259477,0.052489422491452574,0.01755966785396429,0.036357188579636456,0.034753555760253324,0.06515789872802266,0.03908492562846185,0.11340739633818546,0.09601277553378228,0.036986151660396364,0.05629219572795781,0.030457871740599374,0.02730859560573384,0.00807169286974438,0.009494666080823945
"UT-01, USA",0.027825659249218336,0.038334564233308485,0.010911184342205473,0.02143139312790915,0.014492840289327406,0.0681094546662075,0.009098727537268777,0.03737816303975231,0.01569029236710155,0.05465494320946898,0.10987616385316476,0.04730924132959165,0.003903727497476874,0.03365378014792584,0.03701208525555833,0.07566997360859984,0.032201620933568,0.12449533177865385,0.09585086215442946,0.029330005954829732,0.04570882286508771,0.026052041098825245,0.026755374938294916,0.00842214407258874,0.005831602449637142
"UT-02, USA",0.016736336765282404,0.032901092984877096,0.0096752120722785,0.022869730903040772,0.016093429750701917,0.05895662023520694,0.008666360670764222,0.032783370267093125,0.016649189011705087,0.04995016517517138,0.1001306511917398,0.06448840870149916,0.0039784401026060415,0.03226479287670382,0.04312913766815107,0.06518427410057853,0.04205860468021202,0.13135455342996555,0.09276457897996909,0.03965387278845805,0.05176858172249902,0.026286353267569902,0.02553576702455402,0.010501186963223243,0.00561928866614916
"UT-03, USA",0.01970973823153446,0.050189182575526264,0.011799078370913967,0.02731346130652966,0.01429742345813699,0.07301940224486539,0.01122935443169244,0.03793178108978029,0.015747125065258803,0.06060557984703471,0.12164972425933651,0.04861800630667918,0.0021174891083221175,0.02425038569934867,0.030701318856542443,0.03886692860382862,0.026948493610978633,0.12780832320898233,0.10658221882526715,0.03556943284079734,0.04885205096405636,0.02458502336769149,0.026691213645317714,0.009686364829167137,0.005230899252411378
"UT-04, USA",0.019286467295716748,0.05405139385232682,0.007351944088590645,0.019788421766670148,0.013193437399312419,0.05799675206835325,0.006252427011125027,0.030968586819636285,0.016667684690489234,0.06106603681630244,0.11194823973621572,0.0600814379825152,0.0028366143147911566,0.03341951306215513,0.03501497262542763,0.059198911749491365,0.03361755279888451,0.1422591332366218,0.10012774199403261,0.028195556754319152,0.03789903462324722,0.023476472855962837,0.026186683361851967,0.01000515446817802,0.009109828627782953
"IA-04, USA",0.015133447900957473,0.015060799334639219,0.01162878085685221,0.012773622057106884,0.015288765525499534,0.0682896523390318,0.004348893487181286,0.0372862503820316,0.018535404903026655,0.036304242175248705,0.10925091812756985,0.054649257732061605,0.01726781267692425,0.03953334569193979,0.0526376439819434,0.08768932466894813,0.04589385292924144,0.10529031870174603,0.09222359725638993,0.0358858866381749,0.05192869417959707,0.03220085073976265,0.027481199052061808,0.006941695767845164,0.006475742894218694
"IA-02, USA",0.02160865221227962,0.02408821405911575,0.005350505514594226,0.013800463337733212,0.016501240996395185,0.05744561372802119,0.0075529398609015235,0.04099056064838109,0.01994345626612014,0.04708007283105136,0.10349982861851939,0.05100604575520929,0.011731730855716384,0.03396027352970499,0.0495377561910046,0.09262622063724682,0.041401390013199826,0.11227796374491679,0.09176323587682858,0.02852711595354916,0.055544616312113396,0.033444913616441134,0.026665013625435517,0.007207745956734033,0.006444429858786558
"IA-01, USA",0.017717399984029228,0.02373632516170247,0.009287910245148872,0.013118362213526967,0.017006208576219654,0.07054769224626734,0.0074413079932922925,0.051013634911762105,0.018668150602890402,0.04816387846362729,0.1061970973408925,0.04751507226702856,0.009467579653437669,0.036335642417950814,0.04778457637946152,0.08640351752774886,0.03700191647368888,0.10600744629881048,0.08877166014533298,0.03180897149245406,0.05473678431685692,0.030968018845324522,0.02726483270781754,0.006645272698235185,0.006390741036492792
"IA-03, USA",0.01639256193301829,0.04494340866634901,0.009484390071181821,0.01675152314323033,0.01691757322686587,0.06103805721402146,0.011232799775343989,0.0416175231676494,0.016299769239222096,0.07665897464073278,0.1068385773414895,0.04660635141569872,0.008043661404344222,0.029183302198943,0.039585851556109115,0.06714039778762723,0.034076895840201044,0.1112755332527505,0.09709290257988168,0.031234509114440208,0.04772718948023843,0.02593799982906612,0.029544705322149475,0.008243898269904675,0.006131643529541078
"AZ-02, USA",0.015468002344853618,0.01999234264799118,0.010029814896467128,0.015039649497053784,0.017769056918960326,0.06819733107738252,0.007098767574158993,0.03424987402708627,0.02391818631497308,0.039525665750644715,0.09096319597844739,0.06428571293402639,0.0071314212403082965,0.03679779415566142,0.029016694830797905,0.04216957448298881,0.03851073827677611,0.12248811408606115,0.10191687909075274,0.049472421562499196,0.064863375707053,0.03921998887171485,0.029390744619785858,0.016687776013570327,0.015796877099985094
"AZ-03, USA",0.010837499930646997,0.02337101586269562,0.007016255366522823,0.015371485530081781,0.01647217283375339,0.03443109605648063,0.007188748177133683,0.021797673465055,0.014758489338475836,0.04201658695185231,0.0679203483314934,0.09745030363880966,0.00508033927637526,0.032282012217206134,0.06670675482129121,0.05974236681437524,0.040523199365086575,0.13331382097803496,0.08915945513925919,0.07806008770295694,0.06219725510020703,0.0343001405767107,0.022318692150022103,0.011977155284996398,0.00570704509047698
"AZ-05, USA",0.039944803075803656,0.047623859190627706,0.007119598642501595,0.01794055234334549,0.015533426128489314,0.061005032253354755,0.009667099557617914,0.04794054019173789,0.01710309718162013,0.07478510563213471,0.13348653466886695,0.0326396379203188,0.0018897427610339477,0.031592876516848986,0.02271979265602822,0.03013981810392399,0.03044953891892772,0.12316071241982228,0.11581208079385111,0.02364385477100527,0.04313155790482904,0.02476943614192229,0.02410236100358053,0.01200912501231315,0.011789816209494845
"AZ-09, USA",0.01287934338745021,0.02107636585862737,0.004746587662130547,0.013605448425000383,0.013810386753849194,0.054068768916797016,0.007102053793261104,0.03934498046746358,0.019536530357790054,0.04723608668509704,0.09321528169818338,0.05159280565987805,0.008132734044905734,0.04549764140957367,0.04060210085851481,0.046636644282263016,0.04756666917234414,0.12669031883625292,0.11015847266908066,0.042419759874483036,0.061200397306566276,0.03372502716902675,0.02717069777249358,0.015107910312591143,0.016876986626376423
"AZ-01, USA",0.021504088997280405,0.04579301059975141,0.007697020222466246,0.02686258233423323,0.014808466189457227,0.0519317824295145,0.019274393237828102,0.057887444504575,0.014154298004850923,0.08712297636088226,0.15421061121245286,0.030114673857522933,0.0009708139828282551,0.02097319298261926,0.0184398908067326,0.021501366390185867,0.02654790300047271,0.10881230603987523,0.12752067961127678,0.029009056753193534,0.05188198124537239,0.02244924462204699,0.02723430829561395,0.009799484127018194,0.0034984241919490027
"AZ-04, USA",0.03170841928695937,0.045510927448032784,0.010553883012704018,0.020483700711988486,0.01539485077571875,0.06079753263343867,0.009044696336634087,0.032983218519254634,0.018812373173058533,0.07002217396006165,0.09892471062275231,0.047021602988645196,0.001347657256155628,0.027486598277641286,0.031011104353291942,0.038355136672869716,0.03133532989808643,0.1414199792238196,0.10441426209458608,0.033183161203690636,0.05905113289856084,0.026350438649059976,0.02682835007181581,0.01307394337383455,0.004884816557338971
"AZ-06, USA",0.03350945894174437,0.036107343448155006,0.014173425382175416,0.017606990899764308,0.01880211811994524,0.07119348327227593,0.009746128980821785,0.05069744466852596,0.02217143031296503,0.05490755332205851,0.1045529966438738,0.03975866073129261,0.005814412453955944,0.03431370643718538,0.027506403844339496,0.029633567971876537,0.03001685370331999,0.11880520411003623,0.10126480968227512,0.030417479149504132,0.053111385611399574,0.03219854207313465,0.027460800719927608,0.01483479498587485,0.021395004533572716
"AZ-07, USA",0.016822232239572982,0.02085409006174714,0.006098831462303044,0.016173521918299325,0.0169969553231121,0.057053754829815846,0.006698234432982909,0.026003859904911934,0.017142512068473954,0.035103552223217024,0.06856304552370217,0.06419601846491119,0.01863806894107692,0.035176284109996285,0.050095019130151894,0.044822370921227296,0.04043862347943018,0.13978585306190217,0.09098958381245748,0.0567598469685582,0.0698688361743049,0.04242823768548786,0.0250195303977269,0.01613797670787548,0.018133160156754848
"AZ-08, USA",0.018760287719256953,0.04227773239949703,0.0060196009311388795,0.016655157490115355,0.016090270094820922,0.051683448414158235,0.009933720411665447,0.04536697575221368,0.023583633069419314,0.06720948811730428,0.10665552249377383,0.0447844382049079,0.0015002522671064685,0.03619706715189768,0.03303542154234844,0.03591536875372645,0.036206341500331175,0.13946223335036684,0.1113908054377043,0.027692073694131243,0.05086728306764275,0.029667484596877205,0.027238057117415313,0.014409300136837002,0.00739803628534305
"OK-01, USA",0.02306383581922912,0.0267651361082832,0.0052898971852891295,0.01776187816918239,0.019275639632505184,0.05598191842600042,0.012093017736050003,0.0454384718121223,0.022527619413323006,0.05555551195906462,0.1059469924022722,0.05367374717908483,0.001783666329977133,0.03641304318076515,0.03660323513385402,0.06832230785763238,0.030015208115872338,0.12254577629173122,0.10180701101663527,0.034497469775130137,0.05454457142714479,0.026470136326076078,0.02700870067423551,0.009933556713505931,0.006681651315033684
"OK-02, USA",0.011241884986692473,0.012407529686178212,0.004909970132196733,0.008583010084583332,0.021246622357281943,0.06419053727943351,0.005163687039167879,0.033042097644371375,0.02457189784294824,0.034761177947462946,0.09315262190440027,0.068156928651382,0.011287969586829209,0.04520539537313119,0.04570606759443258,0.08584315863960405,0.04370711000268141,0.11154266525480827,0.08972433030808606,0.04394959582743643,0.056913350312455036,0.0382116090911937,0.0251232088294403,0.010921680272917934,0.010435893350885135
"OK-03, USA",0.012803753310691742,0.013816038157447806,0.006789011318851259,0.010792312870038685,0.019239617050775273,0.06106726081084154,0.005338938739991819,0.02915331027224637,0.021193432131613923,0.03512214514568808,0.09117716971642671,0.08493853670271623,0.012256929837009317,0.044251261031180565,0.050327178473964236,0.07018105551298016,0.044166544423901395,0.11050722344177481,0.09269018496808841,0.04578930940533658,0.061128649305295414,0.030155303811563967,0.027243556054765094,0.008934105231734631,0.010937172275075744
"OK-04, USA",0.018791025076492697,0.025829857168019256,0.008720251780393368,0.012922055757954005,0.018344392663899742,0.07066185037157738,0.010007149068927612,0.04175839939088765,0.025078668817357003,0.04229461513101941,0.09712203089257691,0.057659323425938123,0.004691874599233462,0.04607099068292622,0.039563263046022264,0.05897831093816637,0.03899861082028189,0.11817545785802538,0.0969976482420902,0.03171098492325681,0.053951360249821174,0.030908526824622223,0.02882804977654438,0.011824192345102548,0.010111110148864087
"OK-05, USA",0.021585866721934948,0.030352818157940706,0.010298763080353705,0.01847141373334503,0.018599881405604438,0.06014144251896109,0.015307518115775968,0.05395759099678841,0.02079984233904046,0.06423428285255667,0.10969661343564986,0.047412252018943876,0.0028304166838417524,0.036728088829851166,0.03229691513530608,0.04150715924540707,0.033753879043062616,0.11747352002946751,0.10334934280885673,0.029140192157836697,0.05754188295268926,0.024975797802167483,0.029625057997386725,0.011532078542655429,0.008387383394576354
"VA-05, USA",0.017967375898371083,0.027789137106322723,0.013147346533969123,0.01711741961304451,0.023475036790146363,0.07496462162838613,0.007439769630626623,0.04752708823701004,0.020939246714778943,0.04752801368280832,0.10768238157561144,0.05240412257400368,0.006039829002428399,0.03489687575704189,0.035678424286730015,0.06139474708477201,0.034726926924961134,0.10022445074662706,0.09153428832034256,0.03732478055965305,0.04845920434366722,0.037334416270490896,0.026812278563056208,0.012001762410335072,0.01559045574481571
"VA-04, USA",0.013056879015380565,0.03051019364310112,0.010771531792981313,0.017749669155583635,0.023455016379561388,0.060831402713793004,0.01020673109518438,0.03576948647166321,0.021992172024301537,0.06007954239894745,0.08842648827507717,0.05082568714475534,0.00276345060590176,0.027974937214776535,0.051119790459454806,0.0482207817942064,0.046838506365713684,0.11905820348594859,0.09197674087446375,0.03597424313277542,0.05913601030475792,0.034221795680825194,0.02672671158117737,0.019649158243091776,0.012664870146576584
"OH-01, USA",0.02707925703626027,0.04536479650070042,0.01769389563651343,0.02339906301670832,0.018704480371622048,0.06284685948963961,0.012468021043165167,0.05821877635837355,0.01723011693015479,0.07158924170770184,0.12497628804519868,0.029991432932460288,0.0011303316421282124,0.01871190377205105,0.03880567097522235,0.04794766295930884,0.02604509514462377,0.10613484414593541,0.09764606081239093,0.028409104545290092,0.058661888635221995,0.02693270939264108,0.022031250643953594,0.010956984603327722,0.007024263659406783
"OH-03, USA",0.017729679786252762,0.04987596894078609,0.012494566833604746,0.02375191145424989,0.01940709746108464,0.06548030493504041,0.01573569886169363,0.05248211200750756,0.020422575030604427,0.07644254295706886,0.10913485270389214,0.02458759132252089,0.0010723989085980358,0.017864518754303862,0.04974485258448187,0.0402891498537875,0.0337895542287736,0.11440471311822106,0.09349597699578338,0.030032704948333072,0.059519832083823186,0.03167618430495248,0.024496642008692785,0.011643918839022433,0.004424651076920702
"OH-04, USA",0.021636102301474787,0.02838464023868326,0.006799342404950122,0.012842452881513448,0.018400630264462543,0.05672291075976823,0.008284045794266282,0.04531633732210328,0.020166966169610626,0.04890752252556613,0.10902616205271472,0.03772194726296097,0.004753600327563048,0.033692502569262005,0.051599499482822844,0.11105544919513097,0.03696928712594669,0.10602104637263766,0.08933037375327611,0.0297695151714093,0.05092156993739608,0.03107117241852165,0.020461674344473234,0.01020779972952244,0.009937449593963301
"OH-05, USA",0.021075594697351954,0.018237877243495956,0.006595795206360523,0.012163253213811792,0.014426959235870406,0.05603280605655441,0.005894784524579484,0.04195907177629696,0.025299095666372336,0.038381488173190606,0.09404263471018091,0.04514689505181562,0.0062091649385896674,0.03809975587537152,0.05991132616444875,0.12073557852704213,0.03791672360383073,0.10845493960460563,0.08582770776886886,0.034419845715076364,0.059389871545595385,0.030697421000008628,0.021932704927705292,0.007428881803056579,0.009719822969919656
"OH-06, USA",0.014756075489577433,0.012620844449013359,0.004147695796374721,0.01188955823746332,0.017938831333215454,0.04992147727313872,0.0040612371916136855,0.04411606255769194,0.02837674350538256,0.031827889684981646,0.08386216329746307,0.05703670062055703,0.0036442317806539013,0.03988427681703752,0.05388283615456103,0.09412321766795412,0.049584124547157146,0.11276697061167291,0.09731289294394853,0.04262119653367982,0.06324220682854641,0.04255703567096412,0.021063531012657885,0.009383190881695052,0.00937900911299877
"OH-07, USA",0.02245344087989423,0.036620687200405816,0.010193762642136284,0.017191638120454246,0.014473613041631377,0.05579621648250324,0.01280780686445665,0.056836423494193225,0.020750224065213378,0.06586437468611363,0.11817273827915768,0.04184541088814613,0.003330240460281772,0.030492624510684012,0.036356500869808926,0.06559634745503545,0.0350338822330113,0.11750843706983909,0.09837640738471896,0.02839277202722206,0.05000308649392054,0.02279216218253314,0.021481601222910388,0.009067090328323748,0.00856251111740464
"OH-09, USA",0.019989987322730354,0.01664745951304519,0.005874319849582874,0.014063573497560322,0.017191880866332734,0.05537424095865668,0.00861060867331384,0.0505907085470641,0.02320707995609076,0.04204573455903682,0.08670974998439838,0.042966823492359335,0.003171453510983457,0.033573388013939595,0.057396213382427674,0.10776605009336393,0.04436620256651385,0.11138029205252313,0.09310799909718952,0.034598520078012195,0.05821166616032986,0.03334449933287959,0.02093854041514442,0.011110571252750528,0.007762436823770739
"OH-10, USA",0.02739490492473832,0.036200971665430334,0.00864601110289376,0.01691764791853838,0.020850302428860497,0.056806266076043485,0.008883585039394272,0.04712205883472186,0.02692150296555576,0.04946173554083876,0.0962302543997212,0.036432727340901416,0.0018401321962312432,0.026943531055433078,0.044585190891297026,0.0767243888494518,0.03850159037368709,0.11387315293221512,0.09095133898350798,0.03288825564805098,0.06116837926984372,0.03910920977519416,0.023900736225679453,0.010556562126657839,0.007089563435112304
"OH-11, USA",0.015091172850570392,0.030620822620922458,0.01072260225608744,0.019789254294637366,0.022864256479115535,0.05807714767084681,0.014333549405351765,0.052703080392332714,0.02454525098010572,0.05823851120513708,0.0890672744559561,0.027861426113353616,0.0012897223288325867,0.019459963802930965,0.042998096147288715,0.0652972217357067,0.036077661750251,0.12978892184602636,0.08701377359650991,0.03857032149400888,0.05876875855505164,0.048296025147950984,0.02792007169901119,0.012542964794569277,0.008062148377444905
"OH-12, USA",0.015048584342716172,0.02371356839817623,0.007402504039752479,0.014001150961559338,0.018800949419178044,0.059532179999419996,0.006632361066685677,0.043524789067215554,0.023529023211760938,0.0477258937813585,0.10221709664892956,0.052672047926864834,0.005655836999856288,0.036758582986938244,0.05433027908540675,0.07889985797117313,0.041399404435848976,0.11302262224586378,0.08831838404267311,0.03471857934945908,0.05410848068551768,0.03244407652508898,0.02461287632712571,0.012610391049297771,0.00832047943213282
"OH-13, USA",0.021523336437278485,0.027375949555020658,0.008020456076295287,0.015342349024930856,0.01915590204746865,0.052807598289809146,0.008754695177447926,0.0466205871559021,0.019061390666915215,0.055558758246659706,0.11075812631002205,0.03509069974216324,0.0008995545883767146,0.030188623409024326,0.041956968425717917,0.07524707247668146,0.03499744531108465,0.12223856934255675,0.10399440153471178,0.031606671284489934,0.06407376604892304,0.035274180329499284,0.021608959036401153,0.01007955573694124,0.007764383745678344
"OH-14, USA",0.020034700922673412,0.023302772780972425,0.006216365049019781,0.012506892101180804,0.014890670773578685,0.05413103686035809,0.007360581464392658,0.04256354888780469,0.02231520258533896,0.04298749130797301,0.10367747831595457,0.05166631428765118,0.0033028577827557116,0.03515687148630679,0.044533554643345095,0.1011184130619494,0.038681678403659034,0.11309524379472312,0.09340057229286378,0.03833129966574561,0.05612245722946787,0.03311881475599253,0.022944676782043254,0.00946360530835238,0.009076899455897215
"OH-15, USA",0.02167018403972138,0.044187777025052215,0.00871074183074966,0.015265208515333806,0.017022944886686327,0.05205373252647684,0.01018451163737257,0.04622913228621243,0.02074675793224378,0.06365819639823232,0.1059851622419525,0.037046965298774714,0.0024363752743937843,0.028721530192301625,0.056420738006352424,0.07250492134458177,0.04161474328092117,0.12255283774285357,0.08362571305506884,0.02800937237350736,0.04707658384360179,0.029012944033877438,0.023511707946441213,0.011453196176305051,0.010298022110985721
"OH-02, USA",0.017340670035186783,0.018626667320668512,0.004470870947693227,0.00941967826822337,0.019212940817608486,0.05536123762833913,0.005089048963756092,0.04289053916843292,0.029037382450674405,0.03939742556903643,0.09515867621341219,0.05757258472485799,0.003446267327189018,0.03866829812669216,0.052433972228336165,0.0912153763125356,0.04563452222905671,0.11238056178682938,0.0928256966946364,0.037911256042385884,0.05437810498895778,0.03732912295727148,0.019397243245503733,0.00916469871430029,0.011637157238415947
"OH-08, USA",0.025045468841482482,0.02878190082990414,0.008620854168631625,0.014414688681482999,0.01661536368170155,0.05261800766543266,0.005679280929644403,0.04591310046689053,0.027680577856516286,0.05173626909222072,0.10177308999743477,0.042996552759600945,0.0021835113284618176,0.02882059213987076,0.04620439594650632,0.08047937096292661,0.03890040998808434,0.1218669580061273,0.09601803308659917,0.03186686111080263,0.053577860102719116,0.03311007434316243,0.02350253378600752,0.013034789027847415,0.008559455199941394
"VA-09, USA",0.01363621849630754,0.022636848696612828,0.008226745290747689,0.012743492785454029,0.024147184391437516,0.07587348927190893,0.006504509629281505,0.04546624403954826,0.02445175586511518,0.03548813570812032,0.08884320492448829,0.05028854342487647,0.006589162650492366,0.04070496800769154,0.037619311998309174,0.08853763000561102,0.04080140078180827,0.10564884965241127,0.0960993457271229,0.03807694241037646,0.05427005551227651,0.03505011058996078,0.02291821898809501,0.00911677261973233,0.01626085853221374
"VA-02, USA",0.028965210757528746,0.04234415747507976,0.007332909168456868,0.01683520916628393,0.019002116756475267,0.06792271741493756,0.00989850473743299,0.04751367882532397,0.021825566392345487,0.06299360769533165,0.11148089886734536,0.04068755967768832,0.0031528487614308665,0.040612330837096165,0.03073879857620147,0.043043789822612644,0.03334199440445586,0.10958994407814494,0.09820309600559808,0.029303699986612846,0.054716947354998324,0.02610756007151998,0.027948483536437353,0.014674206852324744,0.01176416277833681
"VA-11, USA",0.029825254224129114,0.13271049311710378,0.01856766549878761,0.028657824303119007,0.014219036388531092,0.06810555648699103,0.02627938720115802,0.03497195664611091,0.010285722716956049,0.11149023350813834,0.1602628881111493,0.02036970641919927,0.0003242593063065308,0.01259098782599083,0.01295523418353342,0.013879687450558145,0.022211191820291607,0.08292035509927084,0.07530336961223756,0.02241918655781498,0.03784589005661488,0.015313080168277053,0.027555182576165068,0.011992451623637681,0.008943399097927766
"VA-10, USA",0.028508208970587277,0.11170732521954757,0.009908405172313436,0.020363795421991526,0.01207948140483829,0.0630605255691332,0.01279659940318032,0.02910265442099071,0.01162549177437847,0.09108588800632325,0.1557713661152009,0.046208584473325036,0.002954100962725359,0.02045914004464485,0.0163695625077351,0.019160683379541205,0.02804813920264149,0.09143196640489798,0.0868238405667176,0.028991207708147535,0.041450922282889095,0.016254884784537606,0.027546162399445424,0.014253140530283388,0.01403792327398326
"VA-01, USA",0.02183901739233336,0.05136267726853276,0.012185730248812997,0.02197510744675201,0.01764334887966649,0.0733765184888974,0.015794805714912014,0.05277457473807928,0.01766596460897146,0.07768676473190915,0.13551492463161396,0.04415629550515135,0.002705963826039357,0.028328712106690513,0.022632909735536232,0.031705783101676904,0.027996237822688088,0.10151971859349548,0.1072498892658183,0.023899895368173656,0.040763477149238184,0.020796415679485362,0.02694659528303296,0.012120967644323294,0.011357704768169097
"VA-08, USA",0.022110069780726625,0.09085902666348089,0.02527392413734888,0.03660976631191,0.014859615594394643,0.056951918515909854,0.04909981345936863,0.03031575989066075,0.009098593636797658,0.12070328768661896,0.15898393204494057,0.03903286278330941,0.0007813671083894757,0.01576212366089003,0.013205875839110846,0.013044980184545571,0.025881515118284314,0.07310941191676752,0.06543401564630948,0.03218862544622743,0.04195773154664046,0.01574993059002061,0.026506380853837178,0.012113794252501338,0.010365677331009146
"VA-07, USA",0.023225642790181134,0.06795806218512676,0.010079285140923596,0.015325014775504445,0.018101682270473738,0.060097467635164645,0.010014525422872785,0.029185703769428455,0.01835302604694585,0.07271922433374758,0.11787559026948505,0.0546701207557848,0.0025397495888510964,0.03287481869314093,0.028323329865655885,0.02875536758349819,0.038725563363754,0.10935700235641237,0.09251861116365521,0.03243578111209332,0.04570757485709727,0.026739987890895232,0.02608558493811243,0.02118130038618281,0.017149982805012218
"VA-06, USA",0.015762798555228198,0.025907833822928283,0.007521457159049136,0.01606408343965657,0.018823639681987678,0.06410969067328462,0.007780082236832807,0.039430992529308026,0.02161915204706208,0.04067345939783576,0.09398745372039422,0.05243019739621883,0.008894569685426415,0.037952479809228015,0.0466991570864044,0.06949289358467049,0.04147866324825509,0.11438427280410013,0.09469910309127759,0.04249183365606745,0.054404584661608996,0.032176159161788384,0.02760889361288685,0.012019400522153036,0.013587148416346806
"CA-22, USA",0.005867928846627874,0.007568331892389281,0.003917943234706554,0.007854210247248888,0.016052821919373923,0.044717605599890325,0.0031702836565986954,0.01432776114251324,0.014670676415932038,0.01781153988236281,0.053084356034116736,0.057124849159800595,0.16046409838862083,0.03848471058079916,0.06637830176026521,0.0565643289769378,0.04943522111524176,0.09893082839048911,0.08502883043593841,0.049365750789360244,0.05448012149670528,0.04881391681162003,0.023029373597595087,0.010347829243505113,0.012508380381361223
"MA-01, USA",0.017455689208197803,0.022199214886444014,0.008498567034656826,0.019050731024691334,0.028294598259863732,0.07393124686888797,0.009329811263091037,0.04664891693641053,0.024198590323341006,0.04715312953432315,0.09555007586149838,0.04413711152449762,0.003002648289847209,0.03157389200312921,0.031355474064473275,0.06273650626242244,0.039745195927529314,0.11247649283329521,0.08805204586715766,0.033288072624891425,0.0504369225498181,0.05597060196370685,0.027913502027413075,0.013518535851804455,0.013482427008608616
"MA-04, USA",0.023242154565461533,0.04841522893643184,0.024890704939468117,0.0223742324964841,0.01966380216692865,0.07964835364062582,0.018123660964005098,0.05985359128616793,0.018105962843943994,0.07346276756969396,0.132340857617298,0.045870600792564505,0.0014597991266138302,0.025072769345233864,0.023673291131858103,0.03323461896219326,0.024590280554771065,0.09799532106547894,0.09291494258561431,0.024496133500244273,0.0375831785876619,0.026555753583313833,0.026795229199459546,0.010515388028777243,0.00912137650970613
"MA-03, USA",0.03316661472836738,0.04919020379780563,0.01752615540259934,0.019705147522087033,0.019047582718834596,0.06403614966657452,0.007974637634567041,0.03546849201499968,0.017379980980875807,0.055639990771484175,0.11557251726678457,0.04861734072495524,0.0016161419856244332,0.02546136829211057,0.03266146259706976,0.06898125542404297,0.03100640444908879,0.106504488119587,0.08450503132590348,0.034932496398896305,0.0472423874507477,0.03917713176950716,0.025940834194799353,0.011511956497943263,0.007134228264744211
"MA-07, USA",0.022665300826911764,0.055780592231876966,0.040860130353534474,0.029001232245072988,0.022298343498432727,0.08219716453250724,0.017263189256803046,0.04287074993880762,0.018127843431349787,0.0748763783491733,0.10505035729572372,0.02986136904899462,0.000792995043353829,0.013341932159030623,0.019469830530733406,0.02504573581012331,0.03271551892984128,0.09781772836942096,0.07547178237861729,0.048459876873986854,0.058829416570366964,0.039834944560344566,0.029948261559389323,0.012310565041252785,0.005108761164350787
"MA-08, USA",0.021913410526787514,0.049296817854934186,0.020756081776914785,0.023803853061918442,0.020761007948372934,0.06421563537510275,0.019729461357892226,0.057813011479922564,0.01870179742169878,0.09072146071902372,0.13614509007061898,0.04037672576746114,0.0010174487305444919,0.016978434982204492,0.022007967451509708,0.02468133516659556,0.029408907425809625,0.10115960270515585,0.08789969801961982,0.025463867019212497,0.04806636408447421,0.030427801561447664,0.027571394868393957,0.01164782231313965,0.009435002311244254
"MA-09, USA",0.017679504712562116,0.022947767748818633,0.00874113075140085,0.021578142631842472,0.020875214306082534,0.06472427318664456,0.012122762380604446,0.050952617852887204,0.02294863730378942,0.05615455409631429,0.120578273503104,0.06803733106822077,0.005607269631512299,0.027655723909227933,0.02568920355832927,0.03769268649177291,0.03334445593491493,0.09971154985501833,0.10283203724942266,0.03608721978224773,0.05512389433984272,0.034468516766541654,0.028561443483004413,0.013226908463744809,0.012658880992148932
"MA-02, USA",0.027018001380656582,0.04687564378434818,0.020057985503529947,0.020736886689842957,0.02579182924258489,0.0852840562506852,0.009110339988195531,0.05218799773827754,0.020094133625820267,0.05819988466151546,0.11950367428739089,0.0371883406102295,0.002900665076921397,0.02239967992323949,0.03062101056572456,0.04472901010949774,0.02977636962723312,0.09577254761436571,0.08623601355433856,0.029957932242216195,0.04717194065919008,0.0367709588022792,0.031015259408956844,0.010724676494304254,0.00987516215865583
"MA-05, USA",0.03427642020448617,0.07270235529121777,0.04260616621951116,0.030715371319492275,0.017174071532292355,0.08696050033269527,0.019850049026222224,0.049495021912447146,0.014684474178646573,0.08344179996287776,0.14211434180839802,0.034844957352375375,0.000832572159078045,0.01408156120182482,0.014243298226075818,0.02032936988752207,0.021497945152802303,0.0834592331983673,0.07891754449328905,0.03036960982089301,0.04200380657361311,0.02227332200165843,0.028367213815335916,0.009706941539629407,0.005052052789248598
"MA-06, USA",0.029155950183129758,0.0477022815589143,0.01584790849096831,0.023919823396317975,0.01892018260042409,0.06833186541468746,0.01562408370872389,0.05244150543329911,0.01746725043600475,0.075501096098146,0.1439960936364003,0.04162371526375134,0.0019336734009354724,0.022107282527417973,0.01985434339454291,0.034502397787439555,0.02666666014303268,0.1012087670656654,0.09939771184099527,0.02620280720001842,0.04359462192875255,0.02606980986457566,0.02794855818589138,0.011321068225301678,0.0086605422146636
"VA-03, USA",0.024820376609647306,0.035976668666382085,0.0086153745243333,0.015901498891845642,0.025247574008817126,0.05724313731558216,0.008234413092651435,0.03193808850897382,0.02203536845826993,0.04602854290429835,0.07972502992849327,0.05836187716537501,0.0014231695022540452,0.036739205981311106,0.04141332248602868,0.057215754845718794,0.039740470075197924,0.12173358082036123,0.09316137294294144,0.03917380200426797,0.06296761738458458,0.03680512038068204,0.027941482540696998,0.01771326952406897,0.009843881437216942
"ND-00, USA",0.017472225801017323,0.017239328860390812,0.010287107419997565,0.013014974777756793,0.0195113128450096,0.06392773257484931,0.005314509974926499,0.050769055429472874,0.022786735775943267,0.04469639158399525,0.12296710702357584,0.0596067510381262,0.01603520212481312,0.04188428490728663,0.035685262083387036,0.04908426905047266,0.0410022496853412,0.1048061009087938,0.09013359364934527,0.03680762712704376,0.05378184989544557,0.0368175376351547,0.03074487378967956,0.007440313964897022,0.008183602073278357
"NJ-02, USA",0.014066809211737585,0.021319703820417656,0.006306140492283857,0.01230447065881797,0.022999960456344466,0.07632602420170648,0.009361435789449446,0.045894774410519354,0.02358654585994015,0.040877677904356396,0.08851669208596744,0.058855840959107585,0.005972985109492412,0.032584853597328794,0.03708047515671909,0.04272711026591654,0.036876657613621744,0.11317429335526019,0.1003327405159073,0.04166635005168113,0.06510052029317746,0.03256026339170984,0.03710615817077846,0.01683085694170164,0.017570659686057102
"NV-04, USA",0.011262521383146259,0.019064570130777135,0.0036701457783694155,0.016662196775589395,0.012399989616456856,0.04767170608601918,0.007232175835861796,0.023243906049879467,0.016328699338937727,0.03912215739378575,0.07407667054759069,0.07366357679867058,0.002378851255746115,0.03657718913303849,0.045789420130508116,0.03583851802778223,0.04819033178157029,0.1196126305877475,0.10265249250566212,0.06517146026549722,0.09474649024361483,0.025902987678823455,0.041388450868175115,0.026519468063054802,0.010833393723695474
"NJ-03, USA",0.01875965096393798,0.04592019637634008,0.01285348573762807,0.018522645784089735,0.018258254463537328,0.07739118539289531,0.015873648130092864,0.05239269928140362,0.02012477718488934,0.07718474714616073,0.12726628748247562,0.03468944489943426,0.0007855472889491823,0.02662854583351974,0.03143130140217752,0.02979538613048717,0.03501405440355057,0.11818066722566668,0.10094409774208819,0.025315468942899495,0.03903331092079541,0.02306867285027166,0.0263461541195611,0.011668809243614058,0.012550961053534364
"MD-06, USA",0.02151280612544262,0.06379287110366204,0.024930225529115817,0.02201766296104193,0.01914192565379272,0.05967616832314072,0.01117817538582073,0.03906376213138678,0.017422199794918887,0.06764549327136582,0.11970700039162568,0.05091121939547622,0.002585312974676114,0.029978568906093368,0.030316896971564842,0.03178920308812597,0.031243682378949183,0.10767901042775142,0.08613230979807936,0.03622071896219901,0.047546191856752525,0.02584963864195106,0.02653967870237158,0.01394754003938745,0.0131717371853081
"NV-02, USA",0.022199623722409433,0.02056251375053574,0.01147120974532052,0.015667059929552096,0.015270443045509162,0.05435537662584365,0.00866551595898263,0.03420894464016312,0.01595970606804485,0.0455280189222442,0.0991814198318587,0.07322014212725234,0.003626583156269239,0.03525509742862719,0.049880168249257555,0.057109636316957264,0.03705108818579182,0.11797902158383738,0.09478288084317499,0.03934256999287205,0.060658326931409226,0.02387044815044914,0.0371173935616124,0.014638387549837702,0.01239842368218761
"NY-08, USA",0.010099191523803962,0.03281709551079964,0.00655244758948135,0.045530191769950865,0.024937612686276207,0.06950802239143261,0.011495215364109489,0.04077436262105454,0.01994051445340288,0.04893415446445734,0.08084493473315492,0.041859033982711964,0.00030273679412932134,0.017469156773643607,0.02383736799574699,0.02255448212307013,0.05386681417674926,0.1192715065200717,0.07876307964358259,0.03930345775014984,0.04004264170210777,0.09753320557290705,0.03386663199275799,0.027119654580322127,0.012776487284125742
"NY-09, USA",0.009988848814992677,0.02848269210699311,0.006954912219517211,0.049800761629169,0.02639803304879706,0.08736485412370301,0.016681529484760916,0.04069198478003366,0.018508103839915344,0.05037800748462805,0.08796399995851864,0.03937492519735501,0.0003428285540057199,0.01691756389665286,0.019622856163781944,0.016420267352748066,0.04909186068485742,0.11911684439599499,0.07849386667550051,0.03657495615067567,0.04105109911976633,0.09151038820582885,0.03429534311268223,0.023340838623129346,0.010632634375992395
"NY-14, USA",0.008301199387425554,0.023284325356411596,0.006607453947624692,0.029422521928753016,0.021831981218994434,0.054793966313138,0.01098849711851324,0.024575616109622,0.015102265910862259,0.041558522334129135,0.08212223036231256,0.07191705026438598,0.001592944551400556,0.02075317310218071,0.025128872442296588,0.029741085141487864,0.057862344888298445,0.11616532687514143,0.08302201952063169,0.0563858534006762,0.07668757263951484,0.06570968890873763,0.043016800935677085,0.0203595719000589,0.013069115441725577
"NY-01, USA",0.0178634142922591,0.025363914046513607,0.014840061743968612,0.023373037381919568,0.018224791666488462,0.09516035154436203,0.02167145073611484,0.05721394185617188,0.021582440980720652,0.06625131046667578,0.12017349189066318,0.05243690293614725,0.0016553600268782243,0.02761352007268529,0.018709785791452525,0.02134954018951536,0.027845346800228127,0.11346335108175416,0.110682438435816,0.03126343799597667,0.03250769068994441,0.02471545913579502,0.02359850137542586,0.012359566607987845,0.020080892254535396
