longname,PW Mean PM2.5 Pollution,Utility gas heating %,Electricity heating %,"Bottled, tank, or LP gas heating %","Fuel oil, kerosene, etc. heating %",Other fuel heating %,No heating %
"DE-00, USA",6.747597540414532,0.4274659732299132,0.35762548642471587,0.09205530350540632,0.10203439019462236,0.016352792071309807,0.0044660545740323205
"ID-01, USA",7.241631233689065,0.5164645894528801,0.32061628904863043,0.04217646386264763,0.017706738226774703,0.09960988556878804,0.003426033840279099
"ID-02, USA",6.669431897793378,0.5196566289562886,0.35810716741245635,0.06293202201839973,0.010239175596083398,0.046286935118609734,0.002778070898162166
"WV-02, USA",6.6626478538241125,0.4540008134949802,0.3762103562430057,0.05894449026630712,0.038528026031839246,0.06899736743986394,0.0033189465240037515
"WV-01, USA",6.149294266396023,0.3656037657700031,0.5210901030997062,0.04512991010959246,0.01335762501259366,0.052028411189844456,0.0027901848182601864
"SD-00, USA",5.30196814568422,0.4687878673950681,0.3242909488430533,0.15802868306056325,0.015310357193467647,0.025843096312962863,0.007739047194884698
"UT-01, USA",6.650409132145919,0.8395788044480255,0.12283474195693209,0.021144889889114966,0.0009962482840894563,0.012316912016670822,0.003128403405167312
"UT-02, USA",6.474252611132104,0.7287313427718018,0.2196718134322395,0.02513138418486344,0.002522887929193024,0.020265207446972383,0.0036773642349298276
"UT-03, USA",6.541794861625936,0.7980655172427056,0.1447249086881492,0.028307081143435758,0.0005564806327693863,0.025999454100213187,0.002346558192726856
"UT-04, USA",6.909799620023022,0.8563579290860457,0.11300034728053934,0.019010244218613824,0.0003894167255489579,0.009877890099786076,0.001364172589466131
"IA-04, USA",6.2866878440729606,0.5739049364768295,0.2537450224385397,0.14610328045003151,0.006020479110043557,0.014771506225902217,0.005454775298653518
"IA-02, USA",6.594882431646634,0.6359272383071455,0.1890003103957994,0.1408981809576787,0.006441481171882463,0.022803335064583943,0.0049294541029101056
"IA-01, USA",7.131011131891958,0.6234027356053473,0.20646363067125476,0.1394485366997137,0.003401414056870685,0.022183135153504174,0.005100547813309251
"IA-03, USA",6.884627122312583,0.6018186819614672,0.2914602258175715,0.08188811564692548,0.001511352534044978,0.01718768279303017,0.006133941246960693
"AZ-02, USA",5.565363407249532,0.40835782325317094,0.33039938793629287,0.10107073678422938,0.0027430221040142294,0.15334444240700565,0.004084587515286951
"AZ-03, USA",9.50887687842844,0.20489438524364859,0.7620316149254728,0.010074628641972255,0.000530541970478657,0.004462463612382391,0.018006365606045346
"AZ-05, USA",9.016478287383492,0.38993922874114845,0.5846713609458808,0.013836835536851739,0.0007514299162423175,0.007429600272580329,0.003371544587296271
"AZ-09, USA",8.377723434665839,0.33208738775621405,0.5921901192563666,0.038224916158928944,0.0014545537479768113,0.027710751356886026,0.00833227172362766
"AZ-01, USA",9.18245781579759,0.2694938358119946,0.7045640977890988,0.010668672795655122,0.00047395654455781625,0.009255384034861413,0.005544053023832256
"AZ-04, USA",9.628111857064836,0.14267174882696318,0.8350981365681551,0.006564591233207748,0.0008024920312066171,0.005390565660875169,0.009472465679592344
"AZ-06, USA",6.66311114721979,0.5158208667515215,0.4275476556785001,0.03091539313760747,0.0003095316912099754,0.01870198939293265,0.00670456334822836
"AZ-07, USA",7.290308842277489,0.41721918080119563,0.5116329986977887,0.03562437286175334,0.00030119539411689594,0.014072482819674523,0.02114976942547096
"AZ-08, USA",9.199283638180662,0.3079439126076049,0.6589158055393936,0.00838892209336138,0.0003766825883167962,0.015659077105083543,0.008715600066239821
"OK-01, USA",7.59152458888124,0.6422803703700041,0.32653160383175633,0.02274073112192183,0.0003085720668895544,0.005790563121673348,0.0023481594877550476
"OK-02, USA",6.922920914820971,0.3376337755651877,0.4806980268992977,0.11903286202273639,0.0025679574365895844,0.05759551177937723,0.002471866296811274
"OK-03, USA",6.806669236142505,0.5334804716689937,0.3618007825107793,0.07962621704008016,0.00424674216241062,0.017534482750249922,0.0033113038674862033
"OK-04, USA",6.966514825049813,0.4732633294327915,0.45169512186186256,0.053274069765902106,0.0020481473900659706,0.015953275517807244,0.003766056031570821
"OK-05, USA",7.191407785398735,0.5618985483306974,0.37875437396754225,0.04498796495077601,0.0007675181122938747,0.010912694008914238,0.0026789006297759117
"VA-05, USA",6.455725081753629,0.11032237020278557,0.6892323099577736,0.08653050671402604,0.06247338910835897,0.04540339701076237,0.006038027006293485
"VA-04, USA",6.64278348574008,0.2474568709553659,0.6530239169390365,0.029158482582322655,0.05093141298966107,0.012428871681129848,0.0070004448524838446
"OH-01, USA",8.366381553432017,0.6114825439046083,0.3359754223631154,0.021140867928328737,0.01171500462063605,0.012601776952673257,0.007084384230638385
"OH-03, USA",8.403319510156342,0.7028564815363444,0.27365644634895964,0.014227513429139532,0.002259490161063545,0.0036200642478797316,0.0033800042766132707
"OH-04, USA",7.635896809918516,0.5663965854599018,0.23024745544767736,0.1299706034891254,0.023495784111716083,0.04513855819799497,0.00475101329358434
"OH-05, USA",7.546952165019197,0.6146525772385394,0.2222100545140046,0.11329615113443275,0.012249803177467669,0.03328869222678993,0.0043027217087658436
"OH-06, USA",7.355696538113705,0.6426403964095345,0.20448449441916902,0.05339453813946012,0.05556526928053494,0.04007151373341218,0.003843788017889056
"OH-07, USA",7.790586950412685,0.7769803474701654,0.1576384215891871,0.02933439002848907,0.010603185967308868,0.02153209095323289,0.003911563991616924
"OH-09, USA",7.746039700824605,0.6931736946773471,0.20749116081514654,0.07162560783269961,0.005081776512656867,0.019063756116452377,0.003564004045697479
"OH-10, USA",8.003191059975599,0.661700349728082,0.2830071521626221,0.029019589263733814,0.013529680169176068,0.008901377700417032,0.003841850975968908
"OH-11, USA",7.738109132046597,0.7977249706867166,0.16699901838981557,0.013976741913720697,0.0016788191656836827,0.009433805764472461,0.01018664407959119
"OH-12, USA",7.455960900211544,0.562193560464348,0.25443374806475977,0.09949479167860649,0.027861765368859866,0.0532242520384759,0.0027918823849500895
"OH-13, USA",7.838633268472779,0.8423334509759535,0.1284383158463207,0.012612574719334583,0.007383653326784097,0.005482834871141494,0.0037491702604655263
"OH-14, USA",7.270364487865063,0.7248713666522013,0.16101790581230604,0.031107291639406377,0.040153845835722596,0.03930368745154617,0.003545902608817548
"OH-15, USA",8.138781386397579,0.6410246741601587,0.2868730964899087,0.04336378593714412,0.013856774614184157,0.011556875142894602,0.0033247936557094858
"OH-02, USA",7.406377295087914,0.32305759849826515,0.45434733485920703,0.12403291354091509,0.03567920959969693,0.05895714258681197,0.003925800915103873
"OH-08, USA",8.154449764217038,0.5304207239205091,0.35835363645834645,0.04833612936154496,0.037666688886931025,0.019597257508631945,0.005625563864036559
"VA-09, USA",5.692939341569141,0.08577859416152628,0.733200328117213,0.05177475538517051,0.06530979622436098,0.059036653564958456,0.004899872546770819
"VA-02, USA",5.962579442616798,0.33406283094155026,0.5878114024067443,0.032704292905903404,0.03146409913737039,0.009307458780311507,0.004649915828119973
"VA-11, USA",6.922069650024261,0.5420083159786547,0.42137895579835183,0.014012640225337231,0.015912716474292786,0.002879979001415269,0.003807392521948208
"VA-10, USA",7.028341798699825,0.5354458791077324,0.34777317742226094,0.06986423780888736,0.029864900243600775,0.014451239577736422,0.002600565839782003
"VA-01, USA",6.456908327720128,0.3150386595510335,0.5962388881030454,0.03645047403294521,0.035017262702308614,0.012979922674691913,0.00427479293597546
"VA-08, USA",7.033648772965278,0.524099816273796,0.4404057158976854,0.01025284150308084,0.0116979961802058,0.005792175616097202,0.007751454529134909
"VA-07, USA",6.630290760169427,0.33958664437698377,0.5429454568963314,0.05996291265822537,0.03174179234351462,0.021133167811602453,0.004630025913342347
"VA-06, USA",6.383628219343818,0.2516330886883506,0.5330766415569939,0.0679907135463381,0.08115376730956664,0.06158492916086746,0.004560859737883443
"CA-22, USA",13.080931148038934,0.6131713671478696,0.3193004660826016,0.02944977908046887,0.000932002892893691,0.018916887954422763,0.018229496841743482
"MA-01, USA",6.2555239650914,0.4176729004857818,0.17953744333876323,0.053991028681491846,0.2983662962134097,0.04365391314363501,0.006778418136918394
"MA-04, USA",6.116050629185548,0.5272263912834484,0.12891282091876485,0.03623323917257666,0.28474667510150853,0.0196901924035033,0.003190681120198109
"MA-03, USA",6.097845150395721,0.565945577968632,0.15750194249169142,0.036013579613960525,0.21484783080827546,0.021989508993947533,0.003701560123493127
"MA-07, USA",6.161416081623454,0.6033841113112516,0.27506020947681104,0.023848386203866055,0.07853472133337783,0.007131338598034528,0.01204123307665884
"MA-08, USA",6.056581725541436,0.5539723708909359,0.19251412664592563,0.025359035706195698,0.2131930575387611,0.008132968204229967,0.006828441013951624
"MA-09, USA",5.447436659755511,0.5432817603405031,0.09786506180779746,0.06380927897479302,0.267776890295612,0.023041238467195274,0.004225770114099218
"MA-02, USA",6.001200173285358,0.36092051364720645,0.18555826465722408,0.04596183472577842,0.35825523617707716,0.04543575246608762,0.0038683983266263487
"MA-05, USA",6.232756960014914,0.5850697085312667,0.16585175230916427,0.030350256146343475,0.20306577558364036,0.010182252705829798,0.005480254723755372
"MA-06, USA",5.961194880388736,0.52669821979911,0.1386804108203716,0.03820556824026378,0.2786200950074725,0.013247307118358908,0.0045483990144229575
"VA-03, USA",6.227444298793513,0.3957029027025438,0.5612701799489079,0.013129667466212526,0.016806217921427537,0.006041579833371447,0.007049452127536879
"ND-00, USA",5.003506379083804,0.4089094022278266,0.40342197875795294,0.13769420803558285,0.02218031098558774,0.018146091198008578,0.00964800879504142
"NJ-02, USA",6.214031017911835,0.6920520991375442,0.13898094742501857,0.03482554877040326,0.10852851213631746,0.020664428877387904,0.004948463653328685
"NV-04, USA",7.0409792606252495,0.5239140398983704,0.42650325816236856,0.021841837411158593,0.002074979077811252,0.019087291875895078,0.006578593574396226
"NJ-03, USA",6.842101215254856,0.7520945973832995,0.15438501432973498,0.01678660122066991,0.06438464690066058,0.00908657132301649,0.003262568842618554
"MD-06, USA",7.156225620564849,0.34810912787826975,0.4632669979877923,0.04027245093660294,0.10564380723667696,0.037850241706767936,0.004857374253890044
"NV-02, USA",7.870489932504815,0.6069783519689976,0.25921116346412443,0.0575456177608248,0.017245858724337315,0.054264049625969334,0.004754958455746482
"NY-08, USA",7.732565913957907,0.810058664399116,0.0802230383264065,0.021486889536086937,0.05355128063154934,0.011467368048010265,0.023212759058831148
"NY-09, USA",7.443682111325885,0.7700797097336318,0.07152712110098114,0.024674557264039727,0.0961427654787389,0.016865277142968753,0.020710569279639823
"NY-14, USA",7.757694507128807,0.6007625486661373,0.11429683582931527,0.026434991051645713,0.21570569235946585,0.014596420336392855,0.028203511757042936
"NY-01, USA",6.043887163459165,0.3922150121918937,0.07194590591708204,0.0380299355781508,0.4814040661981477,0.013092153225624372,0.003312926889101331
"NY-02, USA",6.23432759152264,0.4187664544680783,0.08502146006512906,0.026175046105788642,0.4529518098958858,0.013259098552653706,0.0038261309124645025
"NY-03, USA",7.116162986476119,0.606285144006881,0.0678086584876208,0.023889614524268823,0.2906735021268285,0.008119262926001247,0.0032238179283993577
"NY-04, USA",7.332599524986258,0.6394617897852136,0.056273087677046016,0.017179631745291253,0.27467313081938294,0.0078079935705249225,0.004604366402541285
"NY-05, USA",7.7440181474483945,0.8083094890231698,0.05799645709454712,0.021991233343374557,0.08877672421049684,0.009054527831873965,0.013871568496537742
"NY-06, USA",7.680411453089217,0.7351041048749813,0.07908502907115955,0.02692096297098426,0.13058394626546327,0.012285195250614826,0.016020761566796715
"NY-07, USA",7.777742318816709,0.7078776849993066,0.15590456577617917,0.029398085951745694,0.07466643019784773,0.011893864706423405,0.020259368368497628
"NY-10, USA",7.851199090676972,0.5456247729912622,0.2670783076342231,0.024663829221541513,0.11520011213036564,0.019867688876343128,0.027565289146264386
"NY-11, USA",7.60211937464533,0.8332334299594154,0.05326652813093467,0.026885550735333424,0.0636149249609126,0.010191274493114067,0.01280829172028987
"NY-12, USA",7.676263710921873,0.46676843939956303,0.27719803922121783,0.01881099230025322,0.15980667737418144,0.039250807148454955,0.03816504455632938
"NY-13, USA",7.479885237692801,0.5086914865218716,0.12805418960853882,0.022962752565014,0.2903807430194538,0.021819434501092985,0.02809139378402886
"NY-15, USA",7.444784963805195,0.49406168301097086,0.12930696140178727,0.026905129030198784,0.2920125635883122,0.015998235023821444,0.041715427944909435
"NY-16, USA",7.3703491343342185,0.5850765967406714,0.11187606475342372,0.022409827474680444,0.2555490602969345,0.013003760858016172,0.012084689876273938
"NY-17, USA",6.88508725183812,0.49599364421058334,0.12649238449698463,0.029717054098101325,0.3271760954512942,0.015814735483712625,0.004806086259323964
"NY-18, USA",6.544801860123499,0.3739077178841332,0.13951376134593813,0.07212095967331747,0.37708925325656323,0.032738453115734,0.004629854724314004
"NY-19, USA",5.699508531688264,0.3342093428341915,0.16206227422173886,0.12078570032046423,0.2805051728845129,0.0969080323252618,0.00552947741383083
"NY-20, USA",6.899450904431227,0.6503142135691627,0.17231675046736,0.0568996861503946,0.08880748588341904,0.026308313463666987,0.005353550465996772
"NY-21, USA",5.50473837501527,0.27497501536281826,0.1484493128088878,0.12139696274707977,0.3296316897383363,0.12058381485924745,0.004963204483630339
"NY-22, USA",5.754827620919041,0.6449606306928168,0.1722512996834557,0.05144834519708334,0.0851701203647804,0.039450309593148554,0.006719294468715084
"NY-23, USA",5.9611296130816775,0.7060790407313672,0.11106884657410503,0.07485726514617455,0.037823626316663146,0.06696550924494143,0.003205711986748704
"NY-24, USA",5.7636645550867875,0.5023270493135739,0.15119805083969806,0.15033260389799008,0.10673206043520145,0.08491246654529455,0.00449776896824218
"NY-25, USA",6.066335403146459,0.7595950399430693,0.1717057205641598,0.028481873817010214,0.020985654166964282,0.013492647766768373,0.005739063742028078
"NY-26, USA",6.588713074284608,0.8702331452788583,0.08326848609572576,0.020248360527090534,0.013905031370422377,0.008562491716503112,0.0037824850113999963
"LA-04, USA",7.446750398813066,0.3389738088082266,0.6174696828196827,0.028609718987593166,0.0007770644803571907,0.009829447447110283,0.004340277457029987
"LA-02, USA",8.234474040800631,0.34759011435791487,0.6371974198863722,0.007142689491624825,0.00031519690012302853,0.0028829652377628336,0.004871614126202247
"LA-06, USA",8.2079817222403,0.3358618159014808,0.6455981499022834,0.008184622413171356,0.0007387937196320652,0.004050495491486898,0.005566122571945591
"LA-05, USA",7.3976558831664,0.28509687984586857,0.6506462751149419,0.04642863462091962,0.0016991424125213774,0.011936736103233312,0.004192331902515344
"LA-03, USA",7.646682776689294,0.24321573180033176,0.7375729558093138,0.012429032998259664,0.0002675861368656507,0.003447744455768965,0.003066948799460151
"LA-01, USA",7.934217029392692,0.41052433275775607,0.568330088661016,0.01381657787796483,0.0004140532913376036,0.003180925126016895,0.0037340222859084606
"MI-13, USA",8.481481864445897,0.8664818930824303,0.10541340353381708,0.011544527479725168,0.0012774518501710653,0.007735576590967267,0.0075471474628891096
"MI-11, USA",8.223824267600436,0.8553390565335615,0.1204177949372279,0.013181295370938359,0.0011584532597361684,0.005673058707309572,0.004230341191226535
"MI-03, USA",6.668887342113395,0.8516129335751376,0.09709753763774435,0.03003159249247723,0.004204346770264123,0.012842526399679512,0.004211063124697332
"MI-01, USA",4.768835035012382,0.548179704050745,0.09324930817741064,0.2248642766743609,0.019300001669807092,0.11033591887751167,0.004070790550164533
"NV-03, USA",6.679391902974314,0.6395710067972566,0.3345238601758965,0.014972136727005559,0.000818364267067591,0.005670367924213478,0.004444264108560359
"MI-06, USA",7.89732813530827,0.8294219867183269,0.13218186914897603,0.02339917627455936,0.0035432559070316134,0.008088472109022792,0.00336523984208338
"MI-12, USA",8.427908490095405,0.8661985790091555,0.1106964870803881,0.011522898116257415,0.001061881933365135,0.004552914253727205,0.005967239607106716
"MI-07, USA",7.063356175441545,0.7191309145410034,0.12925135961230844,0.09479794653438435,0.019413452742609805,0.03175184251520947,0.005654484054484406
"MI-08, USA",6.855894481907585,0.7850727138397707,0.11441426827428039,0.06476232943620491,0.006259675438139126,0.024821128258733418,0.004669884752871444
"MI-10, USA",8.197934605097199,0.8899109044012222,0.08713103245638659,0.01251596970266133,0.0008377701367025133,0.004830614222194122,0.004773709080833185
"MI-02, USA",5.969440254025174,0.5038825577417921,0.08108043885936857,0.26595793433691706,0.025181827265646387,0.11783858600309847,0.006058655793177483
"MI-09, USA",7.2427149974498475,0.7460690501545639,0.08048549394419321,0.11531971262364718,0.01385161380742523,0.039492332232952225,0.004781797237218204
"WA-05, USA",6.273049778033314,0.43361744598079005,0.45958246767812877,0.02021875291684512,0.015843552265683708,0.06582795655007025,0.004909824608482112
"NJ-12, USA",6.960703937607736,0.7742423177142261,0.1555945485187335,0.013331947987364466,0.04570345047547588,0.006205286485770622,0.004922448818429313
"MD-05, USA",6.779144072965948,0.31490271027121486,0.5105923870775065,0.04353703538600822,0.09983905705292555,0.027182771149866974,0.00394603906247813
"MI-04, USA",6.672635563593326,0.7446938222229769,0.12076970104561068,0.07505088039678003,0.013751942647270317,0.04036404734490387,0.005369606342458218
"MI-05, USA",7.121757214629994,0.6683465933491689,0.10498074698256656,0.14854519237760513,0.018169609354617984,0.054547070723085844,0.005410787212955448
"NJ-07, USA",6.880922486868345,0.6174163322018251,0.10007972408311937,0.04370033677160164,0.21395854532860048,0.02002057106386608,0.00482449055098729
"NJ-06, USA",6.9963573955411755,0.7961149379443474,0.13164526286264744,0.01732494290418293,0.040873448695255714,0.0068612504668022585,0.007180157126764142
"NV-01, USA",6.8165382351333275,0.5402712020124862,0.43288177165247493,0.010669592206747186,0.0009773405617793734,0.007404651552728003,0.007795442013784327
"NJ-10, USA",7.236716986687635,0.7370608411771407,0.15637691277757354,0.023956816093755193,0.05690335407341364,0.009506384591095636,0.016195691287021346
"WA-06, USA",5.28196319181347,0.2180173505310874,0.6395074950543258,0.05057361444442352,0.019083950183922796,0.06713030732119517,0.005687282465045312
"NJ-11, USA",7.010840466026205,0.7653263393409174,0.10567416426398378,0.02182254154341791,0.09596027360316844,0.006937916990378944,0.004278764258133515
"NJ-05, USA",7.202210625388795,0.7260562959438546,0.12600594909690513,0.030663910158828935,0.09826964717982742,0.01353499118588769,0.00546920643469631
"NJ-04, USA",6.256439940773871,0.7841390806476131,0.14642529632215623,0.01111387588938539,0.04821517801731066,0.007874188578302181,0.002232380545232449
"MD-01, USA",6.646998110910537,0.23075958491011714,0.4844885876861266,0.10537434426333116,0.13451352004710984,0.038695560688072915,0.00616840240524225
"NJ-08, USA",7.569536548059825,0.7043217665996525,0.22208871067136604,0.0243345856974157,0.02865905413641414,0.005209028001043741,0.015386854894107859
"NJ-09, USA",7.386815082707797,0.8124061726951355,0.11741240997733343,0.01944255618934731,0.03827025951605,0.005409991829496377,0.007058609792637346
"WA-01, USA",5.410551524380526,0.46804881206552396,0.4826457491776301,0.0209171558724697,0.006698330916115314,0.017923719882803096,0.0037662320854577854
"NJ-01, USA",7.113543601136315,0.7578139450334829,0.1544484088587993,0.015107097348954466,0.061058670137253905,0.007823265938034802,0.003748612683474426
"MD-03, USA",7.178792096709463,0.3905533971432089,0.4830967943128526,0.027651329911809675,0.08114736856222052,0.01300019112544769,0.004550918944460422
"MD-08, USA",7.18973480583846,0.5686332473162674,0.37616609133290246,0.013449134481619395,0.026615074045377655,0.009737916740356093,0.005398536083477294
"MD-02, USA",7.216284100414819,0.4601366955875868,0.39416782465767525,0.027903091420737696,0.09303537836177733,0.019196892318559013,0.0055601176536640064
"MD-04, USA",7.249424523248548,0.5311175313519912,0.4127616190978049,0.011115455384667357,0.02956603485708659,0.009091345637442764,0.006348013671007168
"WA-08, USA",5.468167542006475,0.396926171884866,0.4759646907650341,0.053448673381143605,0.011211449461091934,0.05905267130230064,0.0033963432055636104
"WA-07, USA",5.787041229066603,0.3642416249655547,0.5623857859836575,0.009617761064558358,0.042390701804098666,0.01358800408783866,0.007776122094292089
"WA-10, USA",5.305939872048009,0.3443969324604072,0.5932685017778276,0.022355912779503235,0.008696297688514229,0.026193432968219032,0.005088922325528666
"MO-07, USA",6.5921015102777805,0.3743788641900639,0.4582733348616327,0.11566453501096549,0.0011673285489245998,0.047191450278073394,0.0033244871103399578
"MO-01, USA",8.530390217744246,0.7477122601130352,0.2289330668479676,0.013345186623459751,0.0010584221467705148,0.004980725437932868,0.003970338830834099
"MO-02, USA",8.032741322231713,0.6305928440366588,0.32043586912049815,0.032496265179783,0.0033617628056362486,0.010756260329021798,0.0023569985284020204
"MO-03, USA",7.449421997748642,0.42419428791819674,0.43872289469986653,0.0896264468434388,0.0019430306028735478,0.041213493025443346,0.004299846910181033
"MO-04, USA",6.8108653890754836,0.3501791063295221,0.43875710942575313,0.14598836914217064,0.004174388494246858,0.05791810653621478,0.002982920072092474
"MO-05, USA",7.544383788223614,0.7213010737974901,0.25217756244414596,0.01739946723843663,0.0003859476232260035,0.005663959403661386,0.00307198949303978
"MO-06, USA",7.0565898229282755,0.43833933888228327,0.37249219897071895,0.14467460290057227,0.0012153763545354778,0.03945815283769376,0.0038203300541962077
"MO-08, USA",6.9674516562852675,0.28270923219203015,0.4975155309825306,0.14202573068475788,0.0021726831801097057,0.07213743401943806,0.00343938894113351
"CA-25, USA",9.641874512203255,0.5750601461436982,0.36792620737545717,0.022703251698039384,0.000408336549832038,0.013159538191456233,0.020742520041517044
"WA-03, USA",5.869637943350854,0.23866163389418246,0.6718939410788072,0.019567714296223403,0.005830666268663709,0.05986045696426349,0.004185587497859916
"FL-01, USA",7.286649022649283,0.16979088782958904,0.7992503808937595,0.013729998188564381,0.00031664593512264924,0.008033843557033267,0.008878243595931304
"FL-02, USA",7.119646791862779,0.07326127200243454,0.8743383907926369,0.03377605485392765,0.001712465523246963,0.007997458462233776,0.008914358365520339
"FL-03, USA",6.728769660042079,0.1041636099719394,0.8523510735487972,0.021042295367820832,0.00177220990938528,0.010245144309089457,0.010425666892967943
"FL-04, USA",7.294941026760508,0.01775328471862815,0.9533870496654594,0.011352356933642168,0.003825123240752934,0.0029281420721046624,0.010754043369412684
"FL-05, USA",7.187727666592424,0.038481278393625216,0.9396082190945335,0.007591635703340882,0.0018008419270994483,0.0032397715863965496,0.009278253295004585
"FL-06, USA",7.01971490875168,0.05225844810757026,0.9155439162248381,0.01536677134865159,0.0026341764275908583,0.005304096041644889,0.008892591849704307
"FL-07, USA",7.207427261245736,0.04362769235293742,0.9352389138381412,0.006417255470844992,0.0012828460888138203,0.004069564604877841,0.009363727644384584
"FL-08, USA",6.460114363109402,0.0760110428242657,0.8966574048722197,0.008350430000101626,0.0006618575580475911,0.0042539765413393054,0.014065288204026194
"FL-09, USA",7.28780677149219,0.04520623877006814,0.9197851962743429,0.006932933346100697,0.0010554135617414642,0.007906794961141932,0.019113423086604783
"FL-10, USA",7.379696291065673,0.0352167992049665,0.9380947881632433,0.006475167215214422,0.0016290339998772838,0.004679761422777031,0.013904449993921469
"FL-11, USA",7.236179493188148,0.11722103008785144,0.8525828769751513,0.00978241978979755,0.0016113094082967718,0.007609208600063738,0.011193155138839377
"FL-12, USA",7.2502142614530225,0.025735637117089226,0.9476061692964579,0.008991043662738698,0.0006207604587981568,0.005478724812390081,0.011567664652525846
"FL-13, USA",7.464366971168937,0.037877728914217236,0.9377376912654022,0.005436643837864735,0.0011907735344076592,0.004798222831281045,0.012958939616827125
"FL-14, USA",7.770076620520964,0.053979878669114995,0.9208522513542351,0.00574840143744359,0.001508332902125577,0.003000980902157185,0.01491015473492329
"FL-15, USA",7.64328439515364,0.05259352056532041,0.923608366517454,0.007788370621654859,0.0014677708795161001,0.0038977674299934943,0.010644203986061238
"FL-16, USA",7.422744070654505,0.08051215067592263,0.8938417189714171,0.00828108597004672,0.0007077635840949832,0.004534190923224778,0.01212308987529396
"FL-17, USA",7.033854405126709,0.02823347890300008,0.9454558892786671,0.00449754081967196,0.0008769313715629732,0.003030756173897075,0.01790540345320082
"FL-18, USA",6.941446407049661,0.023199956510778795,0.9425824549489342,0.011688340489347344,0.0009941456516749764,0.00557487489229844,0.01596022750696628
"FL-19, USA",7.241512115500537,0.023703225370232,0.9456276237583738,0.005365614669044602,0.000731902018573374,0.0022928440579551615,0.02227879012582087
"FL-20, USA",6.985955149794334,0.023195196396455665,0.9331829585966764,0.005114125123951212,0.0012398909705841788,0.0015113424134838628,0.03575648649884861
"FL-21, USA",6.46836101931812,0.03649651095742641,0.9307284218558008,0.006729280652482075,0.0016413598536739425,0.0024720261544774447,0.021932400526139036
"FL-23, USA",6.861991795563911,0.02636469006943242,0.9215972861799827,0.004706212833557231,0.0008305128306829457,0.001785815215496635,0.04471548287084825
"FL-24, USA",6.937226228786445,0.029160928418693055,0.9179552356998372,0.0038343374623073354,0.0010879452364275014,0.00153670238177829,0.04642485080095661
"FL-25, USA",7.026454102552832,0.02302038470519412,0.917440740024362,0.004883607495947371,0.0007868456524759832,0.002142397032429376,0.051726025089591135
"FL-26, USA",7.1005881005832965,0.032997554506050734,0.9151002053836378,0.004819351275053181,0.0014206845715266567,0.001452292003113949,0.04420991226061776
"FL-27, USA",7.078156021843217,0.026147617319396223,0.920281865726844,0.004516120552938687,0.0022714863603641683,0.0014973302171328706,0.04528557982332381
"FL-28, USA",6.853919938035738,0.01962436614365761,0.9268653960765348,0.004760285590533499,0.00079407524109843,0.0019392110065420808,0.04601666594163361
"FL-22, USA",6.762503578480416,0.031508112285919425,0.9328354972171187,0.0035866571561458407,0.001864319170409187,0.0021273213390919097,0.028078092831314953
"WA-02, USA",5.221971610677296,0.352659287636023,0.4967210888895833,0.08396953812659541,0.011916869344262709,0.049565297209559094,0.005167918793976483
"WA-09, USA",5.6964952711292565,0.4182456492566516,0.5307621027654132,0.013923604786081912,0.021341245699200383,0.008356388657079302,0.00737100883557385
"WA-04, USA",6.657460427175722,0.16954700059751587,0.7582427518913499,0.015702334419985527,0.007586677284102695,0.045872509911900845,0.0030487258951451125
"CA-13, USA",11.19472600984337,0.5526158811754043,0.3411750329962183,0.056534621002415214,0.0011700868828128316,0.04014720390015031,0.008357174042999228
"TN-04, USA",7.069968940384934,0.22057570618189484,0.6926111019524425,0.05674962358528789,0.0038788468329107994,0.021234531072584596,0.004950190374879494
"TN-01, USA",6.378627052809288,0.12392023343155631,0.7908352271607714,0.038539938882588186,0.01087361260400533,0.031280299899940016,0.004550688021138956
"TN-02, USA",7.097163207186743,0.2811931502237266,0.6659673118676186,0.03131166229941458,0.0029247767165703304,0.015693932101292087,0.0029091667913776643
"TN-03, USA",7.127767135539015,0.26495228609387717,0.6795729755507327,0.033706877064408246,0.0031771974821889837,0.01527934826278365,0.003311315546009266
"TN-05, USA",7.566046688768027,0.40784857588702506,0.5518322186156446,0.02961630879126836,0.0013385059489596262,0.006832179791665207,0.0025322109654371794
"TN-06, USA",7.164634607898157,0.30833014237883855,0.6211286855727328,0.04155697007832808,0.002562633385240261,0.022743934478255172,0.003677634106604885
"TN-07, USA",7.424841770069909,0.27478846165394216,0.6687787048343505,0.038077573094797985,0.0019004312577183859,0.011846243825280843,0.004608585333910075
"TN-08, USA",7.158896063788698,0.47883584724193745,0.451237181831676,0.052789418833517364,0.0012410990157542964,0.01234770542483551,0.0035487476522792884
"TN-09, USA",7.787845479087409,0.47109057406425237,0.510861978163161,0.009167284626269326,0.0006403634415500754,0.003161476979525546,0.005078322725241915
"MD-07, USA",7.385351070100674,0.6256544431440322,0.30030648110274183,0.015368331501942303,0.04275602761917513,0.006125330949077323,0.009789385683031079
"TX-01, USA",7.1938036107265075,0.3149811484516183,0.6290269690562924,0.04076849415732466,0.0013924311873892508,0.011058658916583084,0.002772298230792224
"TX-02, USA",8.023829086931498,0.5225275392436858,0.43944414674273624,0.02949110407114528,0.000820208228528697,0.0024952247095409454,0.005221777004362918
"TX-03, USA",7.876195491659317,0.47367688381068707,0.4851292130806606,0.03202043394103207,0.0007921121498004914,0.004928060207113173,0.00345329681070657
"TX-04, USA",7.746204381501053,0.3798683179806893,0.5562508470114926,0.051477534268378596,0.00046609830125518076,0.009510018126877217,0.0024271843113069583
"TX-05, USA",7.6251336647833154,0.3183039336952898,0.633189839036063,0.03438571797538445,0.00048217079880746096,0.009372283945313744,0.004266054549141497
"TX-06, USA",7.565610073887597,0.26875169989352105,0.6732254398465356,0.043829846336280225,0.00023046803519584136,0.008187971747388802,0.00577457414107839
"TX-07, USA",8.297771927685783,0.3484230485206975,0.6306751810944974,0.01119199143970136,0.00038348911585313084,0.0015649819664644942,0.007761307862786094
"TX-08, USA",7.696849326996222,0.4336156472766169,0.5090758899406287,0.0435453552187712,0.001101324737377387,0.008020979776762865,0.00464080304984306
"TX-09, USA",8.347760218763874,0.38565457133263376,0.5945768369474403,0.011298846402360839,0.0002566753170448512,0.0015847168151313048,0.00662835318538902
"TX-10, USA",7.269231630552162,0.29046396005769454,0.6113827356409057,0.08433562798905099,0.0015085358484962306,0.00820777671718926,0.00410136374666314
"TX-11, USA",6.5768891209542035,0.289146113576555,0.6561742598819187,0.03939070414929767,0.0007159555691261409,0.010062158400282777,0.004510808422819654
"TX-12, USA",7.64420294645571,0.2536894181564731,0.7102398591039131,0.02451508524353514,0.0006355345357642757,0.00576740975384721,0.005152693206467166
"TX-13, USA",6.243848748119656,0.4835843744743001,0.46705272262239794,0.03454433838271765,0.002422781965492496,0.007980406070304081,0.004415376484787453
"TX-14, USA",7.563552593163665,0.4164962559895446,0.5496361448222253,0.022979989649519788,0.0008978407877967701,0.0041147352413783,0.0058750335095352135
"TX-15, USA",9.038328223800024,0.06809712099397833,0.8820409117907047,0.03323489411594443,0.0011364714447463428,0.004739270153281012,0.010751331501345277
"TX-17, USA",7.222222846115372,0.27961752405069734,0.6518882011101785,0.05204656629315357,0.0006776022754810272,0.010138267954155795,0.005631838316333843
"TX-18, USA",8.483948473612763,0.3849294705996915,0.5931669160022954,0.009014601096623467,0.0003745126626419346,0.0028196579968887063,0.009694841641859069
"TX-19, USA",5.684018570190935,0.447786069359406,0.5071679904919912,0.03265514539905606,0.002293695491365508,0.00617376722052462,0.003923332037656487
"TX-20, USA",7.83752102057378,0.2761366235377351,0.7065260425229145,0.005288030236690684,0.0008073141665624391,0.0041105636988716596,0.007131425837225883
"TX-21, USA",7.296133193562704,0.2222752546920298,0.7090898586833017,0.0540193204491015,0.0004958402226349428,0.010011659580335947,0.004108066372596047
"TX-22, USA",7.747003204239352,0.5410000728644964,0.4105328429872347,0.03855879992876278,0.0015309514688027978,0.0033477098504253104,0.005029622900278114
"TX-23, USA",7.389028400409257,0.30392090055296256,0.6289928706173488,0.04975888529466771,0.0029904268458401367,0.009256930325110952,0.005079986364069934
"TX-24, USA",8.08278858943517,0.4618056244141186,0.524152675841855,0.008248716802391615,0.0003874874785421933,0.003075907459060019,0.00232958800403281
"TX-25, USA",7.335782571019126,0.21873581073183723,0.7261929246271089,0.042300108603322804,0.0005778842247864419,0.00809788558279378,0.004095386230150823
"TX-26, USA",8.09017495068885,0.40483136067291386,0.5485783436019191,0.03679673021854845,0.0006560400225211171,0.004722634990552278,0.004414890493545345
"TX-27, USA",7.286377249491923,0.18129797108290957,0.7677252966793168,0.03897246226031408,0.0006679599683247264,0.005158718733061263,0.0061775912760734355
"TX-28, USA",8.016224528311039,0.18419544256241338,0.7834419158468108,0.017501147892853106,0.0014531841276218625,0.0045073053456725085,0.00890100422462831
"TX-29, USA",8.610676298101147,0.3849915371597752,0.5964891487042232,0.007686383455537605,0.0005641896690456702,0.0019538371760188574,0.008314903835399562
"TX-30, USA",7.97195312767172,0.2939734857457898,0.6854836972964542,0.009819667915663912,0.0009883676867050238,0.0031698280545114144,0.006564953300875308
"TX-31, USA",7.247681676169218,0.3278571760719463,0.6138531284387626,0.0456075276635467,0.0008129842834482144,0.008957013848776847,0.0029121696935193353
"TX-32, USA",8.106634433894609,0.316398604089788,0.6676661503589768,0.007380605412976885,0.0005548787704333406,0.0020109263872717157,0.005988834980553391
"TX-33, USA",8.097653787532861,0.3338729685956091,0.6506149729695782,0.006695364553491259,0.0006105438235295564,0.0016776351675911814,0.006528514890200813
"TX-34, USA",8.612160709893908,0.07672863039036432,0.8818533816906051,0.03155174092339916,0.0002568485575443009,0.0015967375172793595,0.008012660920807697
"TX-35, USA",7.756470515225653,0.3275697979054325,0.6437088918339919,0.016711646941287565,0.000683344453008759,0.005169166127881928,0.006157152738397342
"TX-36, USA",7.801363019996026,0.3586085444201384,0.600682741098386,0.028639523470182397,0.0011364715836136873,0.006610322334323412,0.004322397093356098
"TX-37, USA",7.687303521687338,0.4208177468625191,0.5555084082233402,0.016076567402324694,0.00027913770347742995,0.0034934153721675274,0.0038247244361710995
"TX-38, USA",8.101266282137082,0.5146059805206563,0.4652936336487844,0.014048378469264145,0.0006022140392602353,0.0017089953578548968,0.003740797964179902
"TX-16, USA",7.250386977910268,0.7188725821898041,0.2587841836702539,0.01367810178490084,0.0008105800517998751,0.004948156247611277,0.0029063960556299315
"CA-02, USA",7.677987129340093,0.5642549660778354,0.22459180166657192,0.08520099911163988,0.013729862835775887,0.10406827560793071,0.008154094700246082
"CA-04, USA",7.879399731089485,0.5887324599876763,0.2849444297294754,0.058128350539747846,0.010385062374655831,0.05089709105829745,0.0069126063101472525
"GA-01, USA",6.907386803200329,0.15238958045457235,0.8161481564959724,0.018976244714778805,0.0005133094210200276,0.00399202305126646,0.007980685862389755
"GA-02, USA",7.349599529314479,0.21398178248771926,0.7265604049844967,0.04593591953821394,0.0012299752921725092,0.00537014912060188,0.006921768576795865
"GA-05, USA",8.323990447757422,0.4536607426417599,0.5277270817638683,0.009861655365568508,0.000871253979616419,0.002795415711775342,0.005083850537411783
"GA-07, USA",7.81460502209547,0.6488727860150169,0.3315369322907509,0.012535320047024207,0.0019512002407145695,0.002136995908336876,0.0029667654981565777
"GA-09, USA",7.106256074728654,0.29636206106252555,0.5431224724618999,0.12957947332796432,0.0035348576218738057,0.023215675488518182,0.004185460037218309
"GA-11, USA",7.815938186515134,0.5828905637392684,0.36687548538763814,0.039495346880173796,0.0027463196539382244,0.004802996163260357,0.003189288175721158
"GA-13, USA",8.046949136243324,0.5557802994816768,0.4168132789928218,0.020032271866308085,0.0007787762266983036,0.0031244772471085984,0.003470896185386521
"GA-03, USA",7.39305687147321,0.36390587051610607,0.5222167189618545,0.09245438764042241,0.0022817744902195887,0.013779944586278669,0.005361303805118583
"GA-06, USA",7.768200999195934,0.6739874864800229,0.28110362010303197,0.036139841237196726,0.001296215510908588,0.005129654402960425,0.002343182265879417
"GA-08, USA",7.125892224004453,0.11711222486850462,0.8257794610551225,0.043099308664846854,0.0008512631149442516,0.006311715830890068,0.006846026465691589
"GA-12, USA",7.00022607365211,0.21308200812724676,0.7233807776168579,0.04772473058592796,0.0016195229984964587,0.008351819763226067,0.005841140908244915
"GA-04, USA",7.949557809231178,0.5935788314130669,0.3860229336418759,0.014407005881677851,0.0005936756525259272,0.002459274105827092,0.002938279305026242
"GA-10, USA",7.241962971815898,0.24417738469957267,0.677140909185464,0.05777958097623564,0.001969312627691547,0.013328613240158481,0.005604199270877782
"GA-14, USA",7.4015167861464075,0.3110809872947282,0.6018122913912888,0.06686280906345286,0.0015854056166805482,0.013741818113832087,0.004916688520017364
"CA-05, USA",10.71229348303858,0.46502574214732956,0.24924279640822783,0.1680978543394265,0.004109081920957462,0.10920618290199714,0.004318342282061605
"PA-01, USA",7.227870675943019,0.36357874943519863,0.308102322997013,0.05141496247974552,0.25299908813565875,0.019774735275424872,0.004130141676959141
"PA-05, USA",7.375213944987399,0.6324824534454954,0.2094724888165827,0.021051074565193895,0.12259414479429799,0.009028610453197727,0.005371227925232428
"PA-08, USA",6.198508796201366,0.4322991937851769,0.2683710378346626,0.08419347767829705,0.16072958229525625,0.051243685788774085,0.003163022617833174
"PA-14, USA",7.233316056290169,0.5496634173013458,0.1866870258490829,0.036120195501230475,0.1727891202622597,0.05072812080585591,0.004012120280225294
"PA-02, USA",7.552217422068317,0.7509278676163486,0.19354474474216948,0.013402014366383016,0.03184128875422757,0.0037173768336593777,0.006566707687212049
"PA-04, USA",7.520092151586288,0.4957812581105657,0.2404350186416077,0.046969217415766526,0.186026528500658,0.025806359057573874,0.0049816182738282545
"PA-07, USA",7.481936152841046,0.328708283681623,0.34752906697553454,0.03729620108881573,0.2443742324259918,0.03875681780903164,0.003335398019003156
"PA-16, USA",6.7894794071902185,0.6719935358936447,0.15522107414900732,0.05219685128117419,0.06768281223136233,0.04988200914607281,0.003023717298738482
"PA-03, USA",7.558735562688015,0.676399913712446,0.25904638081377396,0.014676179300796404,0.03447795538211236,0.006465430622788389,0.008934140168082968
"PA-06, USA",7.43321539934309,0.403708566646183,0.2749733102434504,0.09222410937015829,0.20254555487148104,0.022519982708082233,0.004028476160644975
"PA-09, USA",6.982321415375076,0.222246800755938,0.24742834846642123,0.07674998892474605,0.3367126296635439,0.11112167225497638,0.005740559934374485
"PA-10, USA",7.874973282018015,0.42815312913552156,0.3280117286662815,0.0462910923586669,0.15673556075434134,0.033793216672713414,0.007015272412475053
"PA-11, USA",7.829772189408981,0.3713433925891922,0.3058350690641468,0.08348827815285412,0.17423208366201223,0.061198030377389565,0.0039031461544052114
"PA-12, USA",8.173959474818822,0.7954940519452118,0.15485729826949993,0.014328976988750108,0.02222359477094417,0.008019028176967822,0.005077049848626137
