longname,No internet access %,Uninsured %,Public Insurance %,Private Insurance %
"DE-00, USA",0.08185317648787493,0.07805606269648796,0.19787372495893424,0.7240702123445778
"ID-01, USA",0.08998973610670506,0.14770319135860324,0.1401887878825507,0.712108020758846
"ID-02, USA",0.08641382282908193,0.13695203541472006,0.14272810089638902,0.720319863688891
"WV-02, USA",0.14240116600946615,0.08969908544701273,0.2351842952010527,0.6751166193519347
"WV-01, USA",0.177413216016836,0.09120720429818176,0.3408766784167047,0.5679161172851136
"SD-00, USA",0.11586302233507717,0.13095052802789015,0.10301018700825561,0.7660392849638542
"UT-01, USA",0.05291935784700217,0.08987611075237563,0.08913767439481562,0.8209862148528088
"UT-02, USA",0.07050671513943858,0.14899508693459798,0.09934784151151882,0.7516570715538832
"UT-03, USA",0.05133380897261082,0.10698964720721628,0.08390354348520071,0.809106809307583
"UT-04, USA",0.03657470458369099,0.09736787297452917,0.07224888113014777,0.830383245895323
"IA-04, USA",0.12706529296504468,0.07541884315146435,0.1746644672715002,0.7499166895770354
"IA-02, USA",0.11336822468967996,0.0587848397751775,0.1693731623938719,0.7718419978309506
"IA-01, USA",0.11449644283201615,0.061356281796736974,0.17734915201935722,0.7612945661839059
"IA-03, USA",0.10202261969880332,0.06742748705779036,0.17327322080180776,0.7592992921404018
"AZ-02, USA",0.17444832400491922,0.1630324798886767,0.2570779018055699,0.5798896183057534
"AZ-03, USA",0.15283630310685062,0.24799401863380757,0.25625400796640974,0.49575197339978266
"AZ-05, USA",0.03962149371928365,0.08365786203585124,0.10876863083105975,0.8075735071330891
"AZ-09, USA",0.0909566685840967,0.12940101012873803,0.20844458437653088,0.662154405494731
"AZ-01, USA",0.05805675865581374,0.1079133042530614,0.11974528466109141,0.7723414110858471
"AZ-04, USA",0.06481173918855611,0.13729915837695436,0.14603998887998354,0.7166608527430621
"AZ-06, USA",0.07708551235020156,0.09501519233933894,0.20193954940274692,0.7030452582579142
"AZ-07, USA",0.1281255022164976,0.16683052344930316,0.27940616586613537,0.5537633106845614
"AZ-08, USA",0.07271890390015574,0.1105207444315557,0.17504443441834516,0.7144348211500992
"OK-01, USA",0.09418686383139963,0.18820041043137503,0.11142417296511747,0.7003754166035076
"OK-02, USA",0.20972396857052827,0.25200091753576126,0.17938166441573639,0.5686174180485024
"OK-03, USA",0.14811207320913375,0.22245086572556658,0.13108682733489277,0.6464623069395407
"OK-04, USA",0.11749983102722832,0.17257668123233727,0.132284924010111,0.6951383947575518
"OK-05, USA",0.0990931257759702,0.15835646905573172,0.10673965699636025,0.7349038739479079
"VA-05, USA",0.16774418439790023,0.10441500331732849,0.1564079419889727,0.7391770546936988
"VA-04, USA",0.13009902055545883,0.12171512258043919,0.17668373489936884,0.701601142520192
"OH-01, USA",0.08365359220604637,0.06903802797445452,0.16923425524536986,0.7617277167801756
"OH-03, USA",0.07732999213356188,0.10258430741807414,0.18024417508586,0.7171715174960659
"OH-04, USA",0.10517643051428181,0.07546976050034841,0.16742954943192986,0.7571006900677216
"OH-05, USA",0.11659058048414069,0.06960295185810639,0.18367282732555984,0.7467242208163338
"OH-06, USA",0.1453720596398103,0.08338517992325117,0.2470912633443858,0.669523556732363
"OH-07, USA",0.0920844704167073,0.0719404851046193,0.12840198310834594,0.7996575317870348
"OH-09, USA",0.11207292150004877,0.07596974168141535,0.21972028057349502,0.7043099777450896
"OH-10, USA",0.10055495159996855,0.0873346844967639,0.22152692729736334,0.6911383882058728
"OH-11, USA",0.16383653008969215,0.08296853940803983,0.3126666364893526,0.6043648241026076
"OH-12, USA",0.12866949278200027,0.0997569770441896,0.20179947327502767,0.6984435496807828
"OH-13, USA",0.10162200640806217,0.08010899880056346,0.21090898366307295,0.7089820175363636
"OH-14, USA",0.11802898647879743,0.0841000483169887,0.19490935483979543,0.7209905968432158
"OH-15, USA",0.07623257521719083,0.0904628545614605,0.17631589204186518,0.7332212533966743
"OH-02, USA",0.14933667795659947,0.0862962693732987,0.27001879869226886,0.6436849319344323
"OH-08, USA",0.0910032706775143,0.07643685497160232,0.17348248028058902,0.7500806647478085
"VA-09, USA",0.18733808723294026,0.11352823926088981,0.22295617258731715,0.6635155881517931
"VA-02, USA",0.07795991703300184,0.09926229679515583,0.11857791683459062,0.7821597863702535
"VA-11, USA",0.02135230994982138,0.07717208007666983,0.04812548120921924,0.8747024387141109
"VA-10, USA",0.03008222301883402,0.10105147333918901,0.049396936815332325,0.8495515898454786
"VA-01, USA",0.08508887137241537,0.07620246450536439,0.08984313120738958,0.8339544042872461
"VA-08, USA",0.0507552735771584,0.10955986023268963,0.05385653105020115,0.8365836087171092
"VA-07, USA",0.055750748341068454,0.11760510574965376,0.09908280949670269,0.7833120847536436
"VA-06, USA",0.14780272663607355,0.12031179650182357,0.14908437566428664,0.7306038278338899
"CA-22, USA",0.15886070441927078,0.13683343016725985,0.4223406011427494,0.44082596868999074
"MA-01, USA",0.11380350084887092,0.03568001103183387,0.30359387450215847,0.6607261144660077
"MA-04, USA",0.07750307252428904,0.03058245798914959,0.18550252802851322,0.7839150139823371
"MA-03, USA",0.08898911930904599,0.0445380174386576,0.2505204138112135,0.7049415687501288
"MA-07, USA",0.09522916121159115,0.04598941733270799,0.24403588023746184,0.7099747024298302
"MA-08, USA",0.07005283845836673,0.03199011473071731,0.18652662824001554,0.7814832570292671
"MA-09, USA",0.07483431440290501,0.04031226406360897,0.22171561987931473,0.7379721160570762
"MA-02, USA",0.07924260047336931,0.027699600289602912,0.2172018314080341,0.755098568302363
"MA-05, USA",0.05974410268724215,0.03546550096338586,0.15469698457922323,0.8098375144573909
"MA-06, USA",0.07044855511857737,0.028482414589796824,0.17474847863310136,0.7967691067771019
"VA-03, USA",0.10329280957702153,0.14030692302990908,0.19298826742838443,0.6667048095417064
"ND-00, USA",0.10727170486065166,0.09201915984836476,0.107313161460745,0.8006676786908903
"NJ-02, USA",0.09430679515869501,0.09435309666977258,0.2047122681637866,0.7009346351664408
"NV-04, USA",0.10499819193328036,0.16796778685124084,0.20786562083945287,0.6241665923093063
"NJ-03, USA",0.061220730247666784,0.061191095196505486,0.11473800633505489,0.8240708984684396
"MD-06, USA",0.08809979903479456,0.07423643944094971,0.16696038205673183,0.7588031785023185
"NV-02, USA",0.09025966852533607,0.12491139996929256,0.1428926114783972,0.7321959885523103
"NY-08, USA",0.14222395681819427,0.08158911427014609,0.34096932819585446,0.5774415575339994
"NY-09, USA",0.14560271709331743,0.0915510595998007,0.31159215690179687,0.5968567834984024
"NY-14, USA",0.125651098121096,0.1379854582432325,0.31253832875253107,0.5494762130042365
"NY-01, USA",0.06799007743927503,0.050616081428619335,0.13252686376603165,0.816857054805349
"NY-02, USA",0.08064083722785043,0.0573299575802429,0.1721639117538853,0.7705061306658718
"NY-03, USA",0.06863135986268674,0.05136244768064601,0.13552897313808548,0.8131085791812686
"NY-04, USA",0.06303542520502786,0.06013596532953033,0.15390359757217983,0.7859604370982899
"NY-05, USA",0.10847255871040883,0.10028726847222452,0.2882849945827589,0.6114277369450165
"NY-06, USA",0.10919682757828086,0.11931508723862758,0.26352043401066294,0.6171644787507096
"NY-07, USA",0.1187394569053076,0.09683837355226779,0.26377583958775414,0.6393857868599779
"NY-10, USA",0.09716313480751619,0.06825813938582638,0.21440285206517481,0.7173390085489989
"NY-11, USA",0.10492088655821709,0.07260887305099764,0.24400598709404908,0.6833851398549533
"NY-12, USA",0.052364768222735614,0.03645400422947888,0.0926058085215174,0.8709401872490037
"NY-13, USA",0.1329707552349481,0.09761299201407561,0.3622313790881587,0.5401556288977656
"NY-15, USA",0.158338984698707,0.10328362560212076,0.4467915542747279,0.44992482012315144
"NY-16, USA",0.08431828706108134,0.08110694352560152,0.1974542379328629,0.7214388185415355
"NY-17, USA",0.0788836597083508,0.056070874309558115,0.1810794106004331,0.7628497150900088
"NY-18, USA",0.09232372690049852,0.06607033294247888,0.21123170291274032,0.7226979641447808
"NY-19, USA",0.11900211395926659,0.05423923091839386,0.2508955757178884,0.6948651933637177
"NY-20, USA",0.0861156482886741,0.0429813481441984,0.2003202940462479,0.7566983578095536
"NY-21, USA",0.12569658927902827,0.05746763203008847,0.2560794332155958,0.6864529347543158
"NY-22, USA",0.11023710188000198,0.04635140030443143,0.2413710062882169,0.7122775934073516
"NY-23, USA",0.1303681748847532,0.05084710818663956,0.23966410420662473,0.7094887876067357
"NY-24, USA",0.11483204534319498,0.0566355933630156,0.24217088082607552,0.7011935258109089
"NY-25, USA",0.09730899922646402,0.043752024854374925,0.23065454249000472,0.7255934326556203
"NY-26, USA",0.11942840907801347,0.041511536250136385,0.28450263802948517,0.6739858257203784
"LA-04, USA",0.22221550129811365,0.11841391595388542,0.32284846654975924,0.5587376174963553
"LA-02, USA",0.18049612388664385,0.12899357246392051,0.32033026122248237,0.5506761663135972
"LA-06, USA",0.08707121322214492,0.0947738829015147,0.17902405302274607,0.7262020640757393
"LA-05, USA",0.20299303388495363,0.11994911783202188,0.3225673152366563,0.5574835669313218
"LA-03, USA",0.15001860574337766,0.10915870891143852,0.26368942251623584,0.6271518685723256
"LA-01, USA",0.1130885493360048,0.11034495442137841,0.21316605393538426,0.6764889916432373
"MI-13, USA",0.1646236071330792,0.09484231351195066,0.3741350710497244,0.5310226154383251
"MI-11, USA",0.06772718869380316,0.06159059392599426,0.14357347757715333,0.7948359284968524
"MI-03, USA",0.09314089951861929,0.06787671341718876,0.18376617506840587,0.7483571115144054
"MI-01, USA",0.13556790167595886,0.08829421834214038,0.256423676089096,0.6552821055687635
"NV-03, USA",0.06972821053529124,0.12888708914290833,0.13897073542798294,0.7321421754291088
"MI-06, USA",0.051274448817561456,0.04349010135179233,0.1294571729071238,0.8270527257410839
"MI-12, USA",0.12222334112645855,0.07679133468842012,0.32769754968837256,0.5955111156232072
"MI-07, USA",0.08912546320097847,0.056273380396316276,0.1695089493403577,0.774217670263326
"MI-08, USA",0.12715370426145284,0.07025653860919377,0.2936193002361208,0.6361241611546854
"MI-10, USA",0.08533256963906158,0.07214068211974797,0.2128061388065382,0.7150531790737138
"MI-02, USA",0.14794891593105472,0.08064760546863285,0.23758420192843366,0.6817681926029335
"MI-09, USA",0.09354667332705727,0.06174360924178686,0.17916455424736347,0.7590918365108497
"WA-05, USA",0.09007668520323527,0.0823096410568449,0.24306755341343006,0.6746228055297251
"NJ-12, USA",0.07519509539613699,0.09899752703846895,0.12800411949385093,0.7729983534676801
"MD-05, USA",0.05732200636596309,0.052894315037726035,0.1188013295496888,0.8283043554125852
"MI-04, USA",0.09481007616058057,0.06904204253551383,0.19122632697608982,0.7397316304883963
"MI-05, USA",0.12722495444237805,0.07968604134737302,0.21576767582103673,0.7045462828315903
"NJ-07, USA",0.05396503999446933,0.05374852804445487,0.08978081300440366,0.8564706589511415
"NJ-06, USA",0.08175733411043117,0.10047847116970125,0.13414401372953078,0.7653775151007679
"NV-01, USA",0.12072513395747195,0.1679178946564574,0.19606895988478168,0.636013145458761
"NJ-10, USA",0.1365899889335634,0.1433983877319393,0.23417612123290055,0.6224254910351602
"WA-06, USA",0.06704983462043486,0.0800166786494853,0.2224603613207934,0.6975229600297213
"NJ-11, USA",0.04667264435614408,0.06527056368650525,0.08403613209026652,0.8506933042232283
"NJ-05, USA",0.05322546347751745,0.07268208448102152,0.09615351680638767,0.8311643987125907
"NJ-04, USA",0.10682855714801315,0.07001952827700443,0.16520156338896236,0.7647789083340332
"MD-01, USA",0.09314592392450075,0.05902572278698525,0.19566872908764799,0.7453055481253668
"NJ-08, USA",0.11448135426607312,0.1997587310908362,0.1828040934124804,0.6174371754966834
"NJ-09, USA",0.10427129845969735,0.1668018012983484,0.1884949412054766,0.644703257496175
"WA-01, USA",0.03773670764803968,0.05877357726900607,0.10090771646637002,0.8403187062646239
"NJ-01, USA",0.0933984390514399,0.07691087619741853,0.19463967911021915,0.7284494446923624
"MD-03, USA",0.04518801596504306,0.05442690035299336,0.12020336528521813,0.8253697343617885
"MD-08, USA",0.0403452330047691,0.09021407194920616,0.10895028913234951,0.8008356389184443
"MD-02, USA",0.07256583433603513,0.05319608803551806,0.14704979730447498,0.7997541146600069
"MD-04, USA",0.07467879892246056,0.1524712158964943,0.1692014339402326,0.6783273501632732
"WA-08, USA",0.048024806439692765,0.06512070768454169,0.12437118813596103,0.8105081041794973
"WA-07, USA",0.044358447903238986,0.05760465467464782,0.11551717375120331,0.8268781715741489
"WA-10, USA",0.059631823094454736,0.0893786791476917,0.20279341393025072,0.7078279069220577
"MO-07, USA",0.1281016012404077,0.16958957564219845,0.143558182704504,0.6868522416532975
"MO-01, USA",0.1259323886890077,0.1257039114049844,0.15669024266240253,0.7176058459326131
"MO-02, USA",0.06824738708451406,0.06135440237079478,0.0650455131368189,0.8736000844923862
"MO-03, USA",0.09925933803862076,0.09227726811966895,0.09435008381904515,0.813372648061286
"MO-04, USA",0.13622891802883055,0.14618076874222968,0.15431298462323567,0.6995062466345345
"MO-05, USA",0.09539575114407992,0.15515356860838514,0.11820175932794719,0.7266446720636677
"MO-06, USA",0.1371413581171488,0.12125850726802923,0.12535528323889808,0.7533862094930728
"MO-08, USA",0.15268517688273106,0.16134706038531782,0.18894208797234394,0.6497108516423382
"CA-25, USA",0.10489576397198308,0.11700608027108177,0.38485040808143484,0.4981435116474835
"WA-03, USA",0.07223990182050471,0.08918490775609812,0.2117904554948838,0.6990246367490182
"FL-01, USA",0.0888782058436304,0.17278537646945039,0.15885523518505826,0.6683593883454914
"FL-02, USA",0.11925030471950186,0.1538267099678762,0.15770571079364876,0.688467579238475
"FL-03, USA",0.12435691117905585,0.15539480869072259,0.1684749195101626,0.6761302717991149
"FL-04, USA",0.09715508150940909,0.154200285881066,0.18472995318212646,0.6610697609368075
"FL-05, USA",0.06316654279764948,0.13896143228105665,0.09376823545684412,0.7672703322620993
"FL-06, USA",0.1219401120103821,0.2001547330970715,0.1865919327406051,0.6132533341623233
"FL-07, USA",0.07388325408100574,0.1395237006318777,0.114677957731672,0.7457983416364503
"FL-08, USA",0.08386680260423433,0.15801094611118588,0.15119958932022912,0.690789464568585
"FL-09, USA",0.0662410732776617,0.16324263266889494,0.14803376748984629,0.6887235998412587
"FL-10, USA",0.08504919297693452,0.18092226334834427,0.1307454707828746,0.688332265868781
"FL-11, USA",0.07770026185358156,0.15425478071145485,0.11732800636825716,0.7284172129202879
"FL-12, USA",0.09975944771752784,0.1874486222204202,0.19926317984153605,0.6132881979380437
"FL-13, USA",0.10024091545014593,0.1627918635667024,0.1334330516791539,0.7037750847541436
"FL-14, USA",0.07714064178261963,0.16170356672095762,0.1393213117746061,0.6989751215044363
"FL-15, USA",0.08548238390873789,0.17136666867066383,0.15119513409817656,0.6774381972311596
"FL-16, USA",0.06288772657881123,0.16437567111561813,0.12041708891189758,0.7152072399724843
"FL-17, USA",0.085070720601559,0.19544541630596154,0.14349242470387158,0.6610621589901668
"FL-18, USA",0.15895782739149802,0.20848230600109008,0.20382656847031969,0.5876911255285903
"FL-19, USA",0.06810588793009072,0.17856391109966355,0.11863279561877711,0.7028032932815593
"FL-20, USA",0.11741643385911515,0.22581321621364986,0.15523678149050235,0.6189500022958477
"FL-21, USA",0.07275320525280388,0.16474737000866688,0.12257952020772249,0.7126731097836106
"FL-23, USA",0.06786474853877772,0.16321421756556737,0.08674663823519264,0.75003914419924
"FL-24, USA",0.15947646899173742,0.24613273250555667,0.13671424889714995,0.6171530185972934
"FL-25, USA",0.07083727272078894,0.1643889502575031,0.08650674053024694,0.74910430921225
"FL-26, USA",0.13146917115302714,0.22703105522305358,0.12056145665859226,0.6524074881183541
"FL-27, USA",0.13040874655906107,0.17546952959603468,0.10079100424772991,0.7237394661562354
"FL-28, USA",0.07728632883529497,0.20495816214673696,0.11843770909283852,0.6766041287604245
"FL-22, USA",0.09256491895961015,0.2201188827021035,0.1054177360279879,0.6744633812699086
"WA-02, USA",0.06439327294704603,0.09266056519726051,0.18367659690386023,0.7236628378988792
"WA-09, USA",0.05820875667179052,0.10102696170673109,0.178853578721417,0.7201194595718519
"WA-04, USA",0.09639176534332976,0.16890411010352968,0.23830415254698947,0.5927917373494808
"CA-13, USA",0.11293415031494941,0.11985808756393677,0.3554065625166953,0.524735349919368
"TN-04, USA",0.13650238679469623,0.1383509758370435,0.16623165661760778,0.6954173675453488
"TN-01, USA",0.16076528127111037,0.15656045864373952,0.22263093879019938,0.6208086025660612
"TN-02, USA",0.13686721500344662,0.12051753885210842,0.15655298887075383,0.7229294722771377
"TN-03, USA",0.13023783943455203,0.14325627857732312,0.17783089582616027,0.6789128255965166
"TN-05, USA",0.06341777269251168,0.11280463711751153,0.10351394800640419,0.7836814148760842
"TN-06, USA",0.1334958615846115,0.13898722358900542,0.1746353740688946,0.6863774023421
"TN-07, USA",0.11848765956226488,0.12480305487903445,0.1572803542991305,0.717916590821835
"TN-08, USA",0.1479313816494381,0.12599742504317993,0.19622395370336826,0.6777786212534518
"TN-09, USA",0.17153291186665087,0.17743218537599828,0.19782271805813495,0.6247450965658667
"MD-07, USA",0.14835479688485856,0.07917408359553871,0.29527459435419173,0.6255513220502695
"TX-01, USA",0.1636543891283203,0.23043270846558517,0.14088541211012445,0.6286818794242904
"TX-02, USA",0.05026889383031739,0.1753174290512447,0.06535993679093967,0.7593226341578156
"TX-03, USA",0.05309152644795452,0.1310859285456051,0.053407598156616796,0.8155064732977781
"TX-04, USA",0.07621608137950979,0.1596692244973995,0.07698275862040714,0.7633480168821933
"TX-05, USA",0.10256596496541717,0.24405817697689453,0.11436351815251077,0.6415783048705948
"TX-06, USA",0.11546673280567385,0.24714103287745962,0.09259277983240218,0.6602661872901382
"TX-07, USA",0.0765480230296752,0.23383312665445435,0.07483030414123783,0.6913365692043079
"TX-08, USA",0.0663264740464609,0.2140455543623826,0.08337835255278027,0.7025760930848371
"TX-09, USA",0.11452996161845846,0.2886773416897679,0.12568527052627054,0.5856373877839615
"TX-10, USA",0.10285944611701774,0.15161442023448726,0.07812936019262759,0.7702562195728851
"TX-11, USA",0.1128319392419505,0.22126946149655308,0.10560847470138567,0.6731220638020613
"TX-12, USA",0.06272761914837384,0.19327833141812287,0.08345407437705533,0.7232675942048219
"TX-13, USA",0.12732757702248315,0.219165180013035,0.1044741616703889,0.6763606583165761
"TX-14, USA",0.10099374154465435,0.22159246033883492,0.10357538479968201,0.6748321548614831
"TX-15, USA",0.19802829981332332,0.384106608183838,0.11647531193062229,0.49941807988553977
"TX-17, USA",0.12867558086057523,0.19452655654515857,0.12601136583806613,0.6794620776167752
"TX-18, USA",0.12555235483914776,0.2900256778186062,0.13499655047155523,0.5749777717098385
"TX-19, USA",0.13798699880863716,0.2205127399463228,0.11253215807288235,0.6669551019807949
"TX-20, USA",0.10687947442545051,0.2365483085304196,0.1296408067248505,0.6338108847447299
"TX-21, USA",0.05955337567255412,0.1596738124697202,0.07650292109228958,0.7638232664379903
"TX-22, USA",0.07318521722423235,0.14549892541799916,0.06458058674038135,0.7899204878416195
"TX-23, USA",0.14508812560373263,0.22479942673163414,0.10229028817985429,0.6729102850885116
"TX-24, USA",0.03901912540508686,0.12770076389392954,0.04744013242490493,0.8248591036811656
"TX-25, USA",0.08232308468756552,0.21041864590947568,0.08953708872496538,0.700044265365559
"TX-26, USA",0.04326428015670274,0.13039921814754504,0.04588291730086417,0.8237178645515908
"TX-27, USA",0.1543828417021697,0.25240155341458625,0.12590556859646232,0.6216928779889515
"TX-28, USA",0.17911015565743754,0.31141059574165963,0.13425625870238891,0.5543331455559514
"TX-29, USA",0.17299283424014597,0.4183797056360008,0.13660245028982007,0.4450178440741792
"TX-30, USA",0.13350403073154843,0.2384797596467595,0.13078021074054824,0.6307400296126923
"TX-31, USA",0.07375973706486796,0.1655017026935523,0.09171660217630424,0.7427816951301435
"TX-32, USA",0.09860930896075777,0.27484046512586124,0.08377985214220195,0.6413796827319368
"TX-33, USA",0.1325991429195878,0.34568745745574925,0.10405585128461932,0.5502566912596314
"TX-34, USA",0.21118897149819843,0.4084703280408915,0.13337764626337936,0.458152025695729
"TX-35, USA",0.10320373132711877,0.23124014665552603,0.12214300627768254,0.6466168470667915
"TX-36, USA",0.09747716827578819,0.2438499891648378,0.10679236954762512,0.6493576412875371
"TX-37, USA",0.05509220561618741,0.1356818977826089,0.05989301228314379,0.8044250899342473
"TX-38, USA",0.04049500196384621,0.14714909902397477,0.06167013770410359,0.7911807632719217
"TX-16, USA",0.12309762291499511,0.29545908410640515,0.1182339390568855,0.5863069768367094
"CA-02, USA",0.07272656461657984,0.07984350384982428,0.21882787373610235,0.7013286224140733
"CA-04, USA",0.06528600424448767,0.07488981247141893,0.18730469700632382,0.7378054905222572
"GA-01, USA",0.11694989694618312,0.19713698777625302,0.15116411462786886,0.6516988975958782
"GA-02, USA",0.19169303216190733,0.2113662304483868,0.2003875072036813,0.5882462623479319
"GA-05, USA",0.09258517541690896,0.1393070375997568,0.11795797111125553,0.7427349912889877
"GA-07, USA",0.07514350734504587,0.204925779993436,0.08198349630022918,0.7130907237063349
"GA-09, USA",0.10097960494388838,0.18837218268367914,0.10338108900016411,0.7082467283161568
"GA-11, USA",0.05736646341385049,0.16444838445232207,0.07457739740618724,0.7609742181414907
"GA-13, USA",0.0772440247142812,0.18320683290816686,0.1287109399695793,0.6880822271222538
"GA-03, USA",0.12099503304114428,0.149184896396967,0.1274104210364471,0.7234046825665859
"GA-06, USA",0.03544507921671186,0.1128326452608474,0.045668841488035405,0.8414985132511172
"GA-08, USA",0.18956158160722092,0.20295406425805115,0.16329012080599284,0.633755814935956
"GA-12, USA",0.17216157867740245,0.18413368157934795,0.1677515419251099,0.6481147764955422
"GA-04, USA",0.08675537322428543,0.18790113846556877,0.11511004766006294,0.6969888138743683
"GA-10, USA",0.1082065938132541,0.163109221517645,0.12670047749882415,0.7101903009835309
"GA-14, USA",0.1230443854089343,0.18682507428443793,0.1364335196273437,0.6767414060882183
"CA-05, USA",0.08080149219079254,0.06911526609921662,0.22684183397940558,0.7040428999213777
"PA-01, USA",0.06245209740884257,0.05362655137514231,0.10817971535421042,0.8381937332706473
"PA-05, USA",0.08843902645146126,0.069377535815071,0.17344628826854444,0.7571761759163845
"PA-08, USA",0.12765845945782997,0.07723439064131687,0.22505477955208744,0.6977108298065957
"PA-14, USA",0.14764958314301685,0.055798595123706336,0.21676825088561222,0.7274331539906814
"PA-02, USA",0.13710285330387664,0.11253446015719365,0.31786190003867926,0.5696036398041272
"PA-04, USA",0.07002925775377616,0.045308915984472495,0.10050604910023575,0.8541850349152917
"PA-07, USA",0.11180331394943077,0.0745283213970169,0.1804275631805316,0.7450441154224515
"PA-16, USA",0.12984166956376736,0.06384405487989576,0.22562208480929893,0.7105338603108053
"PA-03, USA",0.12903886426916802,0.07368324246994135,0.2617958905222625,0.6645208670077961
"PA-06, USA",0.08383510737027325,0.0716262725909709,0.13900307692843547,0.7893706504805936
"PA-09, USA",0.14227238769320422,0.07417719521974955,0.19869956083933038,0.7271232439409201
"PA-10, USA",0.10219962491792207,0.07034592782343896,0.1600765193077849,0.769577552868776
"PA-11, USA",0.12170565625221494,0.1004861663310282,0.14232391944200481,0.7571899142269669
"PA-12, USA",0.1185761095426436,0.05743449990249806,0.18186708586195002,0.760698414235552
"PA-13, USA",0.15308458356070137,0.08387559469553718,0.203820369641663,0.7123040356627999
"PA-15, USA",0.1515045623717812,0.07426586183914605,0.20571034627045018,0.7200237918904038
"PA-17, USA",0.09558068386678457,0.04541835321173391,0.14948632926063757,0.8050953175276286
"CA-24, USA",0.06405822813607744,0.11474703364356163,0.1847837433935694,0.700469222962869
"CA-03, USA",0.07002591839353442,0.05955579164015991,0.17562717938870243,0.7648170289711377
"CA-01, USA",0.10890632791160987,0.09307475116527213,0.3139351049556515,0.5929901438790763
"CA-18, USA",0.07809629688686272,0.12168024006471433,0.2308043137681538,0.6475154461671319
"CA-23, USA",0.0817089861824026,0.1064657827885319,0.33148350642090024,0.5620507107905679
"CA-20, USA",0.08329920542243124,0.07692320277506258,0.2350645404474084,0.688012256777529
"CA-35, USA",0.06677065385837515,0.127978571489179,0.24383953530645056,0.6281818932043705
"CA-09, USA",0.09610232575790519,0.08834790289527726,0.2814028060693516,0.6302492910353712
"CA-41, USA",0.0641406364439735,0.09437018391202137,0.20848042392104796,0.6971493921669307
"CA-52, USA",0.08639507483694411,0.14420989293630354,0.25116779001176565,0.6046223170519308
"CA-10, USA",0.034371919298405454,0.038791091957999374,0.12496778462313765,0.8362411234188629
"CA-27, USA",0.06630388444350037,0.07345152682586076,0.21730103743520968,0.7092474357389296
"CA-14, USA",0.0510441340883528,0.04312782773406544,0.16080907453349017,0.7960630977324444
"CA-50, USA",0.03671814194875246,0.08083597643458915,0.11966809503203897,0.7994959285333719
"CA-11, USA",0.07165121422730493,0.041301808052398525,0.14366818552176439,0.8150300064258371
"CA-47, USA",0.040037107009369646,0.06937094468454107,0.11525594858498318,0.8153731067304757
"CA-15, USA",0.0556783905712377,0.05379242059493814,0.14163407914290888,0.804573500262153
"CA-40, USA",0.03448271619672468,0.06138019992275142,0.11375134670235158,0.824868453374897
"CA-17, USA",0.03543346327071825,0.04091926922423978,0.11146431211793134,0.8476164186578289
"CA-16, USA",0.04300223835912327,0.04820720227912219,0.11093742734427738,0.8408553703766004
"CA-26, USA",0.06870577230610568,0.12123446025570328,0.1630689122761952,0.7156966274681016
"CA-48, USA",0.049779504929146914,0.08786982742847557,0.18247243479258518,0.7296577377789392
"CA-45, USA",0.06255460373799054,0.08624704287581948,0.21106457515505678,0.7026883819691238
"CA-12, USA",0.07554550200291127,0.06857951645025652,0.1926564749255646,0.7387640086241789
"CA-19, USA",0.04847499001114373,0.06621906308216387,0.15018142047669064,0.7835995164411454
"CA-49, USA",0.04000320101980434,0.09275728716144307,0.13606564126043685,0.77117707157812
"CA-32, USA",0.04536230674949975,0.08344651969450363,0.17032781405573186,0.7462256662497645
"CA-36, USA",0.04573196154260814,0.05569977921025145,0.09857233088082462,0.8457278899089239
"CA-51, USA",0.04386523909061787,0.07823319179736497,0.18144936152583727,0.7403174466767978
"CA-07, USA",0.06633639650353813,0.06660707119233154,0.2533495201414431,0.6800434086662255
"CA-30, USA",0.0801153312508451,0.0950081654383511,0.19941570135853315,0.7055761332031157
"CA-08, USA",0.05869526083797879,0.08256540851043243,0.23020037296819554,0.6872342185213721
"CA-44, USA",0.09080694139871849,0.1441955612986076,0.2640110182895901,0.5917934204118023
"CA-28, USA",0.07015823950879879,0.06793612689385391,0.1942282743890557,0.7378355987170904
"CA-38, USA",0.08208257679089932,0.09980880885970839,0.19108573088226785,0.7091054602580238
"CA-34, USA",0.14705477731884786,0.2074427207258391,0.3000162335101686,0.49254104576399227
"CA-46, USA",0.08977471638289553,0.16653790192012582,0.24831056744872815,0.585151530631146
"CA-29, USA",0.10696788869108916,0.15262357639501056,0.3038251493428363,0.5435512742621532
"CA-31, USA",0.09897132996666902,0.1117906910016431,0.2470164070058707,0.6411929019924862
"CA-33, USA",0.08085461951169186,0.11625678696415388,0.26478544270994153,0.6189577703259045
"CA-42, USA",0.09156620403572324,0.15410629403280543,0.25855548983268317,0.5873382161345114
"CA-06, USA",0.063670643098173,0.08295493671415101,0.2688846192404621,0.6481604440453869
"CA-39, USA",0.06778456910743122,0.14195703724985975,0.25072272735638484,0.6073202353937553
"CA-21, USA",0.15552008712781792,0.11464612811298898,0.40295230136150817,0.48240157052550287
"CA-37, USA",0.12142544024939804,0.1615291100370555,0.3299358237233161,0.5085350662396284
"CA-43, USA",0.0975767167696344,0.15043236120402073,0.3107732085233936,0.5387944302725857
"IN-06, USA",0.09383465769448769,0.09001484977388738,0.16883156459757287,0.7411535856285397
"IN-07, USA",0.13421101507777272,0.13232373987591947,0.20863771093147737,0.6590385491926032
"IN-09, USA",0.14437349067038638,0.08653714280423681,0.17405599910406117,0.7394068580917019
"IN-01, USA",0.12153274459562852,0.08969489620823233,0.18600755532258284,0.7242975484691848
"IN-02, USA",0.13119687724187373,0.12476121708376267,0.167706822655634,0.7075319602606033
"IN-03, USA",0.12987115490676698,0.12013267270276161,0.16417073165727103,0.7156965956399673
"IN-04, USA",0.09201375374854315,0.08124079769028188,0.12939180336676606,0.7893673989429519
"IN-05, USA",0.08639949547255556,0.08212652848581174,0.1537698814469145,0.7641035900672738
"IN-08, USA",0.1423543212914389,0.09603000312762794,0.19040798853927354,0.7135620083330986
"IL-01, USA",0.13189249986694712,0.09168915132877832,0.22901332982794115,0.6792975188432806
"IL-02, USA",0.13220527939198692,0.10640221191229841,0.2665361862881014,0.6270616017996002
"IL-03, USA",0.1083869860126814,0.16248167434164906,0.14135987067681116,0.6961584549815397
"IL-04, USA",0.12921441667453307,0.19179528447911043,0.19080289886310967,0.6174018166577799
"IL-05, USA",0.06689258201316536,0.06729871923356302,0.07007871791434306,0.8626225628520939
"IL-06, USA",0.0801967031280348,0.07893015533887032,0.10970658038016848,0.8113632642809612
"IL-07, USA",0.11550182949779705,0.0934300345856725,0.2085106675129653,0.6980592979013622
"IL-08, USA",0.06017589950243762,0.11341295702666229,0.10867973711899269,0.7779073058543451
"IL-09, USA",0.07490241134047598,0.0984968069215753,0.12674073991067628,0.7747624531677485
"IL-10, USA",0.061080502477587,0.09624455177400398,0.11145013805533059,0.7923053101706654
"IL-11, USA",0.05294906975901887,0.07745017493110254,0.09911620123443644,0.8234336238344611
"IL-12, USA",0.14532105903391881,0.0802738453643911,0.22485205564709612,0.6948740989885128
"IL-13, USA",0.12103330684823521,0.0717510214913509,0.22153262947871757,0.7067163490299315
"IL-14, USA",0.07533799527134186,0.08153746144290656,0.13998307609952124,0.7784794624575723
"IL-15, USA",0.1396096188725423,0.06787097274745835,0.18560257584547502,0.7465264514070666
"IL-16, USA",0.10399286089737785,0.061614469196947276,0.1473391297272036,0.7910464010758491
"IL-17, USA",0.1343461907417117,0.08948071057721291,0.23549645095044033,0.6750228384723468
"AR-03, USA",0.122276992484865,0.13540930802460494,0.17732625967190802,0.6872644323034871
"AR-04, USA",0.2133165073082272,0.11876827462128015,0.29233187862014787,0.5888998467585719
"AR-02, USA",0.1292990342668037,0.10681600656899976,0.21811972077537903,0.6750642726556213
"AR-01, USA",0.18487714414271192,0.11156411844772941,0.3068347201802664,0.581601161372004
"KY-01, USA",0.16319492005062297,0.08600259598524687,0.29407497058388415,0.619922433430869
"KY-03, USA",0.09973476081986973,0.07116478761545479,0.23047084825840072,0.6983643641261444
"KY-04, USA",0.11155334912302273,0.06888514076340745,0.193306904072098,0.7378079551644945
"KY-05, USA",0.2024431762641661,0.0766594557934805,0.45144371326522126,0.47189683094129825
"KY-02, USA",0.12871276215888378,0.07196564728862317,0.2640024723743294,0.6640318803370474
"KY-06, USA",0.10137316891246213,0.07787739932300136,0.22134230599511867,0.70078029468188
"NC-09, USA",0.11847899134991195,0.17813608719925764,0.18492882955743198,0.6369350832433104
"NC-02, USA",0.03942387688027679,0.10374486796183552,0.06738760385677978,0.8288675281813848
"NC-07, USA",0.1328927125539456,0.15787838642899635,0.18379156886220976,0.6583300447087939
"NC-08, USA",0.11688297611784224,0.14486261742791443,0.15180145806483186,0.7033359245072538
"NC-11, USA",0.1538242643313942,0.18388116725466055,0.15804238753202376,0.6580764452133157
"NC-12, USA",0.07614136078841573,0.15456969219219763,0.1079983382462053,0.7374319695615971
"NC-14, USA",0.0815428906036895,0.1324683637436872,0.10220853111892428,0.7653231051373884
"NC-01, USA",0.1863701848337199,0.1529248111174574,0.20104579788882168,0.6460293909937209
"NC-03, USA",0.1363787367756229,0.17926751877021496,0.18404734303345283,0.6366851381963321
"NC-04, USA",0.09103481580752008,0.13454952282248678,0.11293029780104598,0.7525201793764672
"NC-05, USA",0.14414664377990066,0.16199808307335786,0.15582631870605387,0.6821755982205883
"NC-06, USA",0.1283410538525159,0.13196506331850494,0.15534682815962456,0.7126881085218705
"NC-10, USA",0.1436186698314334,0.15083069481807806,0.15818159979181823,0.6909877053901037
"NC-13, USA",0.1035338581641761,0.14269803862806782,0.1246374108996423,0.73266455047229
"MS-04, USA",0.16156708486186477,0.1910314353361809,0.18233211082354583,0.6266364538402732
"MS-03, USA",0.1872484227292007,0.14869237569547206,0.1625206531341818,0.6887869711703462
"MS-01, USA",0.16552516107002774,0.14908886944959612,0.16469347016505495,0.6862176603853489
"MS-02, USA",0.22784409176252382,0.1931933423550652,0.24119745045953858,0.5656092071853962
"WI-03, USA",0.11983545660619345,0.07665559575091774,0.15996719524765426,0.7633772090014279
"WI-01, USA",0.0901980858044391,0.07538675542001118,0.16196600266376482,0.762647241916224
"WI-02, USA",0.0668385462097407,0.05206628964405811,0.1043960876212025,0.8435376227347393
"WI-05, USA",0.07555030513837528,0.04964887785487136,0.10279125101052014,0.8475598711346085
"WI-07, USA",0.1309715161494399,0.08273304670937459,0.17666196240251053,0.7406049908881148
"WI-04, USA",0.1547500871259006,0.11006830484089432,0.25275393286694414,0.6371777622921615
"WI-06, USA",0.10503708421007141,0.059116853799592146,0.14132811603284162,0.7995550301675663
"WI-08, USA",0.10340788872320694,0.06659271487567109,0.1415469108050431,0.7918603743192858
"KS-01, USA",0.1144273658200696,0.1215196719638447,0.099560162100119,0.7789201659360363
"KS-02, USA",0.1415483965473937,0.13742339924104496,0.14860026199136697,0.713976338767588
"KS-03, USA",0.0542520227039063,0.08987569080481692,0.061007061396617726,0.8491172477985653
"KS-04, USA",0.1103264953139481,0.14159019598464836,0.12326611937466388,0.7351436846406877
"AK-00, USA",0.09343301568538621,0.1577598129572232,0.19333429984374934,0.6489058871990275
"SC-03, USA",0.1608248463006633,0.14482531867259427,0.17152080947696152,0.6836538718504442
"SC-04, USA",0.11233029555908407,0.1437131002651515,0.12969729492317758,0.726589604811671
"SC-05, USA",0.13199335324429537,0.14046914339644434,0.15877507711149103,0.7007557794920647
"SC-06, USA",0.1756020155648552,0.16307301169466892,0.18273165551984483,0.6541953327854862
"SC-01, USA",0.08259871605919145,0.12904151948722872,0.1193410060088497,0.7516174745039216
"SC-02, USA",0.10645428996176914,0.1321500435911337,0.13650994470346542,0.7313400117054009
"SC-07, USA",0.16036928819229457,0.1864319442675273,0.2127249623460251,0.6008430933864476
"HI-02, USA",0.09337192124222518,0.06255748649488675,0.1889752256799787,0.7484672878251345
"HI-01, USA",0.08025241816936302,0.04760579033388979,0.1388946252790108,0.8134995843870994
"CO-04, USA",0.05217051822844665,0.07269315389895764,0.11741584240921528,0.8098910036918271
"CO-03, USA",0.1271474919507203,0.13740756200850934,0.25508837078719976,0.607504067204291
"CO-02, USA",0.0458431288724726,0.08030794622061276,0.11049597940333152,0.8091960743760557
"CO-01, USA",0.060482133459449604,0.11764625895818998,0.16133612579501147,0.7210176152467986
"CO-05, USA",0.05124107887376935,0.10337334246204759,0.19534113826281457,0.7012855192751379
"CO-07, USA",0.06284047191268943,0.08078121956388315,0.1373922847140601,0.7818264957220568
"CO-06, USA",0.050703066769933886,0.11076573146569733,0.144230765682404,0.7450035028518986
"CO-08, USA",0.07906602666156783,0.12302463388274304,0.1739847586217968,0.7029906074954602
"CT-01, USA",0.09390334958509755,0.057371093307564305,0.21755644205608485,0.7250724646363509
"CT-03, USA",0.08853499101602232,0.06804916596944766,0.20954142472872472,0.7224094093018277
"CT-04, USA",0.06417292388034909,0.10118852952836466,0.16261209947449048,0.7361993709971449
"CT-05, USA",0.11289808746594467,0.0737920195365822,0.22247231869581163,0.7037356617676062
"CT-02, USA",0.07388314599569398,0.05013039211232053,0.1761111559753011,0.7737584519123784
"AL-02, USA",0.15698689200195776,0.1476550026506135,0.17805556242517193,0.6742894349242146
"AL-01, USA",0.1544674933896393,0.1607597365110864,0.1672507027441368,0.6719895607447768
"AL-03, USA",0.15930430059171674,0.13663254158570157,0.17544608133982428,0.6879213770744742
"AL-04, USA",0.1809879177449894,0.16040101017471872,0.17744978134300202,0.6621492084822792
"AL-05, USA",0.10851260403173865,0.12527677966257314,0.12595416445224317,0.7487690558851836
"AL-06, USA",0.0914933114166988,0.10453454663069349,0.11595074559622807,0.7795147077730784
"AL-07, USA",0.1883392480044765,0.14542918380744024,0.2164738349682813,0.6380969812242785
"MN-02, USA",0.05666501688872166,0.046019956294026124,0.12494398210380443,0.8290360616021695
"MN-04, USA",0.06543475862864843,0.061284500883569806,0.19343301037617783,0.7452824887402524
"MN-05, USA",0.07836427411604248,0.07585333696724932,0.18385343789201247,0.7402932251407383
"MN-06, USA",0.06298235878987311,0.045635715829337266,0.1265594244334643,0.8278048597371984
"MN-07, USA",0.1352518891369698,0.06823812960739985,0.19129692097645157,0.7404649494161486
"MN-08, USA",0.12091683574563657,0.0690674314849356,0.2202615031287865,0.710671065386278
"MN-01, USA",0.10197199310897569,0.0640963705381148,0.16716954856772348,0.7687340808941616
"MN-03, USA",0.05078792031498132,0.04862798851893963,0.12218361231165577,0.8291883991694047
"OR-06, USA",0.06686545887557188,0.09296414019275337,0.19333039273313546,0.7137054670741112
"OR-01, USA",0.04987086844192419,0.07830723491608951,0.15245084323012842,0.769241921853782
"OR-02, USA",0.11711315475991653,0.10911771647906718,0.28983370207167447,0.6010485814492583
"OR-03, USA",0.06633485908773568,0.08741967638701681,0.20297057251758122,0.7096097510954019
"OR-05, USA",0.06843948694437087,0.08775829072750485,0.18747103756913705,0.7247706717033581
"OR-04, USA",0.0826287471297823,0.0938040016497325,0.25797823360170374,0.6482177647485637
"NM-02, USA",0.17289758496774632,0.13953751181905408,0.35134413608561665,0.5091183520953293
"NM-03, USA",0.21043438215450147,0.1572937913582829,0.33597074341804606,0.5067354652236711
"NM-01, USA",0.11079022424841158,0.09878530271052455,0.26094940212210094,0.6402652951673745
"NH-02, USA",0.0790661283357481,0.08134296544510054,0.14113760075309442,0.777519433801805
"NH-01, USA",0.06604802524702262,0.08002265102643101,0.1297021165221855,0.7902752324513835
"ME-02, USA",0.1276815714654942,0.11730951765549742,0.24249725844456646,0.6401932238999362
"ME-01, USA",0.08095294952205065,0.08367307815699532,0.14632223106603578,0.7700046907769689
"NE-02, USA",0.08022038965284237,0.11195720532684716,0.09715243807415834,0.7908903565989944
"NE-03, USA",0.13564245257005683,0.11459453073146193,0.11866237495794565,0.7667430943105924
"NE-01, USA",0.07882056101401892,0.09498260845121569,0.09512451306309033,0.809892878485694
"VT-00, USA",0.09949183662585612,0.057229373544195224,0.23622165011646706,0.7065489763393377
"WY-00, USA",0.09385093625489502,0.15392001774529818,0.1007337446661954,0.7453462375885064
"RI-02, USA",0.08532333515658348,0.04928834020790186,0.19776763570912204,0.7529440240829761
"RI-01, USA",0.10664784970384855,0.06378980925352558,0.24447569613943204,0.6917344946070425
"MT-02, USA",0.13107725715762128,0.10803059873705095,0.20418406818102994,0.6877853330819191
"MT-01, USA",0.1017016066016568,0.11925108495238458,0.19199628371717492,0.6887526313304405
