longname,Silent %,Boomer %,Gen X %,Millennial %,Gen Z %,Gen Alpha %
"AZ-03 in Maricopa County, USA",0.026646492067980785,0.14364332602502455,0.18612312729247962,0.23525360568900874,0.25550711218157834,0.15282633674392787
"AZ-01 in Maricopa County, USA",0.08509651437175213,0.2622592400052746,0.18864593038207875,0.2102180822421677,0.15375517088416807,0.10002506211455868
"AZ-04 in Maricopa County, USA",0.05619803707135256,0.19501944318482275,0.17470392802088633,0.2441032451600293,0.21385252466171228,0.11612282190119687
"AZ-08 in Maricopa County, USA",0.09713252830562728,0.24904188929739327,0.18355112185306333,0.18319635356131816,0.17305179729016013,0.11402630969243789
"OH-03 in Franklin County, USA",0.047227118909435546,0.18480175026035509,0.169057344900649,0.2601775017351474,0.20509361140892704,0.13364267278548594
"OH-11 in Cuyahoga County, USA",0.07020085399492766,0.2338730128316518,0.1736092924129999,0.21707420569371647,0.1904444570548936,0.11479817801181065
"NY-08 in Kings County, USA",0.069692147119286,0.21605768346977722,0.18037604279713348,0.22701561919144492,0.17943101868391037,0.1274274887384481
"NY-09 in Kings County, USA",0.060260931533596955,0.20735110037681323,0.1797803213919587,0.23473065834409643,0.18422383162581654,0.13365315672771794
"NY-06 in Queens County, USA",0.07672082012210749,0.24111959056647933,0.2048800030580936,0.21897082117450115,0.1473754829119512,0.11093328216686739
"NY-12 in New York County, USA",0.08932266319369644,0.2232386938527962,0.187777117233095,0.3019375779425336,0.11857599719003649,0.07914795058784219
"NY-15 in Bronx County, USA",0.052157803416764174,0.18218252431696055,0.18418692461074873,0.22083130505098303,0.218669125886641,0.14197231671790256
"NY-05 in Queens County, USA",0.0639676908995062,0.2320867947937979,0.19350226126842554,0.2041468989737303,0.1875491737368645,0.11874718032767562
"NY-04 in Nassau County, USA",0.06921349521904771,0.2389674105200515,0.19902415776793705,0.1856196275416959,0.19100713950783652,0.11616816944343135
"NY-01 in Suffolk County, USA",0.08244508811558952,0.2615185494023638,0.20070237652550998,0.159141530304524,0.19469251859292896,0.10149993705908375
"MI-13 in Wayne County, USA",0.05853152085332774,0.21847289924529248,0.18035097683729592,0.2106501819772856,0.20080653985889516,0.13118788122790312
"MI-11 in Oakland County, USA",0.06789597868116097,0.24507812352539232,0.19372272768430837,0.21324949315648464,0.1753857625615932,0.1046679143910604
"NV-03 in Clark County, USA",0.06002841563687394,0.21772656808870686,0.2069969834886248,0.23169450227168936,0.16685791396342678,0.11669561655067827
"NV-01 in Clark County, USA",0.06307198593642684,0.22029959142440228,0.19643522694770124,0.20886708214553268,0.19215635245626236,0.11916976108967466
"MD-08 in Montgomery County, USA",0.0747282141911882,0.23018487509456728,0.2021775331548491,0.18814091818727055,0.18491130802962946,0.1198571513424955
"WA-07 in King County, USA",0.04964529016662261,0.18976609281796675,0.1933579492986825,0.317719465407273,0.15961375752109527,0.08989744478835977
"FL-10 in Orange County, USA",0.04653520520779086,0.1799628904938246,0.18707676174768867,0.2531092555351793,0.22133316897552158,0.11198271803999503
"FL-13 in Pinellas County, USA",0.11992183051561214,0.3084320419951179,0.18268798523556756,0.16582396735292415,0.13845143466428655,0.08468274023649174
"FL-25 in Broward County, USA",0.06405493623320038,0.2181073764373383,0.2250239045141096,0.1946594720397908,0.18753316324000274,0.11062114753555811
"FL-22 in Palm Beach County, USA",0.12745381634200875,0.24978929023777485,0.1859303568070697,0.1774271487013153,0.1596262236322362,0.0997731642795952
"WA-09 in King County, USA",0.0532166087881249,0.20293101928394525,0.20146032583149745,0.24198761576146638,0.1785657302296169,0.12183870010534908
"FL-27 in Miami-Dade County, USA",0.08652586182725863,0.22278579999581752,0.21526898305203443,0.2143256018901119,0.15904327629254222,0.10205047694223535
"TX-18 in Harris County, USA",0.03402744927276798,0.16864851078050447,0.1822916145028087,0.2562803660921914,0.21784639563625063,0.14090566371547678
"TX-20 in Bexar County, USA",0.042652976041836516,0.1611634412875218,0.17610813971437145,0.2424805564405449,0.23305681735390638,0.14453806916181886
"TX-29 in Harris County, USA",0.031128791321045013,0.15829813287757652,0.1903446074304947,0.21617914911183528,0.24695399710533933,0.15709532215370908
"TX-38 in Harris County, USA",0.04982302271942752,0.20589019758973612,0.20382670208029408,0.2109801873784116,0.18977485204204145,0.13970503819008923
"TX-16 in El Paso County, USA",0.05200441188931857,0.17682892908981485,0.17593395500223002,0.2152332673525496,0.23754936465521512,0.14245007201087193
"PA-02 in Philadelphia County, USA",0.05215542561185025,0.19893452441454298,0.18058991889779433,0.24383482723997002,0.18934984489906886,0.13513545893677345
"PA-03 in Philadelphia County, USA",0.06019052027669882,0.19702389139684878,0.16027316046489704,0.28013247079452647,0.19199305092574365,0.11038690614128518
"CA-41 in Riverside County, USA",0.07584785100729625,0.22987728354254083,0.18907093064631916,0.1896845722882304,0.1930719804441944,0.12244738207141884
"CA-52 in San Diego County, USA",0.04888327774418601,0.18374663541198102,0.1900035640005625,0.23317196575348334,0.21867770719498975,0.12551684989479744
"VA-11 in Fairfax County, USA",0.050431826512822416,0.2116043017233533,0.21378312069340233,0.20548909630139384,0.1981133467123633,0.12057830805666465
"CA-27 in Los Angeles County, USA",0.04558324484206224,0.20089016046323757,0.1993808244117115,0.2008411125015668,0.21879577357496288,0.13450888420645893
"CA-14 in Alameda County, USA",0.059018967365527066,0.21489246032327808,0.21020696103115707,0.22927451670517324,0.16943724767928361,0.11716984689558094
"NY-25 in Monroe County, USA",0.07227545919659423,0.24089837340658676,0.17844576970993253,0.20219793980936263,0.1965454111575776,0.1096370467199463
"CA-50 in San Diego County, USA",0.06079515233126049,0.19781091026742728,0.19678677379463744,0.2636431490485361,0.17537778152515995,0.10558623303297865
"CA-11 in San Francisco County, USA",0.06728202767461808,0.2011599407124468,0.19910551059321957,0.332364356585381,0.12176633475877219,0.07832182967556249
"CA-12 in Alameda County, USA",0.054121569257452214,0.20412827735943564,0.1950634700993549,0.264063116040437,0.17844827698317514,0.10417529026014517
"CA-47 in Orange County, USA",0.06732084143522589,0.215997368931001,0.20380110504987303,0.2247274698986451,0.18420756285466483,0.1039456518305903
"CA-51 in San Diego County, USA",0.052521089505475856,0.19869937692449216,0.18277256413745505,0.2508145904069245,0.19574137091215535,0.11945100811349703
"CA-30 in Los Angeles County, USA",0.06704472341886857,0.21453353840298725,0.2085158218724139,0.28895611872436616,0.13607930635948023,0.08487049122188392
"CA-44 in Los Angeles County, USA",0.04792022520260393,0.19505457191077288,0.1977467298946997,0.2235167575303527,0.2095752749221198,0.12618644053945105
"CA-34 in Los Angeles County, USA",0.05109907270165188,0.17728824702652307,0.19643251536864909,0.2735723486958665,0.1927984784818231,0.1088093377254864
"CA-46 in Orange County, USA",0.04262365243073755,0.17236201096307688,0.19302831268881504,0.24279757647480002,0.21993818717528202,0.1292502602672884
"CA-36 in Los Angeles County, USA",0.07242664309474875,0.22083666782557632,0.20183799584918394,0.23407906243564633,0.16896977184485998,0.10184985894998475
"CA-29 in Los Angeles County, USA",0.04489294782184015,0.18554015191132553,0.20030464259617323,0.24999535753006102,0.20158044819186657,0.11768645194873342
"CA-31 in Los Angeles County, USA",0.05907833504023471,0.2116926415145821,0.2008471697580736,0.20996598935072447,0.20701557548586177,0.11140028885052332
"CA-33 in San Bernardino County, USA",0.03548267980121122,0.1675938744744289,0.1878148327487666,0.2287136784512389,0.23515935957873452,0.1452355749456199
"CA-06 in Sacramento County, USA",0.055252419866125495,0.20720856136473176,0.1806994032658127,0.23444852424639417,0.1885046474476369,0.1338864438092989
"CA-39 in Riverside County, USA",0.03623139953621801,0.16038209415232121,0.18520030301696952,0.22802375493497903,0.2541753365891786,0.13598711177033357
"CA-32 in Los Angeles County, USA",0.06922598906764439,0.22421163197777436,0.2090236637576116,0.21947664930825167,0.17120200819280146,0.10686005769591655
"CA-37 in Los Angeles County, USA",0.045438095801474974,0.17627594998960755,0.1912375862116235,0.24887297157635718,0.21929630638730985,0.11887909003362689
"CA-43 in Los Angeles County, USA",0.04422325725225648,0.17943559329264597,0.19803535848396134,0.22588948608882378,0.21019782446538354,0.14221848041692892
"CA-42 in Los Angeles County, USA",0.0421487842204183,0.18246903560135802,0.19754890822339022,0.2413084236501832,0.2137388421458671,0.12278600615878311
"IN-07 in Marion County, USA",0.04825686128728796,0.19751137332183968,0.17371969591547462,0.24276204246392954,0.20183413319115875,0.13591589382030947
"IL-07 in Cook County, USA",0.05215545120613749,0.19353565667101158,0.17845069515345988,0.28780612350618,0.17739248201479427,0.11065959144841674
"KY-03 in Jefferson County, USA",0.06358824422944025,0.23051813523053988,0.18113538365021314,0.2168730523550265,0.18644681947774064,0.12143836505703959
"NY-02 in Suffolk County, USA",0.06042396367740463,0.23090653725984056,0.20675325934503644,0.19625709130704583,0.19256239735609343,0.11309675105457916
"NC-02 in Wake County, USA",0.04436068102856585,0.19069594667263082,0.21800959376313273,0.22710109737571985,0.1986343431929576,0.12119833796699327
"CA-09 in San Joaquin County, USA",0.05061443796391118,0.18910597800242207,0.1848954047061838,0.2088121376619308,0.22443465519699904,0.14213738646855326
"TN-09 in Shelby County, USA",0.046280549217843366,0.2011362020284541,0.17698483605104778,0.22638449457770712,0.20928090860986956,0.13993300951507795
"WI-04 in Milwaukee County, USA",0.04745037132629747,0.186921023046451,0.17163841168178168,0.23540748929325866,0.21706193346664396,0.14152077118556713
"MD-04 in Prince George's County, USA",0.0482282011988598,0.20537394083634333,0.19266054898755353,0.22576778625249602,0.19620756209492876,0.13176196062981857
"CA-23 in San Bernardino County, USA",0.05222967244861667,0.20145715913089068,0.16977743693151093,0.2058095146714956,0.22062150994776783,0.15010470686971827
"HI-01 in Honolulu County, USA",0.08567535259664807,0.22539813362639188,0.18797543350476617,0.21856725637581773,0.1694292350813354,0.1129545888150408
"CO-05 in El Paso County, USA",0.047751162278352535,0.1971700965349797,0.17857435679745046,0.22857496112184614,0.21577108644598256,0.1321583368213886
"NV-04 in Clark County, USA",0.04336808769097024,0.19490716653860865,0.19398332752366573,0.2194298255370084,0.2105975789659248,0.13771401374382214
"IL-04 in Cook County, USA",0.048020936099153394,0.18016652357630109,0.19841511621074057,0.21912372004505778,0.22556814349799081,0.12870556057075636
"CO-01 in Denver County, USA",0.04394983005910558,0.17067732736829191,0.189428377317067,0.32318526748609,0.16308127654728805,0.10967792122215754
"TX-30 in Dallas County, USA",0.03758632574729829,0.18214075949390393,0.1880822651773794,0.23225875873476237,0.22085083717237655,0.13908105367427942
"IL-05 in Cook County, USA",0.063933155471364,0.2039034109377888,0.18771664940445218,0.27977556385556546,0.15340288212633182,0.11126833820449775
"CA-26 in Ventura County, USA",0.062038997093583105,0.21711875938349962,0.19553855692209723,0.1952796664955458,0.20909725837791063,0.12092676172736352
"TX-37 in Travis County, USA",0.03464384729492912,0.17240976581646958,0.1951276244143349,0.3057875357227134,0.18504450392074245,0.10698672283081055
"NY-16 in Westchester County, USA",0.0754132656458181,0.22099454076410766,0.20909693722075323,0.18406777479059072,0.1948259059794783,0.11560157559925191
"CA-10 in Contra Costa County, USA",0.0715694409994724,0.23522662355311103,0.2148348758971472,0.17507678910336796,0.1880262108599145,0.11526605958698682
"CA-07 in Sacramento County, USA",0.05484244575800544,0.20457158729518451,0.1916905525997625,0.22613293617864358,0.19850069416359387,0.12426178400481
"CA-38 in Los Angeles County, USA",0.06808822497104985,0.21892323646782538,0.19646706297272068,0.20768464193050526,0.19686048048527913,0.11197635317261977
"CA-40 in Orange County, USA",0.07079795550967773,0.23987059117404783,0.21261677152682645,0.18301007568894184,0.17969742311813675,0.11400718298236934
"FL-24 in Miami-Dade County, USA",0.06619750076468531,0.21714360434878258,0.20348003874139697,0.21480362700991587,0.1740755074894642,0.12429972164575492
"FL-28 in Miami-Dade County, USA",0.06193205662830604,0.20474417872086467,0.2175706537224432,0.19830864396991202,0.19903488012347034,0.11840958683500372
"MI-10 in Macomb County, USA",0.07373995256944002,0.24854759553206837,0.19052375810350267,0.2040651303168306,0.17557211065352732,0.10755145282463116
"CA-28 in Los Angeles County, USA",0.08165680594759878,0.2355131642185711,0.21006364537185618,0.20331138335197485,0.16836509948780487,0.10108990162219414
"TX-03 in Collin County, USA",0.039309745136952755,0.18612930947426026,0.24115520846909871,0.18527094698588245,0.21283466979114746,0.13530012014265827
"MI-12 in Wayne County, USA",0.06084177581555894,0.2183195968767364,0.18373560194535685,0.20454322596862712,0.19685697760060764,0.13570282179311316
"TX-26 in Denton County, USA",0.03549262770720172,0.19006703300848485,0.22976367196520578,0.21957720293967103,0.19179675403853835,0.13330271034089816
"MA-05 in Middlesex County, USA",0.06983159805009434,0.21487438099104564,0.19372044018132895,0.2271722149252102,0.18596396384126054,0.10843740201106047
"CA-45 in Orange County, USA",0.06899657153702154,0.2196053577457351,0.20438290307602103,0.19638460549469944,0.19843046046391458,0.11220010168260827
"GA-07 in Gwinnett County, USA",0.035280578370558396,0.18207790665089352,0.21129433922157964,0.21034061405127896,0.2230468741310198,0.13795968757466964
"OK-01 in Tulsa County, USA",0.05707789596793081,0.20715658008824667,0.18041399203569677,0.21416768803421202,0.20222470960689526,0.13895913426701847
"PA-12 in Allegheny County, USA",0.07805809186363102,0.24054714631342144,0.1660908261433266,0.22860576601194973,0.19029910998255592,0.09639905968511528
"TX-32 in Dallas County, USA",0.03635163474674687,0.16398245200766864,0.18113493290614452,0.2736055889577385,0.20304839153533447,0.14187699984636695
"CA-17 in Santa Clara County, USA",0.05231555577921903,0.18143150603191013,0.19868400593168414,0.28735814370045115,0.16108451556802914,0.11912627298870637
"MN-05 in Hennepin County, USA",0.04802170698927802,0.18273538753645557,0.17083536782271144,0.2849319454522308,0.19336952719916095,0.12010606500016317
"TX-12 in Tarrant County, USA",0.046285240272404674,0.18914881764222832,0.1839571002648336,0.23505547799608778,0.20588729081040183,0.13966607301404382
"PA-01 in Bucks County, USA",0.07720856005916286,0.2703030372148782,0.2002944314015101,0.16972155953675347,0.1817566434768768,0.10071576831081851
"CA-15 in San Mateo County, USA",0.06795098159236666,0.21672353711371725,0.20523875041998474,0.2351767389894495,0.16288173823894925,0.11202825364553243
"CA-16 in Santa Clara County, USA",0.0694160439396849,0.21122409985129817,0.213150733950365,0.20545014178402993,0.18571577422127747,0.11504320625334462
"AZ-05 in Maricopa County, USA",0.06090247787170678,0.19919260198525524,0.218279106496147,0.1782430085481955,0.2114754782583486,0.13190732684034698
"NJ-05 in Bergen County, USA",0.07988544057347012,0.24328920443011195,0.21040657795821893,0.164323892223249,0.1900286094220451,0.11206627539290483
"MN-03 in Hennepin County, USA",0.06353236088900018,0.24336839794824527,0.2001923876195214,0.19796576392443369,0.1657997726650922,0.12914131695370726
"MO-05 in Jackson County, USA",0.061860697270358755,0.21905780981184586,0.17645027609932004,0.22691115761510922,0.18787076956118653,0.12784928964217973
"PA-04 in Montgomery County, USA",0.07936637424643807,0.24666976606394864,0.1997753007782473,0.18313774965588547,0.18042720098079085,0.11062360827468976
"NY-26 in Erie County, USA",0.06994098266706868,0.23134136056741406,0.1699045439804038,0.22178923808680343,0.19390543200312346,0.11311844269518653
"IL-09 in Cook County, USA",0.07429483697704779,0.2247253629612708,0.19852982457817986,0.21327520297750877,0.17479982274976072,0.11437494975623204
"FL-19 in Lee County, USA",0.13669206405110784,0.31160852296679453,0.1636256188522326,0.15739896081740612,0.1438034823481764,0.08687135096428253
"CO-06 in Arapahoe County, USA",0.04975086906228075,0.20751047817197543,0.19993572999869993,0.23012041660679988,0.1898116586465305,0.12287084751371344
"KS-03 in Johnson County, USA",0.05616091110692497,0.21506095968959926,0.19716799360162846,0.2097317377064351,0.1910505425065358,0.1308278553888763
"FL-08 in Brevard County, USA",0.10421179142016045,0.29608376705736406,0.17982356256015486,0.164734786966836,0.1628081712443874,0.09233792075109741
"IL-10 in Lake County, USA",0.05582288755467624,0.22017991211005933,0.1990458554942122,0.17858522722391415,0.2241599241718142,0.1222061934453239
"GA-04 in DeKalb County, USA",0.044179151588029576,0.1986271529913694,0.19718768502398124,0.24287688320681552,0.1847968332416145,0.1323322939481898
"OR-03 in Multnomah County, USA",0.04647670260866535,0.197525030057564,0.21433279386105314,0.2654293884804369,0.16633137290518896,0.10990471208709164
"MA-06 in Essex County, USA",0.07532482965436585,0.25936844667719083,0.19587834159755668,0.17732479874811524,0.18561635255162093,0.10648723077115047
"PA-17 in Allegheny County, USA",0.08173746148872356,0.26473875696344046,0.18758291767614957,0.20326587868398285,0.15322074090641366,0.10945424428128986
"NY-03 in Nassau County, USA",0.08496045976907933,0.2544088587585954,0.19998704477781548,0.16270763119818535,0.18453411309974913,0.11340189239657528
"MD-02 in Baltimore County, USA",0.07424368885129311,0.2380070792441199,0.18430141227274818,0.2016247142938164,0.18432778545547468,0.11749531988254784
"CA-21 in Fresno County, USA",0.04229584681917133,0.1616164156849166,0.16744136325914652,0.22864847250881598,0.23522050650870943,0.16477739521924006
"NE-02 in Douglas County, USA",0.04963448410511227,0.1976671256852884,0.17999865231671927,0.22524798236262808,0.20487550343745553,0.1425762520927964
"CA-25 in Riverside County, USA",0.07845842395700615,0.21847918063878916,0.18297223912520783,0.19954583923666158,0.19828867642408718,0.12225564061824805
"FL-14 in Hillsborough County, USA",0.05246710249516885,0.20872097140054657,0.20849970095325815,0.23881731495320047,0.17506993534517196,0.11642497485265395
"PA-05 in Delaware County, USA",0.06867253429706056,0.23454258097904981,0.183584458853111,0.19470170749089924,0.1995232477700163,0.1189754706098632
"TX-15 in Hidalgo County, USA",0.047331939478636224,0.14889874956749286,0.17812662140938082,0.19639143646938229,0.258013004338219,0.17123824873688878
"NY-13 in New York County, USA",0.05995301516870925,0.19141312654460593,0.19073552595595822,0.2816894953238013,0.1742090519634481,0.10199978504347706
"AZ-06 in Pima County, USA",0.10558008780241375,0.2724207699144136,0.16542505279773972,0.17736108017745356,0.173708941382744,0.1055040679252352
"DE-00 in New Castle County, USA",0.06298915529511903,0.2305547709380905,0.19122685877160686,0.20801907918140788,0.19356955907721246,0.11364057673656318
"CT-01 in Capitol Planning Region, USA",0.07336349740149752,0.23443018614491312,0.19100890889744712,0.20136724047824195,0.1911562314191029,0.10867393565879736
"NC-12 in Mecklenburg County, USA",0.038665319880820705,0.1866791637776146,0.20895583968671988,0.22857071950993244,0.2083782162437887,0.12875074090112376
"TX-07 in Harris County, USA",0.03880187212683373,0.15991143899593732,0.1852913535568713,0.30334185333109814,0.18283406574884017,0.12981941624041943
"GA-05 in Fulton County, USA",0.048175532163178415,0.17679280959334526,0.17835939572427353,0.2884966251920049,0.2007605634809134,0.10741507384628433
"FL-23 in Broward County, USA",0.08280257678723185,0.263716272648875,0.2041393745551085,0.19577905461073858,0.15397532829146235,0.09958739310658384
"WI-02 in Dane County, USA",0.0514425517665993,0.2031688251835376,0.17948994912453178,0.22830051451552974,0.22817809654457308,0.1094200628652286
"MA-02 in Worcester County, USA",0.060854845354668334,0.2315968495648617,0.2010321685465113,0.1936397348619494,0.20357882927905646,0.10929757239295289
"CA-35 in San Bernardino County, USA",0.03594931083122192,0.17012146998635316,0.19427024391907594,0.24309913767438115,0.22237605813499456,0.13418377945397322
"IL-03 in Cook County, USA",0.042348690980286624,0.18078341394759856,0.19824354950656,0.2650889097561348,0.19493549829170093,0.11859993751771919
"MI-03 in Kent County, USA",0.05437532004141548,0.20227866593924074,0.17487584167540607,0.23116630873523084,0.20440780683333382,0.13289605677537308
"MD-07 in Baltimore city-County, USA",0.05392869232225739,0.2161263996861663,0.1687354511362665,0.265729490531531,0.17845066631853138,0.11702930000524735
"FL-26 in Miami-Dade County, USA",0.07816925203317332,0.22095179428070316,0.23160828705571038,0.19699841184671654,0.17214407277070887,0.10012818201298772
"PA-11 in Lancaster County, USA",0.07909097514896109,0.23195938090393767,0.17468391222206126,0.18973804679552383,0.19616879813980553,0.12835888678971044
"MN-04 in Ramsey County, USA",0.05707009170277645,0.20848502615498782,0.16803319988640236,0.23514204311221396,0.19919565396630576,0.13207398517731356
"NC-14 in Mecklenburg County, USA",0.04568726270097015,0.17799245628514662,0.20175020120420992,0.26375356955816676,0.17808892912832477,0.13272758112318192
"OH-01 in Hamilton County, USA",0.05654134882922801,0.21485339963893085,0.1691396001944501,0.2304689694794282,0.2046636512053949,0.12433303065256794
"NJ-06 in Middlesex County, USA",0.05283272245360304,0.20765651705894855,0.19798154565244433,0.21436924858204262,0.20704074969333036,0.12011921655963104
"NC-06 in Guilford County, USA",0.06057563223569254,0.21698757724571408,0.1930407456814313,0.19707488612752433,0.21290122077450296,0.11941993793513486
"OH-13 in Summit County, USA",0.07180238527324084,0.25276052737218524,0.18741247615929302,0.19383536175904179,0.18133922344501172,0.11285002599122737
"WA-05 in Spokane County, USA",0.061443863045813535,0.2301266094299476,0.17958255954632052,0.21558035437093226,0.19236015857694752,0.12090645503003854
"MA-07 in Suffolk County, USA",0.04601527201463965,0.1631019615758624,0.16045403107457107,0.2942114430145152,0.24115759284426175,0.09505969947615009
"OH-10 in Montgomery County, USA",0.07471611680618338,0.2378183893638923,0.1756606532670819,0.1972186161720161,0.19330916036229623,0.1212770640285299
"OH-15 in Franklin County, USA",0.041239920243720654,0.19576873522908123,0.1997906929694603,0.243444474328615,0.18502235741461376,0.1347338198145092
"MO-02 in St. Louis County, USA",0.08609804574663583,0.2571805474239706,0.18952842895493907,0.17913265432493145,0.1755051275966884,0.1125551959528346
"FL-20 in Broward County, USA",0.0733618565103937,0.22212800959289236,0.18883452138605814,0.20717854678807004,0.18512724248112675,0.12336982324145895
"FL-05 in Duval County, USA",0.05484520480722483,0.21632390319109807,0.18333882467262777,0.2366945933865813,0.18785734858172967,0.12094012536073845
"PA-06 in Chester County, USA",0.06587516593805363,0.23972115243423045,0.2014856824638978,0.17625823199656118,0.20231437645271028,0.1143453907145467
"OK-05 in Oklahoma County, USA",0.05682497621464682,0.21267589569758924,0.17603741469783085,0.22541721580255797,0.19426054244708232,0.13478395514029276
"NJ-04 in Ocean County, USA",0.09616237292601786,0.24663919609181617,0.15797839375363085,0.16312435915789975,0.18693708520811853,0.14915859286251698
"TX-09 in Harris County, USA",0.04319855345138109,0.17458019186602872,0.18689052499847628,0.22684367376371728,0.21631971198466124,0.15216734393573547
"KS-04 in Sedgwick County, USA",0.056939248790028714,0.21434404102469493,0.1739975829399364,0.2055461729562104,0.21057242822311578,0.13860052606601386
"NJ-01 in Camden County, USA",0.0636634343449847,0.22784989850228482,0.1927669927128875,0.20581779529311509,0.18539353868233321,0.12450834046439486
"CO-07 in Jefferson County, USA",0.0627639780751286,0.2455588388075557,0.19288176761571516,0.23006753739399946,0.16667582955269747,0.1020520485549037
"NJ-08 in Hudson County, USA",0.04822961189702987,0.16953663438995573,0.19402029069020094,0.3206832155997781,0.14913190433830645,0.11839834308472891
"IL-01 in Cook County, USA",0.07237632370185769,0.22934794182246593,0.18426856400186933,0.19806205784627262,0.204827365448544,0.11111774717899058
"CA-49 in San Diego County, USA",0.060723548852868216,0.2040435563876958,0.18578177504070184,0.21240195319681052,0.2170398672610256,0.12000929926089808
"UT-04 in Salt Lake County, USA",0.03156651261490092,0.15533752172208623,0.1904589455808206,0.23883093744016026,0.2202417616171262,0.16356432102490578
"FL-18 in Polk County, USA",0.08633363102695867,0.2380916821011298,0.17651837296689976,0.19250446099539537,0.1882517418971833,0.11830011101243317
"FL-15 in Hillsborough County, USA",0.05181579943284866,0.207316348723198,0.19344664479622398,0.21410927558077267,0.21128066654560848,0.12203126492134815
"TX-24 in Tarrant County, USA",0.04383456096749659,0.20932268485182118,0.21698860695237093,0.19714146708168917,0.19978464447838268,0.13292803566823955
"WA-10 in Pierce County, USA",0.05002185742656863,0.19345737397347063,0.1812294614952847,0.234117827464374,0.20334896799126198,0.13782451164904
"WA-03 in Clark County, USA",0.056447812058151664,0.226532445507901,0.19786543241207316,0.2009550971411542,0.19158741092540937,0.12661180195531066
"CA-48 in San Diego County, USA",0.06785975967120249,0.24435815584390463,0.18492990003298534,0.19310565998533696,0.18691202656504838,0.12283449790152211
"CA-22 in Kern County, USA",0.031231746080965687,0.14143806845958795,0.17120584712793072,0.22969583494435228,0.25770464916932756,0.16872385421783578
"IN-01 in Lake County, USA",0.06614104955386393,0.23620103846347673,0.18856077027776408,0.18708272420224803,0.200838836517619,0.12117558098502812
"NY-11 in Richmond County, USA",0.06480577279239538,0.23797852634756914,0.20250048963304138,0.1929850991126026,0.1867965215004446,0.11493359061394696
"IA-03 in Polk County, USA",0.04994569119460966,0.19866999678851877,0.1899335407500141,0.22583258160128097,0.19968048830877688,0.13593770135679958
"CT-03 in South Central Connecticut Planning Region, USA",0.07256422283216485,0.2321465219040778,0.18205049608129348,0.20553924425479986,0.20608379246760233,0.10161572246006176
"AZ-09 in Maricopa County, USA",0.0459938868933849,0.19168090850074126,0.20173124897490718,0.20555809654578172,0.21715583480344816,0.13788002428173665
"NV-02 in Washoe County, USA",0.05886301010092627,0.23671309285097925,0.1869275759862261,0.21374943200530266,0.18727358376514794,0.11647330529141768
"NM-01 in Bernalillo County, USA",0.07327964789660403,0.24797172815393184,0.17845725480083482,0.21712962327867708,0.1772113448543241,0.10595040101562811
"IL-02 in Cook County, USA",0.0577286562799237,0.22003380468983275,0.18627273192109498,0.1956132970216029,0.21397268096049865,0.12637882912704695
"TN-02 in Knox County, USA",0.06197561364744292,0.2209968557205452,0.18513186672142568,0.2030858070072604,0.21616554109843583,0.11264431580489015
"OH-07 in Cuyahoga County, USA",0.08655370805859224,0.269851294650646,0.18994127796557328,0.1765329787069606,0.16978086679624166,0.10733987382198619
"NY-22 in Onondaga County, USA",0.07097452493673911,0.2425893502394539,0.1775037345587323,0.1942644762873952,0.2000185411096436,0.11464937286803584
"AZ-07 in Pima County, USA",0.057837788313617994,0.19894042779796972,0.16417916029675533,0.20211405073905125,0.2579395178653932,0.11898905498721253
"TX-22 in Fort Bend County, USA",0.03965864798809227,0.191736094060862,0.23105565002029566,0.17997700351881643,0.2129858054781754,0.14458679893375823
"FL-07 in Seminole County, USA",0.06216114441720054,0.22406297204428105,0.2058551677214777,0.21557526819603615,0.18078573843237483,0.11155970918862987
"NY-07 in Kings County, USA",0.0413543353253344,0.1403924141164524,0.1655236873353776,0.3406913847790495,0.18330249177771166,0.12873568666607452
"MO-01 in St. Louis County, USA",0.0646725782395522,0.23173510591820498,0.17391453194575077,0.20373657646687288,0.2020806195194506,0.12386058791016852
"MA-01 in Hampden County, USA",0.06913879446237635,0.2369210642016876,0.1868057864090167,0.1905139781025809,0.20303046550781237,0.1135899113165261
"SC-04 in Greenville County, USA",0.06343814295984473,0.224035459382596,0.19054484449597292,0.20454559739674447,0.1916034070586386,0.12583254870620317
"FL-04 in Duval County, USA",0.051572398643422473,0.21651073475759008,0.1883069838338491,0.22352282444361868,0.1821148429816912,0.13797221533982845
"WA-01 in Snohomish County, USA",0.040966082207374827,0.20371691209026555,0.2106382646368881,0.23318063098271163,0.178842237907033,0.1326558721757269
"VA-02 in Virginia Beach city-County, USA",0.05690493774827489,0.21117734203269709,0.18561458556389263,0.23310419570945975,0.18952798814835517,0.12367095079732036
"CO-08 in Adams County, USA",0.0387001095064574,0.17674123327407174,0.19445465938831147,0.24117786124577514,0.21114163986335205,0.13778449672203213
"CA-24 in Santa Barbara County, USA",0.06599560818584113,0.1994656551644023,0.16481142675879237,0.19047874348543778,0.2561437369736698,0.1231048294318566
"NJ-10 in Essex County, USA",0.05235892842429765,0.19679816615405116,0.19809875036325833,0.22004375974762364,0.1987086923477665,0.1339917029630026
"CA-08 in Contra Costa County, USA",0.05167582934213424,0.21378968315051938,0.1972897162500234,0.22499563979811688,0.19288834677941935,0.11936078467978661
"MN-02 in Dakota County, USA",0.055191654258333445,0.2242929544375179,0.19569910728829865,0.20235716268644063,0.19064935541672517,0.13180976591268398
"IL-06 in Cook County, USA",0.07200277556775565,0.2603235068247622,0.1855126063696418,0.18710218647824273,0.17422534061990239,0.12083358413969521
"TX-36 in Harris County, USA",0.048111495066658155,0.20067365673931398,0.19273613104917356,0.20823942811572546,0.2147602643773436,0.13547902465178527
"NJ-03 in Burlington County, USA",0.0723706553002737,0.24699726236268604,0.20507098219958161,0.18338704647052667,0.18348407665384464,0.10868997701308732
"FL-17 in Sarasota County, USA",0.1771339929565661,0.34513760784094477,0.15349283544822676,0.12482764082210682,0.12782762218868193,0.07158030074347364
"MA-03 in Middlesex County, USA",0.0569629443512881,0.2397333997261071,0.20355590671753668,0.19587628771590707,0.19342308667810756,0.11044837481105346
"NY-10 in Kings County, USA",0.04420466436139269,0.16742242686878617,0.20194912372047946,0.281393329566594,0.15204037646357943,0.15299007901916817
"OH-09 in Lucas County, USA",0.0636114022800849,0.23624342550763744,0.18064896153168328,0.20017531979629538,0.19264074283647092,0.12668014804782796
"TX-02 in Harris County, USA",0.0345493099654728,0.18409472674368285,0.20433406290276127,0.208925722144263,0.21384732001113388,0.154248858232686
"OR-01 in Washington County, USA",0.04690014686453594,0.1905665834601109,0.207668116738255,0.2381047823365602,0.19591455580433112,0.12084581479620665
"CT-04 in Western Connecticut Planning Region, USA",0.06734286341867021,0.23457453934146122,0.2130392140727528,0.178508170222941,0.1898265295467613,0.1167086833974134
"TX-05 in Dallas County, USA",0.04506483147401014,0.19799374847058945,0.19647592253157714,0.19644376593233137,0.22273303532981958,0.14128869626167237
"VA-10 in Loudoun County, USA",0.03739760675909669,0.16408035670687343,0.2466157792650793,0.19702755192731783,0.20769991243327376,0.147178792908359
"FL-12 in Pasco County, USA",0.09501433942651792,0.2625960853131503,0.19415464839279448,0.17586697530936338,0.16717420875040465,0.10519374280776923
"TX-34 in Cameron County, USA",0.057346888243392194,0.17477258037367954,0.1777311196549799,0.18107014131774657,0.24865454128858047,0.16042472912162128
"NY-14 in Bronx County, USA",0.06764443819413381,0.20333455028764605,0.18965381091031525,0.21815153148214306,0.19496857630215508,0.12624709282360677
"MD-03 in Anne Arundel County, USA",0.06276741037757812,0.2325178835310091,0.19572564277432036,0.20387258357396226,0.1847484172760882,0.120368062467042
"WA-08 in King County, USA",0.044028837279373324,0.2169187282015384,0.2331552751183971,0.19116862592551964,0.18543599707866207,0.12929253639650934
"AL-01 in Mobile County, USA",0.06325744189548596,0.2323690644415172,0.18511866829787207,0.19519970177773674,0.1959663487022413,0.12808877488514683
"TX-31 in Williamson County, USA",0.04987473709741899,0.19184905245370046,0.21886599336910695,0.2051409942165268,0.19846208622675413,0.13580713663649263
"RI-01 in Providence County, USA",0.06418322616927585,0.2174473642288779,0.18669028006707583,0.2180333760517637,0.20268777825189085,0.11095797523111575
"WI-05 in Waukesha County, USA",0.07590567732130696,0.26610038190915114,0.19762565008437458,0.1676008802660538,0.18288218053348854,0.10988522988562498
"MI-08 in Genesee County, USA",0.06987496088648928,0.247827221767852,0.1866044952639884,0.18468331669128701,0.19241878087853034,0.11859122451185287
"CA-03 in Placer County, USA",0.0824644668148779,0.2466939774685893,0.1997377163839827,0.17514550495840916,0.1817275747508306,0.11423075962331036
"TX-33 in Dallas County, USA",0.028697961798571946,0.14865037611388707,0.19287600325238516,0.25116973759579486,0.2233325539303623,0.1552733673089987
"NY-18 in Orange County, USA",0.0554212269350225,0.21307783276463368,0.19416888246120173,0.17664841303916634,0.22432126384400777,0.1363623809559679
"FL-16 in Manatee County, USA",0.12320679593945678,0.3012760115899736,0.17361659878832097,0.15477782505622747,0.15234889469738427,0.09477387392863679
"GA-11 in Cobb County, USA",0.04395433577460126,0.18597660308809255,0.2031679970304675,0.24030229769202346,0.20862998233237687,0.11796878408243841
"UT-03 in Utah County, USA",0.03436553355365447,0.1203803217090947,0.1424532080438975,0.20314324050130025,0.34374440134040973,0.1559132948516433
"TX-08 in Harris County, USA",0.023979723015905705,0.14729116858222877,0.21265584302654503,0.22755033661010535,0.22521782755225567,0.16330510121295952
"OH-08 in Butler County, USA",0.057027563623236945,0.22086996880076323,0.18675708428950766,0.17705180104684975,0.2350024495268556,0.12329113271278676
"NJ-11 in Morris County, USA",0.07662485183682712,0.243903356324961,0.21340084802777756,0.17173105955855197,0.18944764210447032,0.10489224214741222
"FL-09 in Osceola County, USA",0.05028251707065692,0.18971632604231572,0.2087155661778819,0.213874230604395,0.20865772182651376,0.1287536382782366
"NJ-09 in Passaic County, USA",0.054174960415990715,0.19671793372443935,0.19055898929976905,0.20894321973982166,0.20869127260439005,0.14091362421558912
"AL-05 in Madison County, USA",0.06033248811327501,0.2312108627786543,0.19145673546182232,0.20432082773996552,0.196355348306551,0.11632373759973183
"CA-20 in Kern County, USA",0.05564506352951499,0.21248987664366537,0.17571495451185787,0.2096069866486277,0.20686210767176433,0.13968101099456987
"IN-03 in Allen County, USA",0.056369307482996525,0.2113272871550581,0.18335738360932247,0.20084119223023272,0.20648755103590744,0.14161727848648276
"MA-08 in Norfolk County, USA",0.07685455826661494,0.24143942311640487,0.19874605441957985,0.21768414224456012,0.16136097466994753,0.10391484728289266
"NC-13 in Wake County, USA",0.041470460613280094,0.1892374212121778,0.21877189307023745,0.20628326729146845,0.21155729546344584,0.13267966234939038
"TX-25 in Tarrant County, USA",0.045326363170887556,0.19308266211584105,0.19445400394679976,0.21547586383816666,0.22179894969417988,0.129862157234125
"OR-04 in Lane County, USA",0.07356280155151215,0.25157411203262653,0.1725925809130374,0.19444619637770277,0.21117015126191926,0.09665415786320178
"AL-06 in Jefferson County, USA",0.06323861580978976,0.2236812362976165,0.19014283412522479,0.2094028018097871,0.1798010929511469,0.13373341900643493
"PA-07 in Lehigh County, USA",0.06937061735554084,0.22770958839384461,0.1873892593666443,0.19643643353414306,0.20008751865811797,0.11900658269170922
"MI-06 in Washtenaw County, USA",0.05393800901696799,0.2022131581137943,0.1705920103971706,0.20351011925060902,0.27234304219285793,0.09740366102860011
"VA-08 in Fairfax County, USA",0.057363089640979546,0.20578252245404588,0.20355401204739476,0.21654483727931076,0.1747346649019765,0.14202087367629265
"MA-04 in Bristol County, USA",0.06629396881857486,0.24541578444244935,0.20532885994570982,0.19490884669367878,0.18238805106331832,0.10566448903626899
"FL-16 in Hillsborough County, USA",0.06579329329157468,0.21168826242585778,0.19795749479744304,0.2127377631067479,0.18659296166446532,0.12523022471391118
"TN-03 in Hamilton County, USA",0.07031608931037941,0.23808643267185922,0.18686438941168154,0.20905558434614388,0.18087836055733705,0.11479914370259882
"IL-14 in Will County, USA",0.04328616106066732,0.1847782202823387,0.22621538581191664,0.19203303878387976,0.22845659891292944,0.12523059514826818
"TX-33 in Tarrant County, USA",0.03557939218825836,0.15657484119612447,0.18247253411041886,0.23083899748906506,0.23759014646096424,0.1569440885551691
"LA-06 in East Baton Rouge Parish, USA",0.05411156830555102,0.2073062201353267,0.1674731576927414,0.21325354101914298,0.23216063482582924,0.12569487802140866
"CA-18 in Santa Clara County, USA",0.04706373133958537,0.18320747197992868,0.19933948131999352,0.23599050185543563,0.21806452720965883,0.1163342862953979
"AR-02 in Pulaski County, USA",0.06222230173004748,0.22939594725460866,0.17922869689537912,0.21444728165068183,0.19022918599409078,0.12447658647519223
"NY-14 in Queens County, USA",0.05238043457028892,0.18295405591721872,0.20026805990560526,0.2933998384366087,0.15945179417214306,0.1115458169981352
"IL-08 in Cook County, USA",0.05997472731799497,0.22120989110056363,0.1975799148489208,0.22548494460138807,0.1692220337427397,0.12652848838839276
"CO-04 in Douglas County, USA",0.04256699118452037,0.20602701422136993,0.23772546740374786,0.18320771962840318,0.2069602660641802,0.12351254149777864
"TX-27 in Nueces County, USA",0.057235146646179784,0.20837299206158463,0.18066719649788707,0.2083185033986567,0.2093947448761367,0.1360114165195551
"SC-07 in Horry County, USA",0.08165224073188079,0.32268858828817193,0.18156090064228056,0.16451654995432868,0.1575399069200987,0.09204181346323925
"TX-14 in Galveston County, USA",0.05313079528122103,0.22547786001847275,0.19450175127782848,0.1996299677927214,0.1953065604200469,0.13195306520970923
"IN-05 in Hamilton County, USA",0.04694744976816075,0.19631106271369048,0.21548756498524638,0.19649548030537206,0.2062315582408318,0.13852688398669855
"TN-05 in Davidson County, USA",0.048820875142351845,0.1969715863206465,0.1817222328949541,0.25623920267630873,0.18205538064620508,0.13419072231953372
"TX-23 in Bexar County, USA",0.046283612380785676,0.18224193333976937,0.20532717754292573,0.20872071019549285,0.21996531092506727,0.1374612556159591
"NY-10 in New York County, USA",0.07209451282984645,0.2072623329679008,0.18634806671302645,0.30603384559450414,0.1630444557181238,0.0652167861765983
"TN-04 in Rutherford County, USA",0.03814121187741172,0.17619452018057474,0.19659708875281218,0.22177624815626018,0.23714596462998533,0.13014496640295586
"TX-21 in Bexar County, USA",0.056493790172560884,0.19640912230303542,0.20148117249901873,0.2272506209466739,0.19292072267282173,0.12544457140588927
"TX-02 in Montgomery County, USA",0.04640182446378835,0.19232239894770292,0.21242987941025923,0.19880558322219383,0.20948976342168996,0.14055055053436566
"NY-17 in Rockland County, USA",0.06870737179963454,0.20762292524183823,0.17221570055128774,0.17292301291290862,0.21951944366019244,0.15901154583413843
"MI-06 in Wayne County, USA",0.06679653473026012,0.2601786332231541,0.2106189515888454,0.17497881937400822,0.17881221435986802,0.10861484672386433
