longname,"Agriculture, forestry, fishing and hunting %","Mining, quarrying, and oil and gas extraction %",Accommodation and food services %,"Arts, entertainment, and recreation %",Construction %,Educational services %,Health care and social assistance %,Finance and insurance %,Real estate and rental and leasing %,Information %,Manufacturing %,"Other services, except public administration %",Administrative and support and waste management services %,Management of companies and enterprises %,"Professional, scientific, and technical services %",Public administration %,Retail trade %,Transportation and warehousing %,Utilities %,Wholesale trade %
"AZ-03 in Maricopa County, USA",0.004991294540467581,0.0010433082803494513,0.08476444190822006,0.015869967666893258,0.11315840280616317,0.06402464732999737,0.11100976335234104,0.05756573724584228,0.01929673282925599,0.016043202982401184,0.07771687593568417,0.05250854850278195,0.08509118869419134,0.0013375048711529519,0.045634385166741225,0.03796143776587384,0.1171118776695059,0.06363134689152501,0.0068673111612557874,0.024372024399356273
"AZ-01 in Maricopa County, USA",0.002390893753964099,0.0012375886472199972,0.07643287159570301,0.027923591232079766,0.05386687263282325,0.07804521996002867,0.12980938544052173,0.09497581754918714,0.036582414135155006,0.02010517504720373,0.057180687081370675,0.04553882060483979,0.055347500170429664,0.00231111025439259,0.11728880997083191,0.028704326356776673,0.10529677406576073,0.0361276623756015,0.005511194856078308,0.025323284270031766
"AZ-04 in Maricopa County, USA",0.001986899990048917,0.0022515521411433505,0.07759088508120199,0.024996554036405688,0.06934300351292197,0.09725340942656126,0.1131140516976112,0.07865311230393439,0.021298672343699587,0.021058821549368716,0.08868503802712477,0.04315527795317604,0.05666676842436984,0.0013929767037077641,0.08051109427190717,0.0304957062619708,0.11715663938602541,0.042414265801250677,0.00858678147610397,0.02338848961146637
"AZ-08 in Maricopa County, USA",0.002065865830069774,0.0011004098551204162,0.06593101616438064,0.018496694486790338,0.0745555467781871,0.08180303493312831,0.13629859462606905,0.08621304266027921,0.025223238042917765,0.018623844776516355,0.06274567721689714,0.04521891066639797,0.05416780651738656,0.0026631052937063685,0.06700912713194343,0.041675414122209084,0.13537517090293597,0.04740709508680461,0.008473403745790843,0.02495300116246898
"OH-03 in Franklin County, USA",0.002170512047694795,0.0006200272973159857,0.07733656778881713,0.020153124926496454,0.039030754217555974,0.10125792203471246,0.16117535397578,0.08528990362842419,0.016845834365195548,0.020688438195861657,0.06777447205283148,0.037382101322483825,0.045008743341410924,0.0019754046041211295,0.08255761588406357,0.041658250153939654,0.11324886198994359,0.05595630834268718,0.007128526684937808,0.022741277145726636
"OH-11 in Cuyahoga County, USA",0.00188318804446587,0.0003821763972592501,0.07394306098282395,0.023168751735296277,0.0388259953508181,0.08230497035117913,0.20286144457652056,0.05476881290350469,0.018232977155183246,0.014416701656080786,0.11285000687891505,0.046731079805608026,0.04324650977334123,0.0014927034646575058,0.06879789190312965,0.042016291305350756,0.09975898549600837,0.04453604467378874,0.005317236831433044,0.024465170714635883
"NY-08 in Kings County, USA",0.0006645743333633406,2.374406228465266e-05,0.052728505774939295,0.023110254572039177,0.0497974267833423,0.0955300960688243,0.23472699825350476,0.04280554704169067,0.022982496149311638,0.036355166305514226,0.028714652520437357,0.0431904540635163,0.04051366845699704,0.00088149831231773,0.07370397624491824,0.04766122108583861,0.09647305829814176,0.08666753356302281,0.005368099472136254,0.01810102863785959
"NY-09 in Kings County, USA",0.0005689148233563382,0.00019670490803606875,0.05117509165029958,0.02954392810618638,0.04666075009525644,0.11610915419863226,0.2296127109506092,0.04000615509816476,0.028843211248019345,0.0389647409782988,0.02280119568667593,0.05085181337360787,0.03872900409048717,0.0013374368018236216,0.07948985759666646,0.04250844854406336,0.08411571253925071,0.07396520177423455,0.004444567654968792,0.020075399881362213
"NY-06 in Queens County, USA",0.0005053297983216823,9.389554394273236e-05,0.0977600527003613,0.018905980928280167,0.07049452866359415,0.07932899867512266,0.16929765778477787,0.05917699717463477,0.027280118154420753,0.02149762427515849,0.03585438443025939,0.07106783193668526,0.041512807944466816,0.0006013285958460269,0.0846389240471723,0.035173564834629065,0.09182436899678253,0.06922463890228353,0.003407818825823182,0.022353147787437105
"NY-12 in New York County, USA",0.00042358881776410884,0.00010938832107095116,0.02612885445377318,0.043074436002057,0.015145128528501453,0.0906266740492841,0.12458279043451147,0.16561609451906806,0.03827536147500471,0.06636755957731091,0.030999445947206532,0.036447157847828926,0.023103343085757132,0.0021792725039068116,0.21922160185853565,0.028330580759616517,0.05526248052750796,0.01450029348914683,0.0019084770910251056,0.017697470711122622
"NY-15 in Bronx County, USA",0.001385346406337658,0.0,0.08766350774492641,0.020063021765868057,0.04931931551505709,0.08321851478013056,0.2603554170626559,0.025387923170404364,0.03486343269187562,0.01661233766801646,0.0317502141701461,0.053547596883343304,0.05998197349161934,0.00039978674509546803,0.04103717231370948,0.03273395747972801,0.10394289568971397,0.07937625239957928,0.0028029400223632626,0.015558393999429567
"NY-05 in Queens County, USA",0.0006557088402184697,9.548196968120727e-05,0.05986237479298728,0.014256235776340234,0.06514987596181696,0.08592017347886835,0.2312678644878284,0.038923487384231945,0.02613830158373118,0.01891563022312759,0.027217852405339624,0.05444200373669272,0.040644189181671724,0.0005290729261668354,0.04755548910575754,0.06304858204389839,0.09565950613105637,0.10984909869460889,0.004873231142380255,0.014995840133596073
"NY-04 in Nassau County, USA",0.0017959045684871654,0.0,0.049206444334949175,0.017664374510596156,0.06475997086098824,0.13310669684759854,0.1795233654125608,0.07148236794085965,0.0228471557742294,0.024424490212491528,0.03889719507093131,0.03759320524140603,0.034918536815187584,0.0010897355868189447,0.08422673056239283,0.05393093607277075,0.09257503140326347,0.057051316998651125,0.0072317568608958995,0.027674784924921675
"NY-01 in Suffolk County, USA",0.004950313137610957,1.8025218897216543e-05,0.044156953965449545,0.019330727534859163,0.07588657571172677,0.13644426132780518,0.1529274808359503,0.06424071576092759,0.018787365652051902,0.0234359097911189,0.05493040551279661,0.03688350351457838,0.03936879116312818,0.0009733618204496933,0.09882184214780305,0.050245328086390664,0.10653112411725525,0.036613388380340055,0.00771648275712254,0.02773744356373793
"MI-13 in Wayne County, USA",0.0020808810875169305,0.0005362764531100731,0.08496067536097296,0.023265556962375686,0.04735096857389637,0.06870349630165418,0.15483499893254607,0.04074072043476275,0.015565357995425152,0.013139086484375841,0.16996121801760414,0.04430064001082235,0.05378440661659319,0.0014835911457296636,0.051857878992919194,0.03490597439967271,0.10465056299729672,0.05753472915134578,0.008196533995033594,0.022146446086346704
"MI-11 in Oakland County, USA",0.001598542041676308,0.00048004997288145224,0.0575354132808272,0.020582237792334854,0.04731909930469318,0.06945430633963746,0.1434779910729155,0.061379746195453326,0.02205393249915014,0.017556627033636838,0.18807749310678418,0.04100119817058373,0.03713182849503212,0.0020854467508153516,0.11536480378546274,0.025928169342473724,0.09556238914663696,0.026204635443455443,0.0050163025585796455,0.02218978766696985
"NV-03 in Clark County, USA",0.000822362395337572,0.001562964161081428,0.17034695466306823,0.10072511791579523,0.049988839482512606,0.06361571998208164,0.10836337126406584,0.03860876199503325,0.029153205334176053,0.018607833190415143,0.03462178004205055,0.039678474319787396,0.053412030988408035,0.0013089738051768683,0.0679648786843599,0.030076825901065096,0.10867452227856046,0.061240807682100246,0.0052932747527177195,0.015933301162206724
"NV-01 in Clark County, USA",0.0014133059677184977,0.0017365129107619307,0.15912862148281912,0.07885510258646711,0.07590470082084042,0.06609339191549099,0.08596138279892884,0.03300935289428039,0.024781307451968458,0.013030601708176515,0.042290287867218064,0.04938269323095814,0.06468618626324475,0.001178906597849629,0.05670265171177953,0.03590433696287571,0.12180516589058572,0.0637730186206305,0.006372876252459928,0.01798959606494569
"MD-08 in Montgomery County, USA",0.0013066925895665704,0.00024051847068009581,0.05517693721670967,0.021633500062200602,0.05878249607121946,0.0986548585189305,0.11998376953294126,0.04028342461458644,0.024550402869233504,0.02568782008963252,0.025984755455638848,0.07309395979237679,0.04043819605994407,0.0013951603073016623,0.18668412051592453,0.11968472140825692,0.0685273275713634,0.025141126459168578,0.0021476408153607634,0.010602571578963844
"WA-07 in King County, USA",0.003494009650818173,0.0001311940828522411,0.06810212934912704,0.025111528784201458,0.04207245662743953,0.0927313159636641,0.1243021678404018,0.033399266694260764,0.025637902796765064,0.042669869540053515,0.06472903135256551,0.04451878333491262,0.03163542728927282,0.0023636800593878774,0.1894320988545216,0.02831342606077632,0.12246699662716634,0.03501699161776501,0.004340467114029199,0.01953125636001899
"FL-10 in Orange County, USA",0.0027803865573601725,0.0006562174489350605,0.11996866977996705,0.0525222982926287,0.06654840597940465,0.07551645703298909,0.12514128786683898,0.04003127733262178,0.02733448122930213,0.01950656677721894,0.0463328667703795,0.043757103966796995,0.06941096021492682,0.0009755263225548026,0.08156978038857199,0.033371944413034434,0.11078107810000308,0.057167673950420675,0.006238934602144018,0.020388082973901128
"FL-13 in Pinellas County, USA",0.003109305459730274,6.129455207353587e-05,0.08472112599469225,0.021644680221318442,0.06212007103316983,0.06893742111971976,0.1512709442302672,0.06459456073182959,0.030267403834848806,0.017716645742453577,0.07289004531336149,0.05253337006059095,0.04704188759121577,0.002400678645131522,0.09511787080630137,0.034624300417191965,0.12343094057645246,0.034699755710773925,0.0075872101494596856,0.025230487809417793
"FL-25 in Broward County, USA",0.00305974876157391,0.0001540533455566372,0.07037782411152353,0.026655491103347816,0.06912919613775616,0.07539280167926375,0.13388791550632784,0.04647810439471046,0.031034879416671952,0.023835603171919125,0.04886127974801433,0.05026642990210662,0.05756581343346653,0.0009574930052652625,0.08618784957250976,0.04935504436698121,0.12304784316152162,0.06211882674801383,0.004806851185463157,0.03682695124800643
"FL-22 in Palm Beach County, USA",0.008661083291620348,0.0003789115730822219,0.07811868971483779,0.031883558595622925,0.09234653075149127,0.06823479871551878,0.14252166381079207,0.042293277484027926,0.03374466373966607,0.01796139069919839,0.038520617124991274,0.057144192937832704,0.07668278513815989,0.0013668884154892005,0.07816895747827539,0.03031040718626028,0.12638666142263577,0.04136316178882911,0.0070605998220854786,0.026851160309582872
"WA-09 in King County, USA",0.004659013092038545,0.00020325175783610073,0.0790090595964338,0.02382996502293872,0.06351664942954029,0.0668114320748782,0.12971205932914684,0.030743409198848812,0.022490433191134793,0.02556582291149213,0.09675120921888833,0.046562755554829874,0.04761534359932382,0.0023036508679879684,0.10718314861722371,0.030357163578716786,0.1200324431318032,0.070297037930745,0.004677060096515278,0.027679091799677834
"FL-27 in Miami-Dade County, USA",0.0024358887393216705,0.00038934160797957524,0.07454101166996008,0.0196426826430745,0.08494147208503236,0.08166572019606606,0.12604540491614316,0.05723422497943064,0.036355183066025844,0.02096097011480068,0.037716729087586456,0.06053517234240086,0.05238367593351458,0.0017253177137918434,0.10891956013946247,0.031031260712622098,0.09998389143102446,0.0678429314614187,0.005132765386741077,0.030516795773602844
"TX-18 in Harris County, USA",0.0016219808706819032,0.02364115963817654,0.07475921389400773,0.011871565397590015,0.11002390395284287,0.0806369928443632,0.10815620658429616,0.03649679721322815,0.02155560680835185,0.01258370534468272,0.09063684864605065,0.05404460941192946,0.06510659381224976,0.002370894298786762,0.06596984190394599,0.025377120019205047,0.1038413920859646,0.07108028753130655,0.008892988493943235,0.031332291248396926
"TX-20 in Bexar County, USA",0.0015266422356467778,0.006729110488173505,0.10348680018545256,0.017545988899081627,0.091071381178509,0.09098854849256031,0.14031350107651192,0.07782970701928874,0.016810958528372038,0.01535584172866157,0.05210051205556367,0.046728243349627795,0.05188051119888309,0.0013735702095632614,0.0585045697288819,0.04525396326543483,0.11571694547686623,0.04490983116807015,0.005116983195130269,0.016756390519720735
"TX-29 in Harris County, USA",0.0024046018478973974,0.013261030657931707,0.08633908397180395,0.009011655483834766,0.18581909697302662,0.06653634408959992,0.08232313270140357,0.02203523075947652,0.01667953362714348,0.007791523778911122,0.1023162851460554,0.06383048077049756,0.06096888023979972,0.0010380409232154046,0.03841866002435078,0.0217191081895597,0.11552254392993587,0.06857052413477445,0.00741471118347814,0.0279995315673039
"TX-38 in Harris County, USA",0.002253999574565151,0.0492707300182452,0.0530864346119045,0.01636846591893736,0.06997691890736342,0.09545790069803434,0.09914582935710313,0.05580832458967507,0.027338610518496943,0.013980990562420846,0.1019873106495154,0.04643901836369103,0.03643183519443257,0.0057742864912389644,0.11241514362688851,0.02128644690720253,0.09339313231756897,0.04393353124648316,0.012496995206710965,0.043154095239521906
"TX-16 in El Paso County, USA",0.001994985742669109,0.007265671983668969,0.08124210660044634,0.013464987584544924,0.0674547946203153,0.1239090605446474,0.14199231832244189,0.03185840048054582,0.016152313507525003,0.016874448038011455,0.06571600427925299,0.042571177130941655,0.06082764990165421,0.0013523262133512738,0.04613383292785143,0.0720821102792838,0.11588093208778974,0.06184575368326013,0.007319561740944266,0.024061564330854292
"PA-02 in Philadelphia County, USA",0.0015132116960268084,0.0006792072946971713,0.06464204140985462,0.019937171705412524,0.0550559593814996,0.07900267837975314,0.2092003692667757,0.04276232966866416,0.013158519846945518,0.01803768870156502,0.0778311600581874,0.050053475187203225,0.04721275672047243,0.0009799049199059602,0.06154940053226095,0.05910128959382445,0.10473241346370696,0.06337447993313498,0.0075819164375377016,0.023594025802571663
"PA-03 in Philadelphia County, USA",0.0008737870554369154,0.00021263024020514698,0.0633244912017298,0.023375761818786388,0.026950678896156044,0.1355558500056725,0.21292662725936537,0.049951706774408376,0.019878128621731887,0.023524315018028024,0.05147045396873394,0.04407899551227082,0.044623678366266135,0.0013994875483450335,0.09623522492403459,0.05307457805805343,0.08301486344596175,0.04897629903772342,0.005101849731804721,0.015450592515285836
"CA-41 in Riverside County, USA",0.00782392745668536,0.0007919491421526315,0.07956053844074848,0.031618909594377,0.09132300246920617,0.08761968347816121,0.12167470394025838,0.035960168420349416,0.024761362750541274,0.017494765434394016,0.0862194656527677,0.04684530888526621,0.04508346063162372,0.0007790765023166932,0.06418485373467182,0.05485186896469236,0.11839365655385027,0.04974602796793451,0.00809018184327938,0.027177088136723523
"CA-52 in San Diego County, USA",0.0033669826697474386,7.745720382525424e-05,0.10010456691129883,0.02206421432878394,0.07711302348012294,0.07103151266783442,0.14036689763013208,0.028368369680314538,0.01977649866933058,0.013855961725414251,0.08491464976397131,0.05568831260630595,0.05812364751477295,0.0008668895353358624,0.05577289042745009,0.06614366006291719,0.11894908130521252,0.05619866475730896,0.0059348655357036,0.021281853524217336
"VA-11 in Fairfax County, USA",0.00099950698812306,0.00022688335981846673,0.054666929563971456,0.019478138587598875,0.0395827218895771,0.09283021374066525,0.09223683448836342,0.05160286399986119,0.02359318115425747,0.026805771884895066,0.028854353432110062,0.057488609289069556,0.03439604838487891,0.0014387027555479597,0.24391132872228966,0.11785089979304914,0.07259233687563543,0.02936861621985697,0.002883939041651836,0.009192119828779067
"CA-27 in Los Angeles County, USA",0.004861470104158567,0.001085314275618428,0.05931083954950358,0.02446906193645213,0.07331897181654924,0.098967462114295,0.1391463814388782,0.03835502275373051,0.021516097343541905,0.03349489358458601,0.09945330722866677,0.04990690045696086,0.04821631988930512,0.0005794474522369574,0.06206363075668097,0.06034429058880324,0.10146665020632153,0.0492405382472222,0.00975982014426497,0.024443580112223747
"CA-14 in Alameda County, USA",0.0031131706230474276,0.0002676788880814323,0.057500806231425027,0.016725572615170776,0.055938150831339045,0.07168135415230674,0.12988827082077922,0.04085182176110731,0.019213303161981013,0.03188847663846677,0.12183678634333185,0.03920633450564759,0.04075537936010153,0.002284969717642122,0.15701972822713486,0.035659467922282355,0.09438787100272678,0.048605445403247974,0.006460910279790217,0.026714501514390056
"NY-25 in Monroe County, USA",0.004489049263827341,0.0003212199831003464,0.06160641498483251,0.01922233915536323,0.042572450385362406,0.14330177221387458,0.1742535677714239,0.03952359152216781,0.01592180382900717,0.022309615772604596,0.11186347088647848,0.042466223855217526,0.03914217311235322,0.0013812459273314895,0.08682748318152851,0.03156075128589457,0.1051465037519997,0.032635950282995194,0.005712362032801161,0.019742010801836244
"CA-50 in San Diego County, USA",0.004208939854723601,0.00029466739892423634,0.07176110282409436,0.02841282735811455,0.044628714765621934,0.09606292060348544,0.12728359105243298,0.04481613820133622,0.03231828002379429,0.027434562771612908,0.09814121184730709,0.041921843096746146,0.04013261677180391,0.002462960375884964,0.16387124471824005,0.035915154372811765,0.08500560749761421,0.028192929625028142,0.006918476327924942,0.020216210512498403
"CA-11 in San Francisco County, USA",0.0013118848801010525,0.00011397977663569621,0.06518930051559188,0.02532578732395671,0.02856917741333282,0.07446540482880418,0.11024800811223458,0.06433959388725569,0.025083673684082538,0.06782495619695092,0.049187457670009316,0.03857148498547245,0.033944042319924664,0.0023086492012681214,0.24193043939463785,0.030310135365634417,0.0840639664560652,0.036093091164378026,0.005105844718283617,0.01601312210538035
"CA-12 in Alameda County, USA",0.003521459253184299,0.00030270423379807725,0.06285331252084451,0.028319038739891472,0.053653953534577206,0.11659828832478772,0.12720930868528207,0.03848799202785675,0.021727488957882773,0.038534592278122115,0.06361112667417389,0.054715268971527994,0.04143612045394759,0.0012385648232904661,0.15576347535651355,0.03957827333058602,0.0805463557496452,0.047409896846463434,0.006571862284507539,0.01792091695311743
"CA-47 in Orange County, USA",0.0036739604794319885,0.0009805809403065245,0.06113171165999386,0.02621041298321209,0.04402699595259863,0.09483311297353313,0.11411087285404374,0.07174575412857605,0.040273355042671356,0.025260372805036468,0.11094183099630356,0.044988980580124086,0.03504369580308114,0.001728592927454194,0.1380854041435814,0.025132895545444338,0.09250763271963003,0.027923012118393195,0.004924512180693817,0.036476313165890534
"CA-51 in San Diego County, USA",0.0026063541262967755,0.0003345487844936596,0.07710018901132815,0.02568157598036128,0.04880732797934463,0.0954143099075594,0.1328840143406051,0.03953637731369057,0.02172684612421485,0.021600473472920326,0.09487245825548897,0.04890265867293278,0.04084262106746723,0.0024224299054354114,0.12381218654822222,0.05669000962007878,0.1023650224550127,0.03579762405245569,0.008223729975734883,0.020379242406356666
"CA-30 in Los Angeles County, USA",0.0019628010159641073,0.0004374893475333263,0.07181114039831399,0.06753250626063885,0.038006134198043474,0.0731277077960992,0.1247654263871395,0.03569582073185404,0.02938671127934049,0.11462712356905164,0.0502258817569022,0.06045163843183231,0.03290673056850246,0.0013020244415359696,0.12209200815422012,0.02770993765705352,0.08637121136775956,0.035878396501868845,0.004818427298559887,0.020890882837786586
"CA-44 in Los Angeles County, USA",0.003283856159836483,0.0008311574888163427,0.0728693198647375,0.020049759324660233,0.06993934021149242,0.07088082834649115,0.14071532812031798,0.025346457817749402,0.016829557556533398,0.016568686783368744,0.11217234216436035,0.0560557248429001,0.05670163374247079,0.0010636466568129503,0.04901859511334222,0.03698266277144221,0.10879971333040743,0.09815399894958042,0.005316979564466536,0.03842041119021341
"CA-34 in Los Angeles County, USA",0.003378723362304577,0.0002751826167636698,0.11043138347830565,0.03456918976975925,0.07804208240169459,0.06861760954820413,0.11613979445011918,0.027688116188204315,0.01794405287259158,0.04057947142490176,0.08684619708125572,0.0677772192460942,0.054893065333173785,0.0006840253616696935,0.0704116567357808,0.027481573300784604,0.10753287752555858,0.049640470694982425,0.003632374855681738,0.03343493375216965
"CA-46 in Orange County, USA",0.01173853058193652,0.0006798649192185911,0.09686364408679525,0.02966506055908376,0.08017603891372033,0.06419405743186415,0.11602907619034228,0.036210947375116605,0.01961256725292304,0.013057878057268244,0.13273327937761628,0.05854737321867493,0.07265970092130182,0.0010676068125986724,0.055131170957187274,0.027837037622601236,0.10815050659965098,0.043607626337492315,0.003557116566920114,0.02848091621768776
"CA-36 in Los Angeles County, USA",0.0020814226837020514,0.0005096168703810871,0.048661452002729914,0.043718710334178255,0.02969620930221773,0.10756044473175913,0.11454068315563364,0.05144130271542817,0.03625587685672685,0.0766231489029296,0.07303969676977433,0.040227259659468294,0.030650445979636422,0.0028201761242580255,0.17884132813403472,0.027335526331216962,0.07216309659201643,0.03447166852455752,0.0032941880078505453,0.026067746321500402
"CA-29 in Los Angeles County, USA",0.0069495437600089055,0.0004184180715864587,0.08021379340017502,0.03480496594105641,0.09529635071865543,0.06788657763895475,0.1274490482632202,0.03044318582347585,0.018946866647587,0.04880254176335271,0.08834071353985658,0.06952598317566908,0.06620617729364948,0.0010341191222928462,0.05257348666973668,0.026658924265388607,0.10881821408919536,0.05157303295174803,0.0036978410812826697,0.020360215783108253
"CA-31 in Los Angeles County, USA",0.00549889615993841,0.0006992627667048817,0.07613348573508782,0.019761088312176385,0.06797089830767868,0.08789892251403594,0.1411423036063704,0.03664452647071456,0.016397125477364858,0.015981166186964508,0.11282452630442034,0.05136814761882014,0.054276859592458385,0.000736445438911748,0.04952854432113035,0.03945400262592877,0.11098170770330357,0.05968436974208712,0.010543891072051764,0.042473830043851565
"CA-33 in San Bernardino County, USA",0.0048884815689669795,0.0004921694379208827,0.0705048098079906,0.017830068813844385,0.07825327679870786,0.08653327522882512,0.12807330648329335,0.030063643854071,0.016425428194397768,0.012562555025566458,0.0801688552080962,0.051312738341598545,0.04986488439653908,0.0007852429325172858,0.03782011336162083,0.05468240412667274,0.12746200808063665,0.1102129597182651,0.008880744994216217,0.03318303362625279
"CA-06 in Sacramento County, USA",0.005363850993249964,0.0007824502144405093,0.07391069256091025,0.021485111494689835,0.08123708760350076,0.07448120517651702,0.13334194597723872,0.04719152529101269,0.02136864052185602,0.01652609882930922,0.049428969418909466,0.047537008961399375,0.05436711751436555,0.0013982413579352062,0.06960169845898101,0.09372393255833604,0.12112399211541879,0.05439778101688337,0.009988060255492596,0.022744589679553683
"CA-39 in Riverside County, USA",0.007443281940996495,0.0003820858453033886,0.07243231822676377,0.01720083922342033,0.10579981710691506,0.0869629177396624,0.11637389513421673,0.023057226995097962,0.016309980272487028,0.012362042844520383,0.09620175809902422,0.04789556207145665,0.054235636960709065,0.0005279493553367834,0.036695103135266145,0.04473333498306648,0.12742642247744776,0.0958357778445853,0.007073783231357103,0.031050266512367114
"CA-32 in Los Angeles County, USA",0.002549134576759021,0.000455837138782058,0.05602287479274053,0.04571992133924975,0.04988898729509219,0.08534142251643398,0.13625970779383675,0.057138798328070915,0.03354249576415583,0.08137895916162974,0.06374060109674673,0.0486160036960416,0.04002064782488201,0.0013597761212402562,0.12901335137676342,0.02058631628503554,0.09021993052686919,0.03233804435025034,0.003152446401554834,0.022654743613865568
"CA-37 in Los Angeles County, USA",0.003908435239487939,8.388800237382297e-05,0.08713489968014423,0.029490997449628072,0.06703441980232204,0.08249423652266773,0.11837261952622662,0.026378554941990012,0.021464044158290493,0.04069941706764162,0.07950605327326353,0.06631678958324475,0.06625640261153676,0.0011031732224451437,0.08210465384838404,0.031986735129620865,0.1016394819295242,0.06056051968616185,0.0038539384959849037,0.029610739829061306
"CA-43 in Los Angeles County, USA",0.004921137441608888,0.0004641009514904333,0.09131687070799861,0.01914671871557809,0.06495917680803401,0.07041066039391489,0.12235145885308023,0.025850565328825268,0.01879488170830046,0.020823798277897647,0.10397860296715215,0.06191857743550475,0.06816911860299786,0.0006073716015772617,0.04841400839890488,0.0375767016680539,0.10523212656812767,0.09645097494388886,0.00425525651733088,0.03435789210973348
"CA-42 in Los Angeles County, USA",0.005015067991822664,0.0008771146404915907,0.07981123678524842,0.02507205059369073,0.0661517094041579,0.08179655551940883,0.12308393115206588,0.027256901423582,0.019759760482901876,0.019540630512646737,0.11538348487533841,0.05177632883144001,0.050618640765663976,0.0010325031316735201,0.056732517534863885,0.03748095014049676,0.10621453875654027,0.08252510137159809,0.007561386820748593,0.042309589265619875
"IN-07 in Marion County, USA",0.0018877050982102827,0.00022848303782372297,0.07410327624714705,0.02247505971011408,0.05612310517894487,0.07836251307303477,0.14413521161749449,0.04725810023363351,0.0199914752246976,0.015185961906783873,0.10696581421327384,0.04371000975731291,0.05245176338850301,0.0015885011201077883,0.07627652780355434,0.04097405129897322,0.11423914060225603,0.07184778931479449,0.005542696809478805,0.026652814363861455
"IL-07 in Cook County, USA",0.001605682097793826,0.0006419133273871004,0.06188219075540168,0.021391212855487198,0.02809882957262439,0.09505323718131725,0.15642816691854908,0.0761435944778369,0.025439193177434424,0.0240852235714876,0.0726271564008613,0.03941618119340224,0.042041076311738194,0.0013305540995223275,0.15065885209693303,0.03683056435368291,0.0746364693597521,0.06688934142549513,0.004591246738161924,0.020209314085131228
"KY-03 in Jefferson County, USA",0.00205926291696312,0.0001678312597266191,0.0726133314417344,0.020395494039158666,0.05066538350795285,0.08876084418808355,0.14243591577078352,0.060351255525046416,0.018117949066318327,0.01795904878587872,0.11877193634259518,0.04670684826098957,0.042252099451800716,0.0018461438569928102,0.0638835422212309,0.02805446025684168,0.10889711665580235,0.08215560417191961,0.008221067738354708,0.025684864541826277
"NY-02 in Suffolk County, USA",0.0028234788977597684,0.0002450778928201637,0.05031475736100173,0.01921188936137149,0.07773202157354779,0.11001903021530682,0.1649932552680599,0.04333537906828708,0.01580506059235774,0.022989416183345913,0.07887745198896096,0.04306343102841325,0.04307961245237299,0.001096401099458627,0.06801621305306098,0.04807509794281792,0.11479093970688951,0.05643537934926795,0.00804701228286632,0.031049094682033054
"NC-02 in Wake County, USA",0.0021397620040268972,0.000781572487904355,0.05931479805351475,0.01852676583706833,0.054423569298804764,0.0881933310607366,0.11844629176710333,0.0658187650468244,0.02461173931401263,0.025717147042236398,0.08354132480708434,0.04059347830293749,0.037015643914824495,0.0009990880770637705,0.1825809265046982,0.04083891863628812,0.09392938827520123,0.031078362730060465,0.006872599042201381,0.024576527797408064
"CA-09 in San Joaquin County, USA",0.04818608780554575,0.0008834812329146555,0.06748644483909898,0.015171533904765763,0.08795800947967762,0.07851467266535607,0.12302277623710345,0.028713978788747162,0.016849752906563507,0.013345195844784023,0.09162947206316727,0.04563856419936004,0.0504612472681775,0.000928884852930786,0.04965136036879998,0.05128485595707159,0.11601325041483361,0.07910143601316537,0.007447217287523444,0.027711777870413196
"TN-09 in Shelby County, USA",0.00186036833552598,0.00010415618612429563,0.08293583576125689,0.0139061780081107,0.04738966158084267,0.08362792217579404,0.14025273245382514,0.03014575516317272,0.015766033166622954,0.011534554186841088,0.0939533584616335,0.04849392614794332,0.06072340738682024,0.000969437894726333,0.041117856513165095,0.04877518899314092,0.10304896293131884,0.14321793725640672,0.005534565413331753,0.026642161983396685
"WI-04 in Milwaukee County, USA",0.004105339330671351,0.00028592119186318996,0.07367183558108459,0.021477622909272895,0.04015412663779477,0.10012246486290216,0.1720590651290989,0.04711390948211141,0.013970937949325515,0.01680258976723984,0.14508956124431951,0.045200790150908644,0.056396671782994366,0.0019003650933937272,0.05704315241772948,0.03223789155672587,0.09787982993634828,0.04825596515231921,0.005524666184372862,0.02070729363952336
"MD-04 in Prince George's County, USA",0.0014381356482705222,0.00015101659365733517,0.07224952821242701,0.019840517761475905,0.10883421667846949,0.08898353623522788,0.12911423199667765,0.01992897465382475,0.02383775321633251,0.01928609130723023,0.020906688437926053,0.05650013423642945,0.0681329895022149,0.0010497659244012823,0.08355051639992188,0.11912119794089002,0.08894197075454949,0.06071754265077672,0.004200182361635802,0.013215009487661286
"CA-23 in San Bernardino County, USA",0.005615626974546864,0.0019061279624137362,0.06992212537693253,0.019530948240111385,0.08820950164057369,0.09303869744978185,0.14597358766530166,0.017920890196535675,0.018264625538573418,0.011846479063826165,0.05954770472430524,0.054958989660821786,0.04761207853071266,0.0005124792780957627,0.048421436124504634,0.06326203032934154,0.12912820601928243,0.08628840418162916,0.011823178161628834,0.02621688288108097
"HI-01 in Honolulu County, USA",0.0047532816951918145,6.530793249068801e-05,0.12287173859496461,0.018394121159768562,0.06592910184378492,0.09968161595482146,0.1254601135945316,0.04365043421276471,0.026528827393525092,0.015677990055828792,0.03292911413842286,0.04080319793815997,0.03949925925983694,0.0008859163016128113,0.06234331020014465,0.09769529970743931,0.11002910433644986,0.058098303837240024,0.010548650834908956,0.024155311008112326
"CO-05 in El Paso County, USA",0.004309640759686521,0.0021250659602232965,0.074776826925493,0.021321475602236534,0.07663341523416287,0.09392804194010416,0.14375667715471752,0.05414171762366682,0.020965602604156478,0.024059458842867087,0.05846241233601806,0.05696597164942671,0.046645686803067125,0.0005493571429504154,0.09717979345986297,0.05666752079974405,0.1082878221537985,0.03393725059204317,0.008880769272615963,0.016405493143158752
"NV-04 in Clark County, USA",0.002565153786428394,0.0015532971945684173,0.14653374445744444,0.0813279689727067,0.0955327841150948,0.06321783107470125,0.09176754251205059,0.032158607049217525,0.02282586004616515,0.014520192795034354,0.03804781825216351,0.04897318321658286,0.06671222965118305,0.0010463846512266156,0.04825552040797776,0.04470623385480966,0.11900937577987745,0.05664900063653965,0.006036492585299231,0.018560778960928483
"IL-04 in Cook County, USA",0.002085325003728474,0.00039109637854948165,0.10008851623170258,0.016363511914251498,0.07767949287818009,0.07274002040593933,0.1080696466611009,0.0374596445853014,0.014450211497100822,0.012031815253313129,0.1415794844299516,0.05369634526522505,0.0622928407779852,0.0013966530194104573,0.05665640993560156,0.029997117265062333,0.10355155846476352,0.07267021561922206,0.003915210030340817,0.03288488438326958
"CO-01 in Denver County, USA",0.0027313621860231016,0.006894260710993229,0.07077845458493617,0.026021119153723567,0.06997043304088278,0.08628835670369493,0.12479366410918884,0.058437001281254126,0.03074426633219992,0.03331637087169707,0.05578346844975168,0.04934015130302689,0.04842463477837002,0.0017986034481317639,0.14091616803224047,0.0361797992591705,0.08238123809883306,0.04270270572283892,0.007385444771965489,0.02511249716107752
"TX-30 in Dallas County, USA",0.00207628641416605,0.004651543223264756,0.06413444106084075,0.015327611652764984,0.0877006699293141,0.08288253788871534,0.12074556608045987,0.06561562702598395,0.022337396287573336,0.01950574435618305,0.0774759783946394,0.04652429189082821,0.05168882600705415,0.0015619691548799835,0.0750008724996482,0.03726890161129575,0.10792774177548156,0.08084477453025969,0.006539844113999001,0.030189376102648005
"IL-05 in Cook County, USA",0.001217650593002818,0.0004117956760264992,0.047039490562115656,0.02753882310851848,0.036706450851267676,0.09743084697132638,0.12514303153851683,0.0900472447794937,0.029111442717945978,0.02955029863622198,0.07702054735023138,0.04291762327696699,0.02934587160148574,0.003293481137020365,0.1793371366172695,0.03211354770416102,0.07441395044994543,0.04584057673264771,0.0041924470935422965,0.027327742602293436
"CA-26 in Ventura County, USA",0.05375730093015187,0.0012947369539766127,0.07156868441651247,0.022862192837338275,0.061909229347633585,0.0808950380570152,0.11020803400767996,0.05442096822885286,0.019508741287857855,0.025612029479329244,0.10372295814482789,0.049387088023853956,0.0464661413189899,0.001559966860864914,0.0793986057510917,0.05048924455828736,0.09992408128542764,0.029952676862453807,0.006641972368668116,0.030420309279186628
"TX-37 in Travis County, USA",0.0021131555644776766,0.004251513214878814,0.06879999759022787,0.02230976499585462,0.05708003310238736,0.10647694875294159,0.09530652375263068,0.046298630474517696,0.027009944062399004,0.04186326227308963,0.0726212849098618,0.04375639719686599,0.04039065651737546,0.0018261212353483367,0.17492067839392492,0.053491367900769124,0.08833868837961549,0.029724452960078588,0.005314604324280883,0.018105974398474525
"NY-16 in Westchester County, USA",0.0021804909879871246,0.00012944867342931478,0.053250434608241755,0.030593411941890507,0.061827913336712885,0.12052241727476248,0.17258678401948674,0.07667974144305938,0.026769985665182298,0.028962640327071874,0.03898264675136789,0.050626337778848694,0.040358511789201766,0.0015102345233420059,0.0999864824747936,0.04059351589425559,0.08201100853157135,0.04267090297341686,0.0059112231160139425,0.02384586788936397
"CA-10 in Contra Costa County, USA",0.004000630435318548,0.0015122496470637784,0.05491564315846367,0.020978218158607113,0.06144971908390099,0.08931530142005108,0.1359665403710864,0.06648060727621988,0.026176100756601303,0.02890340300256195,0.06898751773146772,0.043315604828044856,0.04058386273509305,0.002037265283671685,0.14836839665664772,0.041335253055270756,0.09785711336065821,0.03457701856203806,0.013106263774430204,0.020133290702803015
"CA-07 in Sacramento County, USA",0.011103385712617639,0.0004635484648865308,0.07526013633567084,0.020793712551699355,0.06164818085111512,0.09071269062512012,0.14223869995214058,0.035725092205255896,0.020481768381047392,0.01437153042162747,0.05691239442427802,0.05134226540720702,0.045221892156066305,0.0010048735178412715,0.06781700359687036,0.12406902945585681,0.09572051942596614,0.049336352140533085,0.012848456700405632,0.0229284676737944
"CA-38 in Los Angeles County, USA",0.003920983342723388,0.0004184564732435115,0.06867957299438875,0.023622785915187048,0.057009804216500336,0.09025329655169438,0.1332855771490897,0.041530602057255755,0.020555753699260347,0.0168340471176157,0.10778277784013575,0.046060482797688616,0.04113000889591404,0.0007961963678232902,0.06053234057491063,0.04682987310439018,0.11070380660097669,0.06979630907958184,0.008969597020134064,0.05128772820148579
"CA-40 in Orange County, USA",0.004872429906111388,0.0008529807765289591,0.06352817303812258,0.026633331118861053,0.05595549585605516,0.08931752401923893,0.11882639061419545,0.06849262679701255,0.03269311214145322,0.022832752727644203,0.10592158400714674,0.045561109982984814,0.03813815610735732,0.0019388692184079683,0.12326452466259533,0.03518836716520551,0.09494290073808255,0.02970614673322204,0.005986969705612638,0.03534655468416179
"FL-24 in Miami-Dade County, USA",0.00245361523170849,3.9576757730711606e-05,0.12028227040699431,0.02471378719629534,0.07027543165094136,0.06562163432801417,0.13180657552265254,0.03607863910738033,0.03930570170265979,0.01680526655353069,0.03839956236273071,0.056123358156675074,0.06785141821806993,0.0010589888650163874,0.06449588158537971,0.03901323900274235,0.11499675017130633,0.08039102644160659,0.004195068352214963,0.026092208386350044
"FL-28 in Miami-Dade County, USA",0.01838203517564619,0.0005589965956071761,0.06817323026481384,0.017912001574174056,0.08425267464781311,0.0839252895254689,0.14303448981120548,0.04978217434029939,0.02550246224981232,0.015572539438928968,0.035291295022745965,0.05570076223473825,0.05900092285622922,0.0010481186167634552,0.06268196988575353,0.04104795568115192,0.12036993350540755,0.07482082914634726,0.008367073796342423,0.034575245630750887
"MI-10 in Macomb County, USA",0.0016437770954727214,0.00023866092130275449,0.08013458089352261,0.015757587329014364,0.054317435731597155,0.05269871803286121,0.14434809172693847,0.04785748124423484,0.01333040575936535,0.011604887298346437,0.20790707498368152,0.043618266629594664,0.04073345274334762,0.0016497436185052903,0.06069505220111001,0.032812893417612454,0.12156074696095148,0.040638585027129775,0.0052057913459163324,0.023246767039494798
"CA-28 in Los Angeles County, USA",0.002691081479070779,0.0005712364358586916,0.07099169327765446,0.03165555150074698,0.04325054217695131,0.11163684512151947,0.14703129486245295,0.05187291597271135,0.023954519883760808,0.03312967330572587,0.06879707228134406,0.0525303205045846,0.03379956705887218,0.0019201652898671899,0.10486050895297204,0.05109673336763766,0.08423684633568924,0.04090427577652713,0.01092876800998078,0.03414038840607236
"TX-03 in Collin County, USA",0.002996778505028956,0.005968767700293402,0.05834885365971109,0.019737336842970625,0.05825503724217731,0.08773819947702208,0.10468312734215163,0.09685902299305607,0.026771925564338595,0.03858956048489759,0.08751682753184926,0.04319053812917313,0.03893469223710963,0.003057351505438648,0.12751559464252538,0.027083330758471247,0.10685215969111794,0.03213804869165747,0.005729109126314617,0.028033737874695073
"MI-12 in Wayne County, USA",0.002034040196508433,0.0007208352977100061,0.07964762288056752,0.016761037830982112,0.040475966257931706,0.07227723198187817,0.16329905319510404,0.048617389021398214,0.015308277766324496,0.012533978401962234,0.17034538346300984,0.0454500591609645,0.049556297299564886,0.0015380198678862011,0.050819305370665924,0.03147784596037991,0.10555644192581369,0.06329543591219824,0.0071853206061470686,0.023100457603002923
"TX-26 in Denton County, USA",0.0028163059486678572,0.0058193808888009025,0.06036898733936462,0.0181462770854535,0.05797913184635354,0.09078232389916825,0.11052582820956873,0.09437933763066861,0.02516351581851966,0.02589621404105672,0.08472923118786337,0.043608783541065226,0.03747103280372546,0.002686233887934003,0.10778433307999197,0.02584902605726829,0.1108619839142384,0.056468929949008706,0.005592009637682204,0.03307113323360002
