longname,Silent %,Boomer %,Gen X %,Millennial %,Gen Z %,Gen Alpha %
"AZ-03 in Maricopa County, USA",0.026646492067980736,0.14364332602502505,0.1861231272924802,0.23525360568900805,0.2555071121815776,0.1528263367439284
"AZ-01 in Maricopa County, USA",0.08509651437175193,0.26225924000527534,0.1886459303820787,0.21021808224216684,0.15375517088416812,0.10002506211455915
"AZ-04 in Maricopa County, USA",0.05619803707135257,0.1950194431848229,0.1747039280208859,0.24410324516002932,0.21385252466171245,0.1161228219011967
"AZ-08 in Maricopa County, USA",0.097132528305628,0.24904188929739265,0.18355112185306327,0.1831963535613191,0.17305179729015965,0.11402630969243752
"OH-03 in Franklin County, USA",0.04722711890943554,0.1848017502603554,0.16905734490064872,0.26017750173514786,0.20509361140892712,0.13364267278548536
"OH-11 in Cuyahoga County, USA",0.07020085399492727,0.23387301283165188,0.17360929241299952,0.21707420569371721,0.19044445705489357,0.11479817801181069
"NY-08 in Kings County, USA",0.06969214711928601,0.21605768346977772,0.18037604279713318,0.22701561919144475,0.1794310186839101,0.12742748873844809
"NY-09 in Kings County, USA",0.06026093153359693,0.20735110037681295,0.1797803213919589,0.23473065834409687,0.1842238316258165,0.13365315672771788
"NY-06 in Queens County, USA",0.07672082012210735,0.24111959056647955,0.20488000305809312,0.21897082117450165,0.14737548291195102,0.11093328216686722
"NY-12 in New York County, USA",0.0893226631936964,0.22323869385279616,0.18777711723309506,0.3019375779425335,0.11857599719003659,0.07914795058784224
"NY-15 in Bronx County, USA",0.0521578034167641,0.18218252431696058,0.18418692461074843,0.22083130505098314,0.21866912588664097,0.14197231671790278
"NY-05 in Queens County, USA",0.06396769089950628,0.23208679479379846,0.19350226126842476,0.2041468989737298,0.1875491737368646,0.1187471803276761
"NY-04 in Nassau County, USA",0.06921349521904786,0.23896741052005085,0.19902415776793683,0.18561962754169634,0.19100713950783704,0.11616816944343125
"NY-01 in Suffolk County, USA",0.08244508811558925,0.261518549402363,0.2007023765255101,0.15914153030452455,0.19469251859292935,0.10149993705908371
"MI-13 in Wayne County, USA",0.058531520853327565,0.21847289924529273,0.18035097683729567,0.21065018197728633,0.20080653985889502,0.13118788122790276
"MI-11 in Oakland County, USA",0.06789597868116073,0.24507812352539313,0.19372272768430837,0.21324949315648448,0.17538576256159344,0.10466791439105991
"NV-03 in Clark County, USA",0.06002841563687378,0.21772656808870658,0.20699698348862508,0.23169450227168956,0.16685791396342695,0.11669561655067802
"NV-01 in Clark County, USA",0.0630719859364269,0.22029959142440197,0.19643522694770135,0.20886708214553246,0.19215635245626242,0.11916976108967482
"MD-08 in Montgomery County, USA",0.07472821419118861,0.23018487509456656,0.20217753315484935,0.18814091818727088,0.1849113080296294,0.11985715134249518
"WA-07 in King County, USA",0.049645290166622676,0.1897660928179665,0.19335794929868302,0.3177194654072729,0.1596137575210951,0.08989744478835969
"FL-10 in Orange County, USA",0.046535205207790864,0.17996289049382447,0.18707676174768884,0.25310925553517966,0.2213331689755211,0.11198271803999504
"FL-13 in Pinellas County, USA",0.11992183051561191,0.30843204199511765,0.18268798523556817,0.1658239673529244,0.13845143466428605,0.08468274023649179
"FL-25 in Broward County, USA",0.0640549362332004,0.21810737643733813,0.22502390451410884,0.19465947203979106,0.18753316324000302,0.1106211475355584
"FL-22 in Palm Beach County, USA",0.1274538163420086,0.24978929023777482,0.18593035680706935,0.17742714870131499,0.1596262236322368,0.09977316427959539
"WA-09 in King County, USA",0.05321660878812487,0.20293101928394536,0.2014603258314978,0.24198761576146674,0.17856573022961644,0.12183870010534889
"FL-27 in Miami-Dade County, USA",0.08652586182725873,0.22278579999581813,0.21526898305203412,0.214325601890112,0.15904327629254214,0.1020504769422349
"TX-18 in Harris County, USA",0.03402744927276799,0.1686485107805047,0.18229161450280845,0.25628036609219096,0.217846395636251,0.1409056637154768
"TX-20 in Bexar County, USA",0.042652976041836564,0.1611634412875217,0.17610813971437078,0.24248055644054514,0.23305681735390651,0.1445380691618193
"TX-29 in Harris County, USA",0.03112879132104505,0.1582981328775765,0.1903446074304945,0.21617914911183514,0.24695399710533936,0.1570953221537095
"TX-38 in Harris County, USA",0.04982302271942761,0.2058901975897362,0.203826702080294,0.21098018737841162,0.18977485204204148,0.13970503819008914
"TX-16 in El Paso County, USA",0.052004411889318536,0.17682892908981487,0.17593395500222953,0.21523326735255038,0.2375493646552148,0.142450072010872
"PA-02 in Philadelphia County, USA",0.052155425611850194,0.19893452441454296,0.18058991889779422,0.24383482723997035,0.18934984489906886,0.13513545893677334
"PA-03 in Philadelphia County, USA",0.0601905202766988,0.19702389139684895,0.16027316046489765,0.2801324707945255,0.191993050925744,0.11038690614128513
"CA-41 in Riverside County, USA",0.07584785100729619,0.2298772835425404,0.18907093064631952,0.18968457228823035,0.19307198044419452,0.12244738207141903
"CA-52 in San Diego County, USA",0.04888327774418608,0.18374663541198083,0.19000356400056223,0.2331719657534837,0.21867770719498997,0.1255168498947972
"VA-11 in Fairfax County, USA",0.05043182651282237,0.21160430172335373,0.21378312069340244,0.20548909630139334,0.19811334671236322,0.12057830805666485
"CA-27 in Los Angeles County, USA",0.04558324484206185,0.20089016046323824,0.19938082441171298,0.20084111250156605,0.2187957735749617,0.13450888420645923
"CA-14 in Alameda County, USA",0.05901896736552697,0.2148924603232778,0.21020696103115735,0.22927451670517346,0.16943724767928356,0.11716984689558095
"NY-25 in Monroe County, USA",0.072275459196594,0.24089837340658743,0.17844576970993206,0.20219793980936318,0.1965454111575771,0.10963704671994622
"CA-50 in San Diego County, USA",0.06079515233126055,0.19781091026742742,0.1967867737946374,0.26364314904853653,0.17537778152515973,0.10558623303297845
"CA-11 in San Francisco County, USA",0.06728202767461794,0.20115994071244608,0.19910551059321935,0.3323643565853819,0.12176633475877237,0.07832182967556242
"CA-12 in Alameda County, USA",0.0541215692574522,0.20412827735943578,0.19506347009935507,0.2640631160404365,0.17844827698317522,0.1041752902601454
"CA-47 in Orange County, USA",0.06732084143522576,0.2159973689310016,0.20380110504987234,0.22472746989864464,0.18420756285466514,0.1039456518305905
"CA-51 in San Diego County, USA",0.05252108950547602,0.1986993769244919,0.18277256413745502,0.25081459040692433,0.1957413709121561,0.11945100811349668
"CA-30 in Los Angeles County, USA",0.0670447234188685,0.21453353840298753,0.20851582187241383,0.28895611872436644,0.13607930635947976,0.08487049122188398
"CA-44 in Los Angeles County, USA",0.04792022520260399,0.19505457191077283,0.1977467298946995,0.22351675753035324,0.2095752749221193,0.12618644053945113
"CA-34 in Los Angeles County, USA",0.05109907270165191,0.17728824702652257,0.19643251536864917,0.2735723486958669,0.19279847848182294,0.10880933772548632
"CA-46 in Orange County, USA",0.04262365243073758,0.17236201096307707,0.19302831268881546,0.24279757647479952,0.21993818717528202,0.1292502602672884
"CA-36 in Los Angeles County, USA",0.07242664309474897,0.22083666782557634,0.20183799584918352,0.23407906243564686,0.16896977184485973,0.10184985894998451
"CA-29 in Los Angeles County, USA",0.044892947821840175,0.18554015191132542,0.20030464259617317,0.24999535753006102,0.20158044819186638,0.11768645194873384
"CA-31 in Los Angeles County, USA",0.059078335040234714,0.21169264151458222,0.20084716975807426,0.20996598935072372,0.20701557548586186,0.11140028885052322
"CA-33 in San Bernardino County, USA",0.035482679801211316,0.16759387447442922,0.1878148327487665,0.22871367845123913,0.2351593595787342,0.14523557494561978
"CA-06 in Sacramento County, USA",0.05525241986612551,0.20720856136473176,0.18069940326581266,0.23444852424639445,0.1885046474476367,0.133886443809299
"CA-39 in Riverside County, USA",0.036231399536218,0.1603820941523208,0.1852003030169703,0.228023754934979,0.2541753365891778,0.13598711177033407
"CA-32 in Los Angeles County, USA",0.06922598906764417,0.22421163197777416,0.2090236637576117,0.21947664930825192,0.17120200819280137,0.1068600576959166
"CA-37 in Los Angeles County, USA",0.045438095801475016,0.17627594998960727,0.19123758621162362,0.24887297157635688,0.21929630638731046,0.11887909003362679
"CA-43 in Los Angeles County, USA",0.04422325725225655,0.17943559329264588,0.1980353584839614,0.22588948608882325,0.2101978244653835,0.14221848041692942
"CA-42 in Los Angeles County, USA",0.04214878422041826,0.18246903560135758,0.19754890822339036,0.24130842365018298,0.21373884214586772,0.12278600615878323
"IN-07 in Marion County, USA",0.04825686128728798,0.19751137332183877,0.17371969591547456,0.24276204246392952,0.2018341331911594,0.13591589382030977
"IL-07 in Cook County, USA",0.05215545120613755,0.19353565667101097,0.17845069515346004,0.28780612350618,0.17739248201479457,0.11065959144841696
"KY-03 in Jefferson County, USA",0.06358824422944047,0.23051813523053963,0.18113538365021295,0.21687305235502694,0.18644681947774092,0.12143836505703907
"NY-02 in Suffolk County, USA",0.060423963677404526,0.2309065372598407,0.20675325934503652,0.19625709130704516,0.19256239735609412,0.11309675105457892
"NC-02 in Wake County, USA",0.04436068102856574,0.1906959466726309,0.21800959376313211,0.22710109737572065,0.19863434319295706,0.12119833796699347
"CA-09 in San Joaquin County, USA",0.05061443796391124,0.1891059780024216,0.18489540470618382,0.2088121376619311,0.22443465519699884,0.14213738646855353
"TN-09 in Shelby County, USA",0.0462805492178433,0.20113620202845425,0.17698483605104845,0.22638449457770726,0.20928090860986898,0.13993300951507792
"WI-04 in Milwaukee County, USA",0.047450371326297695,0.18692102304645086,0.17163841168178165,0.2354074892932592,0.21706193346664304,0.1415207711855677
"MD-04 in Prince George's County, USA",0.04822820119885971,0.20537394083634272,0.19266054898755358,0.22576778625249633,0.1962075620949291,0.1317619606298186
"CA-23 in San Bernardino County, USA",0.05222967244861644,0.2014571591308888,0.16977743693151218,0.2058095146714986,0.2206215099477667,0.15010470686971725
"HI-01 in Honolulu County, USA",0.085675352596648,0.22539813362639158,0.18797543350476614,0.2185672563758178,0.16942923508133542,0.11295458881504108
"CO-05 in El Paso County, USA",0.047751162278352764,0.19717009653497905,0.1785743567974498,0.22857496112184691,0.21577108644598242,0.13215833682138894
"NV-04 in Clark County, USA",0.043368087690970114,0.19490716653860873,0.19398332752366568,0.2194298255370099,0.21059757896592352,0.13771401374382208
"IL-04 in Cook County, USA",0.04802093609915347,0.18016652357630122,0.19841511621074093,0.219123720045058,0.22556814349799004,0.12870556057075636
"CO-01 in Denver County, USA",0.04394983005910564,0.17067732736829214,0.1894283773170674,0.3231852674860887,0.16308127654728868,0.10967792122215737
"TX-30 in Dallas County, USA",0.0375863257472983,0.1821407594939039,0.18808226517738003,0.23225875873476243,0.2208508371723761,0.1390810536742792
"IL-05 in Cook County, USA",0.06393315547136402,0.2039034109377881,0.1877166494044525,0.2797755638555651,0.1534028821263322,0.11126833820449779
"CA-26 in Ventura County, USA",0.062038997093583334,0.2171187593834995,0.19553855692209737,0.19527966649554554,0.20909725837791102,0.12092676172736329
"TX-37 in Travis County, USA",0.03464384729492929,0.1724097658164697,0.19512762441433518,0.305787535722713,0.1850445039207425,0.1069867228308104
"NY-16 in Westchester County, USA",0.07541326564581799,0.2209945407641071,0.2090969372207535,0.18406777479059136,0.19482590597947783,0.11560157559925215
"CA-10 in Contra Costa County, USA",0.07156944099947235,0.23522662355311194,0.21483487589714656,0.17507678910336755,0.18802621085991458,0.11526605958698692
"CA-07 in Sacramento County, USA",0.054842445758005516,0.20457158729518474,0.19169055259976273,0.22613293617864358,0.19850069416359364,0.12426178400480971
"CA-38 in Los Angeles County, USA",0.06808822497104991,0.21892323646782538,0.19646706297272035,0.20768464193050545,0.19686048048527902,0.11197635317261968
"CA-40 in Orange County, USA",0.07079795550967763,0.23987059117404752,0.21261677152682645,0.18301007568894206,0.1796974231181369,0.11400718298236949
"FL-24 in Miami-Dade County, USA",0.06619750076468546,0.21714360434878216,0.20348003874139747,0.2148036270099155,0.1740755074894645,0.12429972164575492
"FL-28 in Miami-Dade County, USA",0.061932056628306,0.20474417872086453,0.21757065372244333,0.1983086439699116,0.19903488012347084,0.1184095868350037
"MI-10 in Macomb County, USA",0.07373995256943972,0.248547595532069,0.19052375810350208,0.2040651303168305,0.17557211065352718,0.10755145282463136
"CA-28 in Los Angeles County, USA",0.08165680594759901,0.23551316421857152,0.21006364537185607,0.20331138335197446,0.16836509948780454,0.10108990162219426
"TX-03 in Collin County, USA",0.0393097451369526,0.186129309474259,0.24115520846910082,0.18527094698588198,0.2128346697911471,0.13530012014265838
"MI-12 in Wayne County, USA",0.06084177581555903,0.21831959687673597,0.18373560194535676,0.2045432259686266,0.19685697760060805,0.13570282179311352
"TX-26 in Denton County, USA",0.035492627707201685,0.19006703300848526,0.22976367196520525,0.21957720293967112,0.1917967540385387,0.1333027103408979
"MA-05 in Middlesex County, USA",0.06983159805009445,0.21487438099104653,0.19372044018132908,0.22717221492520973,0.18596396384126018,0.10843740201106004
"CA-45 in Orange County, USA",0.06899657153702143,0.21960535774573525,0.20438290307602078,0.1963846054946996,0.19843046046391494,0.11220010168260791
"GA-07 in Gwinnett County, USA",0.03528057837055842,0.18207790665089324,0.2112943392215795,0.21034061405127896,0.22304687413102003,0.1379596875746697
"OK-01 in Tulsa County, USA",0.05707789596793095,0.20715658008824692,0.18041399203569697,0.2141676880342121,0.2022247096068948,0.13895913426701828
"PA-12 in Allegheny County, USA",0.0780580918636308,0.24054714631342178,0.16609082614332688,0.2286057660119498,0.19029910998255564,0.09639905968511517
"TX-32 in Dallas County, USA",0.036351634746746894,0.16398245200766842,0.18113493290614466,0.27360558895773834,0.20304839153533447,0.14187699984636715
"CA-17 in Santa Clara County, USA",0.052315555779219126,0.1814315060319098,0.19868400593168428,0.287358143700451,0.1610845155680292,0.11912627298870655
"MN-05 in Hennepin County, USA",0.048021706989277956,0.18273538753645574,0.17083536782271105,0.2849319454522316,0.19336952719916078,0.12010606500016269
"TX-12 in Tarrant County, USA",0.04628524027240458,0.18914881764222793,0.18395710026483386,0.23505547799608792,0.2058872908104017,0.139666073014044
"PA-01 in Bucks County, USA",0.07720856005916307,0.2703030372148782,0.20029443140150982,0.16972155953675347,0.18175664347687648,0.10071576831081891
"CA-15 in San Mateo County, USA",0.06795098159236677,0.21672353711371728,0.20523875041998493,0.2351767389894492,0.16288173823894944,0.11202825364553234
"CA-16 in Santa Clara County, USA",0.0694160439396848,0.21122409985129864,0.21315073395036524,0.2054501417840297,0.18571577422127714,0.11504320625334456
"AZ-05 in Maricopa County, USA",0.06090247787170706,0.19919260198525499,0.21827910649614723,0.17824300854819497,0.2114754782583484,0.13190732684034728
"NJ-05 in Bergen County, USA",0.07988544057347038,0.24328920443011245,0.21040657795821854,0.16432389222324884,0.19002860942204497,0.11206627539290488
"MN-03 in Hennepin County, USA",0.06353236088899988,0.24336839794824552,0.20019238761952146,0.19796576392443402,0.16579977266509205,0.12914131695370704
"MO-05 in Jackson County, USA",0.061860697270358866,0.2190578098118454,0.17645027609931993,0.2269111576151092,0.18787076956118684,0.12784928964217984
"PA-04 in Montgomery County, USA",0.07936637424643812,0.24666976606394864,0.1997753007782473,0.18313774965588522,0.18042720098079063,0.11062360827469017
"NY-26 in Erie County, USA",0.06994098266706895,0.23134136056741417,0.16990454398040344,0.22178923808680326,0.19390543200312357,0.1131184426951867
"IL-09 in Cook County, USA",0.07429483697704754,0.2247253629612705,0.19852982457817966,0.2132752029775096,0.17479982274976053,0.11437494975623201
"FL-19 in Lee County, USA",0.1366920640511078,0.3116085229667946,0.16362561885223248,0.15739896081740584,0.14380348234817666,0.08687135096428243
"CO-06 in Arapahoe County, USA",0.04975086906228064,0.20751047817197515,0.19993572999870027,0.2301204166067999,0.1898116586465307,0.12287084751371329
"KS-03 in Johnson County, USA",0.05616091110692485,0.21506095968959968,0.19716799360162868,0.20973173770643505,0.19105054250653553,0.13082785538887623
"FL-08 in Brevard County, USA",0.10421179142016014,0.2960837670573646,0.1798235625601548,0.16473478696683527,0.16280817124438762,0.09233792075109754
"IL-10 in Lake County, USA",0.055822887554676154,0.22017991211005922,0.19904585549421205,0.17858522722391396,0.22415992417181435,0.12220619344532421
"GA-04 in DeKalb County, USA",0.04417915158802962,0.19862715299136938,0.19718768502398126,0.2428768832068154,0.1847968332416141,0.13233229394819018
"OR-03 in Multnomah County, USA",0.04647670260866529,0.19752503005756336,0.21433279386105347,0.265429388480438,0.16633137290518873,0.10990471208709118
"MA-06 in Essex County, USA",0.0753248296543661,0.2593684466771906,0.19587834159755715,0.17732479874811477,0.18561635255162096,0.10648723077115044
"PA-17 in Allegheny County, USA",0.08173746148872396,0.26473875696344046,0.18758291767614957,0.2032658786839822,0.153220740906414,0.10945424428128984
"NY-03 in Nassau County, USA",0.08496045976907923,0.25440885875859476,0.19998704477781518,0.16270763119818563,0.18453411309974962,0.11340189239657562
"MD-02 in Baltimore County, USA",0.07424368885129291,0.23800707924412082,0.18430141227274785,0.20162471429381634,0.18432778545547446,0.11749531988254758
"CA-21 in Fresno County, USA",0.042295846819171395,0.1616164156849168,0.16744136325914685,0.22864847250881604,0.2352205065087092,0.16477739521923968
"NE-02 in Douglas County, USA",0.049634484105112384,0.1976671256852883,0.17999865231671938,0.22524798236262702,0.20487550343745625,0.14257625209279665
"CA-25 in Riverside County, USA",0.07845842395700632,0.21847918063878816,0.18297223912520846,0.19954583923666164,0.19828867642408735,0.1222556406182482
"FL-14 in Hillsborough County, USA",0.05246710249516885,0.20872097140054696,0.20849970095325862,0.2388173149532001,0.17506993534517176,0.11642497485265375
"PA-05 in Delaware County, USA",0.06867253429706055,0.23454258097904973,0.18358445885311117,0.1947017074908997,0.19952324777001584,0.11897547060986298
"TX-15 in Hidalgo County, USA",0.04733193947863613,0.1488987495674928,0.1781266214093809,0.19639143646938084,0.2580130043382199,0.1712382487368895
"NY-13 in New York County, USA",0.05995301516870925,0.1914131265446059,0.1907355259559584,0.2816894953238012,0.1742090519634481,0.10199978504347713
"AZ-06 in Pima County, USA",0.10558008780241397,0.2724207699144142,0.16542505279773925,0.17736108017745286,0.17370894138274423,0.1055040679252354
"DE-00 in New Castle County, USA",0.06298915529511896,0.23055477093809065,0.19122685877160664,0.20801907918140775,0.19356955907721277,0.11364057673656337
"CT-01 in Capitol Planning Region, USA",0.07336349740149764,0.2344301861449138,0.19100890889744615,0.20136724047824164,0.19115623141910348,0.10867393565879722
"NC-12 in Mecklenburg County, USA",0.03866531988082087,0.18667916377761484,0.20895583968671985,0.2285707195099322,0.20837821624378822,0.1287507409011239
"TX-07 in Harris County, USA",0.03880187212683386,0.1599114389959374,0.18529135355687104,0.3033418533310978,0.1828340657488402,0.1298194162404196
"GA-05 in Fulton County, USA",0.04817553216317843,0.17679280959334523,0.1783593957242736,0.2884966251920049,0.20076056348091365,0.10741507384628429
"FL-23 in Broward County, USA",0.08280257678723175,0.26371627264887476,0.2041393745551084,0.19577905461073822,0.1539753282914627,0.09958739310658399
"WI-02 in Dane County, USA",0.051442551766599336,0.20316882518353693,0.17948994912453148,0.22830051451553088,0.22817809654457274,0.10942006286522861
"MA-02 in Worcester County, USA",0.060854845354668424,0.23159684956486118,0.20103216854651051,0.19363973486195027,0.20357882927905677,0.10929757239295271
"CA-35 in San Bernardino County, USA",0.03594931083122187,0.1701214699863532,0.19427024391907569,0.2430991376743812,0.22237605813499492,0.13418377945397308
"IL-03 in Cook County, USA",0.04234869098028649,0.180783413947599,0.19824354950655976,0.265088909756135,0.19493549829170032,0.1185999375177194
"MI-03 in Kent County, USA",0.05437532004141545,0.20227866593924085,0.17487584167540673,0.23116630873523092,0.20440780683333343,0.13289605677537253
"MD-07 in Baltimore city-County, USA",0.05392869232225732,0.2161263996861667,0.1687354511362662,0.2657294905315307,0.1784506663185317,0.11702930000524739
"FL-26 in Miami-Dade County, USA",0.07816925203317336,0.2209517942807035,0.23160828705571027,0.19699841184671688,0.17214407277070826,0.10012818201298782
"PA-11 in Lancaster County, USA",0.07909097514896091,0.2319593809039384,0.17468391222206076,0.18973804679552392,0.19616879813980526,0.1283588867897108
"MN-04 in Ramsey County, USA",0.057070091702776736,0.20848502615498776,0.16803319988640217,0.2351420431122145,0.19919565396630542,0.13207398517731342
"NC-14 in Mecklenburg County, USA",0.04568726270097019,0.17799245628514687,0.20175020120420947,0.2637535695581671,0.17808892912832447,0.13272758112318198
"OH-01 in Hamilton County, USA",0.05654134882922802,0.2148533996389315,0.16913960019444993,0.23046896947942855,0.2046636512053941,0.124333030652568
"NJ-06 in Middlesex County, USA",0.05283272245360322,0.2076565170589487,0.19798154565244427,0.21436924858204198,0.2070407496933308,0.12011921655963106
"NC-06 in Guilford County, USA",0.06057563223569266,0.2169875772457146,0.19304074568143148,0.19707488612752389,0.21290122077450252,0.11941993793513483
"OH-13 in Summit County, USA",0.07180238527324087,0.25276052737218513,0.187412476159292,0.1938353617590419,0.18133922344501235,0.11285002599122773
"WA-05 in Spokane County, USA",0.06144386304581383,0.23012660942994712,0.1795825595463209,0.21558035437093231,0.19236015857694688,0.12090645503003893
"MA-07 in Suffolk County, USA",0.04601527201463975,0.16310196157586204,0.160454031074571,0.2942114430145152,0.24115759284426175,0.09505969947615035
"OH-10 in Montgomery County, USA",0.07471611680618351,0.23781838936389274,0.1756606532670815,0.19721861617201605,0.19330916036229615,0.12127706402853007
"OH-15 in Franklin County, USA",0.041239920243720626,0.195768735229081,0.19979069296946053,0.24344447432861466,0.18502235741461354,0.13473381981450955
"MO-02 in St. Louis County, USA",0.08609804574663592,0.2571805474239702,0.18952842895493918,0.1791326543249315,0.17550512759668818,0.11255519595283507
"FL-20 in Broward County, USA",0.07336185651039401,0.2221280095928925,0.18883452138605783,0.20717854678806993,0.18512724248112647,0.12336982324145933
"FL-05 in Duval County, USA",0.05484520480722483,0.2163239031910978,0.18333882467262824,0.23669459338658075,0.18785734858172976,0.12094012536073863
"PA-06 in Chester County, USA",0.06587516593805362,0.23972115243423112,0.20148568246389714,0.17625823199656124,0.20231437645271008,0.11434539071454662
"OK-05 in Oklahoma County, USA",0.05682497621464685,0.2126758956975886,0.17603741469783124,0.2254172158025579,0.19426054244708232,0.13478395514029307
"NJ-04 in Ocean County, USA",0.09616237292601781,0.2466391960918164,0.15797839375363074,0.1631243591578994,0.1869370852081187,0.14915859286251693
"TX-09 in Harris County, USA",0.0431985534513811,0.17458019186602786,0.18689052499847666,0.22684367376371808,0.2163197119846611,0.15216734393573508
"KS-04 in Sedgwick County, USA",0.05693924879002896,0.21434404102469512,0.17399758293993664,0.20554617295621047,0.210572428223115,0.13860052606601378
"NJ-01 in Camden County, USA",0.06366343434498478,0.22784989850228513,0.1927669927128862,0.20581779529311542,0.18539353868233327,0.12450834046439521
"CO-07 in Jefferson County, USA",0.06276397807512844,0.24555883880755539,0.19288176761571513,0.23006753739399968,0.1666758295526976,0.10205204855490364
"NJ-08 in Hudson County, USA",0.048229611897029775,0.16953663438995595,0.1940202906902007,0.32068321559977875,0.149131904338306,0.1183983430847288
"IL-01 in Cook County, USA",0.07237632370185758,0.22934794182246573,0.18426856400186983,0.19806205784627298,0.2048273654485436,0.11111774717899041
"CA-49 in San Diego County, USA",0.0607235488528682,0.20404355638769586,0.1857817750407017,0.21240195319681077,0.2170398672610252,0.12000929926089825
"UT-04 in Salt Lake County, USA",0.03156651261490089,0.15533752172208637,0.19045894558082094,0.23883093744016,0.22024176161712639,0.16356432102490542
"FL-18 in Polk County, USA",0.08633363102695842,0.23809168210112927,0.1765183729669009,0.19250446099539495,0.18825174189718333,0.1183001110124331
"FL-15 in Hillsborough County, USA",0.05181579943284873,0.2073163487231977,0.1934466447962239,0.21410927558077292,0.21128066654560834,0.12203126492134825
"TX-24 in Tarrant County, USA",0.04383456096749666,0.2093226848518212,0.21698860695237085,0.19714146708168903,0.19978464447838284,0.13292803566823932
"WA-10 in Pierce County, USA",0.050021857426568644,0.1934573739734706,0.1812294614952846,0.23411782746437418,0.2033489679912617,0.1378245116490403
"WA-03 in Clark County, USA",0.05644781205815176,0.22653244550790141,0.19786543241207347,0.20095509714115378,0.19158741092540896,0.12661180195531063
"CA-48 in San Diego County, USA",0.06785975967120242,0.24435815584390497,0.18492990003298557,0.19310565998533644,0.18691202656504874,0.12283449790152189
"CA-22 in Kern County, USA",0.03123174608096567,0.1414380684595878,0.17120584712793124,0.22969583494435264,0.25770464916932695,0.16872385421783576
"IN-01 in Lake County, USA",0.06614104955386399,0.23620103846347734,0.18856077027776377,0.18708272420224833,0.20083883651761858,0.12117558098502798
"NY-11 in Richmond County, USA",0.06480577279239562,0.23797852634756933,0.20250048963304096,0.19298509911260223,0.18679652150044448,0.11493359061394724
"IA-03 in Polk County, USA",0.04994569119460962,0.19866999678851885,0.1899335407500138,0.2258325816012813,0.19968048830877674,0.13593770135679964
"CT-03 in South Central Connecticut Planning Region, USA",0.07256422283216474,0.23214652190407808,0.1820504960812934,0.20553924425479983,0.20608379246760225,0.10161572246006173
"AZ-09 in Maricopa County, USA",0.045993886893384815,0.19168090850074065,0.20173124897490735,0.20555809654578244,0.217155834803448,0.1378800242817367
"NV-02 in Washoe County, USA",0.058863010100925886,0.23671309285097902,0.1869275759862264,0.21374943200530266,0.18727358376514827,0.11647330529141775
"NM-01 in Bernalillo County, USA",0.07327964789660409,0.24797172815393145,0.17845725480083524,0.21712962327867646,0.17721134485432458,0.10595040101562832
"IL-02 in Cook County, USA",0.057728656279923525,0.22003380468983255,0.18627273192109517,0.1956132970216032,0.21397268096049876,0.1263788291270467
"TN-02 in Knox County, USA",0.06197561364744286,0.2209968557205458,0.18513186672142584,0.20308580700726026,0.2161655410984355,0.11264431580488968
"OH-07 in Cuyahoga County, USA",0.08655370805859228,0.2698512946506461,0.18994127796557336,0.1765329787069603,0.16978086679624166,0.10733987382198623
"NY-22 in Onondaga County, USA",0.070974524936739,0.24258935023945422,0.1775037345587321,0.19426447628739563,0.20001854110964326,0.11464937286803575
"AZ-07 in Pima County, USA",0.05783778831361803,0.1989404277979694,0.16417916029675533,0.20211405073905098,0.257939517865394,0.11898905498721234
"TX-22 in Fort Bend County, USA",0.03965864798809227,0.1917360940608616,0.23105565002029596,0.17997700351881674,0.2129858054781755,0.14458679893375795
"FL-07 in Seminole County, USA",0.06216114441720049,0.2240629720442807,0.20585516772147835,0.21557526819603665,0.1807857384323744,0.11155970918862942
"NY-07 in Kings County, USA",0.04135433532533439,0.1403924141164525,0.1655236873353775,0.3406913847790493,0.1833024917777118,0.12873568666607454
"MO-01 in St. Louis County, USA",0.06467257823955233,0.2317351059182052,0.1739145319457511,0.2037365764668728,0.2020806195194497,0.12386058791016895
"MA-01 in Hampden County, USA",0.06913879446237654,0.23692106420168788,0.18680578640901632,0.19051397810258114,0.2030304655078121,0.11358991131652602
"SC-04 in Greenville County, USA",0.06343814295984483,0.22403545938259653,0.19054484449597212,0.20454559739674463,0.1916034070586385,0.12583254870620322
"FL-04 in Duval County, USA",0.051572398643422175,0.21651073475758956,0.18830698383384903,0.22352282444361962,0.1821148429816915,0.13797221533982815
"WA-01 in Snohomish County, USA",0.04096608220737487,0.20371691209026524,0.21063826463688798,0.2331806309827114,0.17884223790703324,0.13265587217572725
"VA-02 in Virginia Beach city-County, USA",0.05690493774827491,0.2111773420326969,0.18561458556389268,0.2331041957094599,0.1895279881483553,0.12367095079732027
"CO-08 in Adams County, USA",0.038700109506457345,0.17674123327407168,0.1944546593883108,0.2411778612457754,0.21114163986335252,0.13778449672203222
"CA-24 in Santa Barbara County, USA",0.0659956081858412,0.19946565516440262,0.164811426758792,0.19047874348543845,0.2561437369736692,0.12310482943185651
"NJ-10 in Essex County, USA",0.05235892842429758,0.19679816615405168,0.19809875036325814,0.22004375974762352,0.19870869234776659,0.13399170296300253
"CA-08 in Contra Costa County, USA",0.051675829342134175,0.21378968315051916,0.19728971625002345,0.22499563979811757,0.19288834677941896,0.1193607846797866
"MN-02 in Dakota County, USA",0.055191654258333465,0.2242929544375182,0.1956991072882993,0.20235716268644047,0.19064935541672498,0.13180976591268356
"IL-06 in Cook County, USA",0.07200277556775558,0.26032350682476224,0.18551260636964212,0.1871021864782424,0.1742253406199028,0.12083358413969497
"TX-36 in Harris County, USA",0.04811149506665795,0.2006736567393143,0.19273613104917336,0.20823942811572593,0.2147602643773435,0.13547902465178496
"NJ-03 in Burlington County, USA",0.07237065530027377,0.24699726236268496,0.20507098219958184,0.1833870464705271,0.1834840766538448,0.10868997701308752
"FL-17 in Sarasota County, USA",0.17713399295656548,0.3451376078409451,0.15349283544822703,0.12482764082210669,0.12782762218868204,0.07158030074347364
"MA-03 in Middlesex County, USA",0.056962944351288146,0.2397333997261065,0.20355590671753657,0.19587628771590762,0.19342308667810773,0.1104483748110534
"NY-10 in Kings County, USA",0.04420466436139268,0.16742242686878597,0.20194912372047957,0.281393329566594,0.15204037646357954,0.15299007901916822
"OH-09 in Lucas County, USA",0.06361140228008497,0.23624342550763894,0.18064896153168278,0.2001753197962951,0.19264074283647023,0.12668014804782798
"TX-02 in Harris County, USA",0.034549309965472785,0.18409472674368302,0.20433406290276127,0.20892572214426314,0.21384732001113368,0.15424885823268605
"OR-01 in Washington County, USA",0.04690014686453611,0.1905665834601113,0.2076681167382553,0.23810478233655993,0.19591455580433076,0.12084581479620653
"CT-04 in Western Connecticut Planning Region, USA",0.06734286341867024,0.2345745393414607,0.21303921407275297,0.17850817022294105,0.18982652954676146,0.11670868339741347
"TX-05 in Dallas County, USA",0.04506483147401026,0.19799374847058895,0.19647592253157728,0.19644376593233098,0.22273303532981995,0.14128869626167245
"VA-10 in Loudoun County, USA",0.03739760675909665,0.1640803567068733,0.2466157792650791,0.1970275519273182,0.20769991243327382,0.14717879290835884
"FL-12 in Pasco County, USA",0.09501433942651834,0.2625960853131502,0.194154648392794,0.17586697530936382,0.16717420875040445,0.1051937428077693
"TX-34 in Cameron County, USA",0.05734688824339229,0.17477258037367985,0.17773111965498,0.18107014131774596,0.24865454128858117,0.16042472912162076
"NY-14 in Bronx County, USA",0.06764443819413378,0.203334550287646,0.1896538109103153,0.2181515314821431,0.19496857630215508,0.12624709282360677
"MD-03 in Anne Arundel County, USA",0.0627674103775781,0.23251788353100938,0.19572564277432036,0.20387258357396223,0.1847484172760881,0.12036806246704192
"WA-08 in King County, USA",0.044028837279373345,0.21691872820153832,0.2331552751183971,0.19116862592551967,0.18543599707866207,0.12929253639650945
"AL-01 in Mobile County, USA",0.0632574418954858,0.23236906444151673,0.18511866829787177,0.1951997017777375,0.19596634870224186,0.12808877488514633
"TX-31 in Williamson County, USA",0.049874737097418985,0.19184905245370115,0.21886599336910648,0.2051409942165267,0.19846208622675418,0.1358071366364926
"RI-01 in Providence County, USA",0.06418322616927591,0.21744736422887664,0.18669028006707544,0.21803337605176445,0.20268777825189158,0.11095797523111592
"WI-05 in Waukesha County, USA",0.07590567732130697,0.26610038190915103,0.19762565008437527,0.16760088026605352,0.1828821805334886,0.10988522988562463
"MI-08 in Genesee County, USA",0.06987496088648941,0.24782722176785263,0.18660449526398803,0.18468331669128712,0.19241878087852982,0.11859122451185285
"CA-03 in Placer County, USA",0.08246446681487772,0.24669397746858843,0.19973771638398322,0.1751455049584093,0.18172757475083057,0.11423075962331077
"TX-33 in Dallas County, USA",0.02869796179857201,0.14865037611388662,0.192876003252385,0.25116973759579503,0.22333255393036264,0.1552733673089986
"NY-18 in Orange County, USA",0.05542122693502261,0.21307783276463366,0.19416888246120162,0.1766484130391662,0.22432126384400808,0.13636238095596784
"FL-16 in Manatee County, USA",0.12320679593945656,0.30127601158997425,0.17361659878832086,0.15477782505622759,0.15234889469738416,0.09477387392863655
"GA-11 in Cobb County, USA",0.043954335774601186,0.18597660308809266,0.2031679970304675,0.24030229769202355,0.20862998233237656,0.11796878408243835
"UT-03 in Utah County, USA",0.03436553355365457,0.12038032170909431,0.14245320804389733,0.20314324050130064,0.3437444013404098,0.15591329485164332
"TX-08 in Harris County, USA",0.023979723015905674,0.1472911685822288,0.21265584302654508,0.22755033661010493,0.22521782755225606,0.16330510121295957
"OH-08 in Butler County, USA",0.057027563623236986,0.22086996880076323,0.1867570842895083,0.17705180104685042,0.23500244952685456,0.12329113271278654
"NJ-11 in Morris County, USA",0.07662485183682739,0.2439033563249606,0.2134008480277772,0.17173105955855228,0.1894476421044705,0.10489224214741208
"FL-09 in Osceola County, USA",0.050282517070656875,0.18971632604231578,0.2087155661778819,0.2138742306043946,0.20865772182651426,0.12875363827823658
"NJ-09 in Passaic County, USA",0.05417496041599074,0.1967179337244393,0.19055898929976875,0.20894321973982205,0.20869127260439038,0.14091362421558887
"AL-05 in Madison County, USA",0.06033248811327519,0.2312108627786544,0.19145673546182249,0.2043208277399653,0.19635534830655058,0.11632373759973204
"CA-20 in Kern County, USA",0.05564506352951513,0.2124898766436649,0.17571495451185729,0.20960698664862826,0.20686210767176463,0.13968101099456987
"IN-03 in Allen County, USA",0.05636930748299676,0.2113272871550575,0.18335738360932224,0.20084119223023317,0.2064875510359078,0.14161727848648253
"MA-08 in Norfolk County, USA",0.07685455826661496,0.24143942311640484,0.19874605441957957,0.21768414224456034,0.1613609746699477,0.10391484728289245
"NC-13 in Wake County, USA",0.04147046061328005,0.1892374212121776,0.21877189307023745,0.20628326729146862,0.2115572954634461,0.13267966234939027
"TX-25 in Tarrant County, USA",0.045326363170887514,0.19308266211584119,0.1944540039468002,0.21547586383816583,0.22179894969418026,0.12986215723412511
"OR-04 in Lane County, USA",0.0735628015515121,0.25157411203262803,0.17259258091303753,0.1944461963777028,0.21117015126191752,0.09665415786320204
"AL-06 in Jefferson County, USA",0.06323861580979001,0.22368123629761563,0.19014283412522534,0.20940280180978776,0.17980109295114663,0.13373341900643473
"PA-07 in Lehigh County, USA",0.06937061735554052,0.2277095883938447,0.1873892593666441,0.19643643353414303,0.20008751865811883,0.11900658269170881
"MI-06 in Washtenaw County, USA",0.0539380090169679,0.20221315811379426,0.17059201039717084,0.20351011925060888,0.2723430421928579,0.09740366102860028
"VA-08 in Fairfax County, USA",0.057363089640979484,0.205782522454046,0.20355401204739482,0.21654483727931093,0.17473466490197612,0.14202087367629262
"MA-04 in Bristol County, USA",0.06629396881857474,0.24541578444244846,0.20532885994570943,0.19490884669367983,0.18238805106331846,0.10566448903626899
"FL-16 in Hillsborough County, USA",0.06579329329157474,0.21168826242585825,0.19795749479744254,0.2127377631067476,0.18659296166446543,0.12523022471391126
"TN-03 in Hamilton County, USA",0.07031608931037932,0.23808643267185947,0.1868643894116821,0.20905558434614313,0.18087836055733705,0.11479914370259886
"IL-14 in Will County, USA",0.04328616106066731,0.1847782202823386,0.22621538581191622,0.19203303878388017,0.2284565989129293,0.12523059514826837
"TX-33 in Tarrant County, USA",0.03557939218825832,0.15657484119612478,0.182472534110419,0.23083899748906442,0.237590146460964,0.15694408855516948
"LA-06 in East Baton Rouge Parish, USA",0.054111568305551166,0.20730622013532674,0.16747315769274132,0.2132535410191434,0.2321606348258288,0.12569487802140863
"CA-18 in Santa Clara County, USA",0.04706373133958541,0.1832074719799293,0.19933948131999335,0.2359905018554353,0.2180645272096587,0.116334286295398
"AR-02 in Pulaski County, USA",0.0622223017300474,0.22939594725460788,0.17922869689537915,0.21444728165068172,0.19022918599409128,0.12447658647519254
"NY-14 in Queens County, USA",0.05238043457028901,0.18295405591721894,0.20026805990560503,0.2933998384366089,0.15945179417214322,0.11154581699813496
"IL-08 in Cook County, USA",0.05997472731799492,0.22120989110056344,0.19757991484892087,0.22548494460138815,0.1692220337427398,0.12652848838839295
"CO-04 in Douglas County, USA",0.04256699118452032,0.20602701422136974,0.2377254674037482,0.1832077196284029,0.2069602660641803,0.12351254149777856
"TX-27 in Nueces County, USA",0.05723514664617971,0.2083729920615839,0.18066719649788732,0.2083185033986569,0.20939474487613713,0.13601141651955506
"SC-07 in Horry County, USA",0.08165224073188058,0.3226885882881707,0.1815609006422803,0.16451654995432996,0.15753990692009917,0.09204181346323924
"TX-14 in Galveston County, USA",0.05313079528122111,0.22547786001847273,0.19450175127782854,0.19962996779272185,0.1953065604200467,0.13195306520970912
"IN-05 in Hamilton County, USA",0.04694744976816074,0.19631106271369023,0.2154875649852466,0.19649548030537212,0.2062315582408318,0.13852688398669852
"TN-05 in Davidson County, USA",0.04882087514235187,0.19697158632064704,0.18172223289495407,0.25623920267630895,0.18205538064620477,0.13419072231953338
"TX-23 in Bexar County, USA",0.04628361238078567,0.18224193333976943,0.20532717754292606,0.20872071019549232,0.219965310925067,0.13746125561595945
"NY-10 in New York County, USA",0.07209451282984643,0.20726233296790098,0.1863480667130264,0.3060338455945044,0.16304445571812354,0.06521678617659812
"TN-04 in Rutherford County, USA",0.03814121187741176,0.1761945201805748,0.19659708875281218,0.22177624815625976,0.23714596462998555,0.13014496640295595
"TX-21 in Bexar County, USA",0.05649379017256097,0.19640912230303542,0.20148117249901912,0.22725062094667364,0.19292072267282157,0.1254445714058893
"TX-02 in Montgomery County, USA",0.04640182446378842,0.1923223989477027,0.21242987941025934,0.198805583222194,0.2094897634216903,0.14055055053436527
"NY-17 in Rockland County, USA",0.06870737179963446,0.20762292524183842,0.17221570055128757,0.17292301291290846,0.21951944366019288,0.15901154583413823
"MI-06 in Wayne County, USA",0.06679653473026026,0.2601786332231543,0.21061895158884528,0.17497881937400808,0.17881221435986777,0.1086148467238643
