longname,PW Mean PM2.5 Pollution,Utility gas heating %,Electricity heating %,"Bottled, tank, or LP gas heating %","Fuel oil, kerosene, etc. heating %",Other fuel heating %,No heating %
"AZ-03 in Maricopa County, USA",9.50887687842844,0.20489438524364859,0.7620316149254728,0.010074628641972255,0.000530541970478657,0.004462463612382391,0.018006365606045346
"AZ-01 in Maricopa County, USA",9.18245781579759,0.2694938358119946,0.7045640977890988,0.010668672795655122,0.00047395654455781625,0.009255384034861413,0.005544053023832256
"AZ-04 in Maricopa County, USA",9.628111857064836,0.14267174882696318,0.8350981365681551,0.006564591233207748,0.0008024920312066171,0.005390565660875169,0.009472465679592344
"AZ-08 in Maricopa County, USA",9.199283638180662,0.3079439126076049,0.6589158055393936,0.00838892209336138,0.0003766825883167962,0.015659077105083543,0.008715600066239821
"OH-03 in Franklin County, USA",8.403319510156342,0.7028564815363444,0.27365644634895964,0.014227513429139532,0.002259490161063545,0.0036200642478797316,0.0033800042766132707
"OH-11 in Cuyahoga County, USA",7.73793250406201,0.7980867068380496,0.16663750447428607,0.01398820940882145,0.0016801965861638183,0.009441545917510513,0.010165836775168668
"NY-08 in Kings County, USA",7.732565913957907,0.810058664399116,0.0802230383264065,0.021486889536086937,0.05355128063154934,0.011467368048010265,0.023212759058831148
"NY-09 in Kings County, USA",7.443682111325885,0.7700797097336318,0.07152712110098114,0.024674557264039727,0.0961427654787389,0.016865277142968753,0.020710569279639823
"NY-06 in Queens County, USA",7.680411453089217,0.7351041048749813,0.07908502907115955,0.02692096297098426,0.13058394626546327,0.012285195250614826,0.016020761566796715
"NY-12 in New York County, USA",7.676263710921873,0.46676843939956303,0.27719803922121783,0.01881099230025322,0.15980667737418144,0.039250807148454955,0.03816504455632938
"NY-15 in Bronx County, USA",7.444784963805195,0.49406168301097086,0.12930696140178727,0.026905129030198784,0.2920125635883122,0.015998235023821444,0.041715427944909435
"NY-05 in Queens County, USA",7.744022616005102,0.8083112491147821,0.05799462342350481,0.0219916009999535,0.08877604684742585,0.009054679208409997,0.013871800405923559
"NY-04 in Nassau County, USA",7.332599665302175,0.6394546020380469,0.05627431724183469,0.01718000711958025,0.2746788257505412,0.007808164174882367,0.004604083675114445
"NY-01 in Suffolk County, USA",6.043755388989601,0.3921283145572301,0.07196513762255725,0.03803873149539819,0.48146335357248526,0.013090755786800839,0.0033137069655283617
"MI-13 in Wayne County, USA",8.481481864445897,0.8664818930824303,0.10541340353381708,0.011544527479725168,0.0012774518501710653,0.007735576590967267,0.0075471474628891096
"MI-11 in Oakland County, USA",8.223824267600436,0.8553390565335615,0.1204177949372279,0.013181295370938359,0.0011584532597361684,0.005673058707309572,0.004230341191226535
"NV-03 in Clark County, USA",6.679391902974314,0.6395710067972566,0.3345238601758965,0.014972136727005559,0.000818364267067591,0.005670367924213478,0.004444264108560359
"NV-01 in Clark County, USA",6.8165382351333275,0.5402712020124862,0.43288177165247493,0.010669592206747186,0.0009773405617793734,0.007404651552728003,0.007795442013784327
"MD-08 in Montgomery County, USA",7.1897406808053494,0.5686304140546781,0.37616860856256074,0.013449278875889096,0.02661508317317207,0.00973802128978848,0.005398594043911574
"WA-07 in King County, USA",5.787041164465248,0.3642272628346616,0.5623938988608113,0.009618870286257462,0.04239294159207069,0.013589831744618558,0.007777194681580507
"FL-10 in Orange County, USA",7.379696291065673,0.0352167992049665,0.9380947881632433,0.006475167215214422,0.0016290339998772838,0.004679761422777031,0.013904449993921469
"FL-13 in Pinellas County, USA",7.464366971168937,0.037877728914217236,0.9377376912654022,0.005436643837864735,0.0011907735344076592,0.004798222831281045,0.012958939616827125
"FL-25 in Broward County, USA",7.026454102552832,0.02302038470519412,0.917440740024362,0.004883607495947371,0.0007868456524759832,0.002142397032429376,0.051726025089591135
"FL-22 in Palm Beach County, USA",6.762503578480416,0.031508112285919425,0.9328354972171187,0.0035866571561458407,0.001864319170409187,0.0021273213390919097,0.028078092831314953
"WA-09 in King County, USA",5.6964956368858894,0.4182456492566516,0.5307621027654132,0.013923604786081912,0.021341245699200383,0.008356388657079302,0.00737100883557385
"FL-27 in Miami-Dade County, USA",7.078531753683502,0.026179323248753147,0.9202574861735752,0.004507139762880455,0.0022742407063987306,0.0014991458413065191,0.045282664267085826
"TX-18 in Harris County, USA",8.483948473612763,0.3849294705996915,0.5931669160022954,0.009014601096623467,0.0003745126626419346,0.0028196579968887063,0.009694841641859069
"TX-20 in Bexar County, USA",7.83752102057378,0.2761366235377351,0.7065260425229145,0.005288030236690684,0.0008073141665624391,0.0041105636988716596,0.007131425837225883
"TX-29 in Harris County, USA",8.610676298101147,0.3849915371597752,0.5964891487042232,0.007686383455537605,0.0005641896690456702,0.0019538371760188574,0.008314903835399562
"TX-38 in Harris County, USA",8.101266282137082,0.5146059805206563,0.4652936336487844,0.014048378469264145,0.0006022140392602353,0.0017089953578548968,0.003740797964179902
"TX-16 in El Paso County, USA",7.250386977910268,0.7188725821898041,0.2587841836702539,0.01367810178490084,0.0008105800517998751,0.004948156247611277,0.0029063960556299315
"PA-02 in Philadelphia County, USA",7.552217422068317,0.7509278676163486,0.19354474474216948,0.013402014366383016,0.03184128875422757,0.0037173768336593777,0.006566707687212049
"PA-03 in Philadelphia County, USA",7.558735562688015,0.676399913712446,0.25904638081377396,0.014676179300796404,0.03447795538211236,0.006465430622788389,0.008934140168082968
"CA-41 in Riverside County, USA",9.352020177770171,0.7053381381072528,0.21920927951043828,0.039237658101410826,0.0006130492065352948,0.02559560328714189,0.010006271787221105
"CA-52 in San Diego County, USA",9.669163095417911,0.6391499914948869,0.2919766266827345,0.012565564724358089,0.0009250746875728488,0.014950997063071186,0.04043174534737636
"VA-11 in Fairfax County, USA",6.918363938170272,0.5406150348532524,0.42455902530412754,0.0140621985012535,0.01430362748089902,0.0029623432471135905,0.0034977706133540896
"CA-27 in Los Angeles County, USA",8.037914110835013,0.7849844355483871,0.15781992707036271,0.027680085032188696,0.0011087958385877772,0.021915828764577854,0.006490927745895906
"CA-14 in Alameda County, USA",8.290325660204761,0.717540186536321,0.24080116846723137,0.01840452873122728,0.0006748894404517005,0.01069831482318593,0.011880912001582698
"NY-25 in Monroe County, USA",6.076687423388729,0.7703675223195469,0.17237962375771868,0.02254015887197849,0.017567759535950172,0.01142795883063016,0.005716976684175819
"CA-50 in San Diego County, USA",8.504912102005589,0.5419520861934334,0.36458689341764355,0.01833008133429374,0.0014226922474105538,0.01806641812761378,0.05564182867960507
"CA-11 in San Francisco County, USA",8.160730455595928,0.574594869412251,0.33401699998729845,0.01613467948211316,0.0011164297912453218,0.013983213791583406,0.060153807535508697
"CA-12 in Alameda County, USA",8.564341003615402,0.6528057323574471,0.2909455927191828,0.015291469886532209,0.0004925441125250156,0.009051984192124612,0.031412676732188206
"CA-47 in Orange County, USA",10.680640424542428,0.6584022631212308,0.28709899829881635,0.015886505000399877,0.0007347567607064115,0.006824309078727971,0.031053167740118334
"CA-51 in San Diego County, USA",8.718766013763013,0.5522796836237669,0.36007860741235664,0.012216181278807092,0.0005880623460981597,0.020129104112258725,0.054708361226712444
"CA-30 in Los Angeles County, USA",11.236313029060998,0.6487505812231457,0.2983383667554419,0.015148774713896035,0.000829500324249161,0.004891164861079266,0.032041612122188014
"CA-44 in Los Angeles County, USA",11.460216926742868,0.661118341861231,0.24096775895750347,0.010213314677514402,0.0004122586034920528,0.007101415438923368,0.08018691046133586
"CA-34 in Los Angeles County, USA",12.113839237971368,0.4498296006766652,0.3780183056688405,0.017412292724162594,0.0013459808174812336,0.005877102948849845,0.14751671716400072
"CA-46 in Orange County, USA",11.597727078035442,0.6692903546304707,0.2375783434802701,0.015358785708979488,0.0005811162012627713,0.004860194512747323,0.07233120546626973
"CA-36 in Los Angeles County, USA",10.415840122443942,0.6493333756369027,0.3021872975570244,0.014057217241181152,0.0007452365362971481,0.004896010326673792,0.02878086270192059
"CA-29 in Los Angeles County, USA",10.706229483609622,0.5875386222296024,0.32287665382071457,0.0144411917550368,0.0006081242318013964,0.011281092287760254,0.06325431567508454
"CA-31 in Los Angeles County, USA",12.481003768535073,0.7261750771956402,0.21415059502010467,0.013601226904539063,0.0009949470163738113,0.006419016840300366,0.03865913702304186
"CA-33 in San Bernardino County, USA",11.657451916152471,0.7109359668058396,0.23782540575745748,0.013657682867277117,0.0012214862589913962,0.013096132113784216,0.023263326196650138
"CA-06 in Sacramento County, USA",9.661877024570295,0.5907267023687216,0.3751905306114044,0.015739633660439397,0.0006679957497739845,0.010098415379371874,0.007576722230288733
"CA-39 in Riverside County, USA",10.815595463762175,0.7426688852334334,0.20090338614788247,0.017375037298876315,0.0001993194644271007,0.009706563683128557,0.029146808172252188
"CA-32 in Los Angeles County, USA",9.905638173377612,0.607546083752425,0.3436024517696731,0.019940909021711997,0.001429994205162873,0.00851723116469186,0.018963330086335096
"CA-37 in Los Angeles County, USA",11.663296951674807,0.6286413675555352,0.2607280978284016,0.012443517887948044,0.0006102671326082963,0.004519666089343948,0.09305708350616286
"CA-43 in Los Angeles County, USA",11.73146712553781,0.6405414215138985,0.2606767882000043,0.01538064318437492,0.0007929633247960104,0.0052589957449249965,0.0773491880320012
"CA-42 in Los Angeles County, USA",11.906349521193244,0.6060985246568703,0.256471241052232,0.01374231121481981,0.0007366865143649539,0.007124843117178265,0.11582639344453458
"IN-07 in Marion County, USA",8.342618059415905,0.602368950501608,0.3734168725645087,0.012053474297574633,0.0022141033795057175,0.004467394429445165,0.005479204827357965
"IL-07 in Cook County, USA",8.550431482499198,0.7379022145445363,0.22770016904510818,0.015684365261212783,0.0008512226140357385,0.005254569133407102,0.012607459401699883
"KY-03 in Jefferson County, USA",8.205648953193174,0.6117812700088245,0.3679708398915661,0.009363204727419238,0.001710863256672759,0.005418268625260077,0.0037555534902572792
"NY-02 in Suffolk County, USA",6.198177606205285,0.41018675728657683,0.0866042313359518,0.026378103567253893,0.4593679455644041,0.013580710209640042,0.003882252036173313
"NC-02 in Wake County, USA",7.235423333604375,0.4320486141276799,0.5352027395637332,0.023743001974091862,0.0019563742125686804,0.003130765632222475,0.003918504489703956
"CA-09 in San Joaquin County, USA",9.490918791849635,0.664281028160338,0.26427904448883316,0.034961417532611845,0.001150289860570801,0.02567508574919488,0.009653134208451363
"TN-09 in Shelby County, USA",7.80899343575292,0.4665504383971864,0.5166823948583222,0.008548349560324249,0.0005493689874825505,0.0030163884284320074,0.0046530597682527585
"WI-04 in Milwaukee County, USA",7.448194409150592,0.802413280494866,0.160121453626814,0.01185267213929251,0.008846665772618905,0.009161981640444971,0.007603946325963563
"MD-04 in Prince George's County, USA",7.25070477611128,0.540105491106685,0.4037757325306826,0.011237646201071963,0.0292216211299698,0.009060673912405797,0.006598835119184732
"CA-23 in San Bernardino County, USA",7.959873341280563,0.7251239968264319,0.15647323710694203,0.0600039866475606,0.0015376966418193636,0.04857107221706958,0.008290010560176508
"HI-01 in Honolulu County, USA",3.54929588877617,0.038300072291012,0.4212551855166986,0.00834677584351533,0.00040569095411538745,0.04041218399667901,0.4912800913979796
"CO-05 in El Paso County, USA",5.137807004882193,0.7043739794924075,0.24839668062103837,0.030328811192508343,0.0009407010444971326,0.011771485233066857,0.004188342416481531
"NV-04 in Clark County, USA",7.101951042581217,0.5732397234180455,0.3976027358500911,0.012464129511158183,0.0008742156281039183,0.009320135229998918,0.006499060362602448
"IL-04 in Cook County, USA",8.719082932124643,0.9122210986905666,0.06468661602785013,0.013585310436930963,0.0007570191423221864,0.0034744873086051667,0.005275468393725194
"CO-01 in Denver County, USA",7.231801786702947,0.653837346241615,0.31067268857504127,0.013454165481082343,0.001193490181954597,0.012677077464202746,0.008165232056103783
"TX-30 in Dallas County, USA",7.94326461348531,0.2860272538000487,0.6937997750925463,0.008888047796324997,0.001052350418431652,0.0032989465702431674,0.0069336263224052215
"IL-05 in Cook County, USA",8.414813575882073,0.7678605481324825,0.18477663002757364,0.015251107355600228,0.002136720757092348,0.013330385217381696,0.01664460850986932
"CA-26 in Ventura County, USA",8.736402021455113,0.7520462620589076,0.16943651320827813,0.015086319028870821,0.0008948307843017019,0.01062023440891539,0.05191584051072625
"TX-37 in Travis County, USA",7.687602406554676,0.4205560788555101,0.5547553807393982,0.016725849642288574,0.000303150121636252,0.0036564140415990902,0.004003126599567788
"NY-16 in Westchester County, USA",7.386361368925686,0.5896329628505577,0.10918791489721102,0.021540385154691855,0.2577611854488421,0.01229685493024953,0.009580696718447686
"CA-10 in Contra Costa County, USA",8.252189138472426,0.6682710075572765,0.2806331534799876,0.01799853948028102,0.000757624604537795,0.025260876267132616,0.00707879861078451
"CA-07 in Sacramento County, USA",9.16151806999317,0.5836420132581136,0.3612287746425826,0.031694970842042744,0.0008659365867385815,0.012405217943329268,0.010163086727193205
"CA-38 in Los Angeles County, USA",12.59752750981447,0.7515180662429297,0.1858391312033674,0.014400808730571578,0.000637055816734197,0.0067516425083454495,0.04085329549805173
"CA-40 in Orange County, USA",10.475987659612393,0.7187340436549949,0.2438095626096594,0.013867274297728356,0.0003233671590718373,0.01024007755030824,0.013025674728237242
"FL-24 in Miami-Dade County, USA",6.923905640983251,0.02921159457038104,0.9170972216620563,0.0034641052602111203,0.000968727620546049,0.0014923779175797821,0.04776597296922581
"FL-28 in Miami-Dade County, USA",6.903699755378451,0.021484554294973066,0.9328498842186217,0.0029211586174879255,0.0008986629253421173,0.001930738425593849,0.039915001517981365
"MI-10 in Macomb County, USA",8.215321118501063,0.892534025798052,0.08428552446839112,0.01246077717052454,0.0008794173984889269,0.004975091169677282,0.004865163994866156
"CA-28 in Los Angeles County, USA",11.603291378464506,0.7078535049037296,0.2551584265399667,0.013299137172108138,0.0008970445904377089,0.003962076738680796,0.018829810055077004
"TX-03 in Collin County, USA",7.979504807668825,0.5058286913921922,0.461192674637519,0.026379631808961728,0.0008199182519189801,0.0027343064009306447,0.0030447775084775073
"MI-12 in Wayne County, USA",8.432060342538142,0.873703374032489,0.10330838298708682,0.011382655971468373,0.0008050596734671276,0.004911914443522149,0.005888612891966555
"TX-26 in Denton County, USA",8.214786896993127,0.43539742168738016,0.5300075396551203,0.026439884765673646,0.0007433914419165165,0.0030199057247923817,0.004391856725116969
"MA-05 in Middlesex County, USA",6.255991528493618,0.5783118359049672,0.16528981896408532,0.031471103577883755,0.20887340404640967,0.01090183873517813,0.005151998771476106
"CA-45 in Orange County, USA",11.699122115048358,0.7013141248456587,0.2350992634512643,0.015259898091233657,0.0005121793617040342,0.009380135721358394,0.03843439852878098
"GA-07 in Gwinnett County, USA",7.810715251923272,0.6343365148627033,0.3456461171586591,0.012671274507006626,0.0019581990179860266,0.0023894502186409088,0.00299844423500417
"OK-01 in Tulsa County, USA",7.623240233646322,0.6443625090642621,0.3310287409021667,0.01693530131714744,0.00033763174352264847,0.0047306811336753005,0.0026051358392258916
"PA-12 in Allegheny County, USA",8.20931600610269,0.8003729832303131,0.16119488070418728,0.014964457259967014,0.011664111691075488,0.006377995611933516,0.0054255715025236335
"TX-32 in Dallas County, USA",8.077829038182587,0.31746276708028365,0.6669924237371679,0.007344032821028872,0.00043324711556082425,0.002040733816289789,0.005726795429669025
"CA-17 in Santa Clara County, USA",8.45595137826912,0.5950116433933423,0.3662055620255895,0.0185222538253601,0.0009775070752296644,0.006552143040215304,0.012730890640263186
"MN-05 in Hennepin County, USA",7.361489520454942,0.7367830940622815,0.21663407247530958,0.018371790591711054,0.0022864455539902445,0.014779846619334054,0.011144750697373492
"TX-12 in Tarrant County, USA",7.762485144444844,0.2760647701533789,0.7005594636272606,0.0132877032621187,0.0006478065153102645,0.005054355928044782,0.0043859005138867
"PA-01 in Bucks County, USA",7.195068043610895,0.36785710416346373,0.30240895717645144,0.04832774883338338,0.2580702175514227,0.01916605510145733,0.004169917173821457
"CA-15 in San Mateo County, USA",7.468972005837006,0.6431581112243587,0.3142822907021194,0.01447195944008218,0.0011078237998885672,0.006676116716415657,0.020303698117135362
"CA-16 in Santa Clara County, USA",7.766519437816154,0.6461838496988338,0.3121458166937791,0.016775776631124197,0.0007975605143087626,0.011964426108586302,0.012132570353367915
"AZ-05 in Maricopa County, USA",9.16767553236416,0.42147730461695404,0.5576507275543771,0.010414622186584958,0.00063636647447165,0.006949162100288358,0.0028718170673240075
"NJ-05 in Bergen County, USA",7.373762121962197,0.80676793062975,0.12487110996034591,0.020347438345052735,0.0365893144067793,0.005248959815870959,0.006175246842201131
"MN-03 in Hennepin County, USA",7.075405967100423,0.8026920240187729,0.15596176541983217,0.01840358077034319,0.0028228966858881827,0.012228755793647692,0.007890977311515805
"MO-05 in Jackson County, USA",7.548358130224393,0.7275534889552303,0.24668604344724324,0.016053517374364425,0.0004739671888505997,0.005812045901880767,0.0034209371324305754
"PA-04 in Montgomery County, USA",7.470846868889596,0.5378594146437136,0.24760611379147404,0.0353720733140862,0.15897785795064157,0.015106946417716306,0.005077593882368249
"NY-26 in Erie County, USA",6.647638426911015,0.882817164582023,0.08204566342093066,0.015184389925903437,0.009318881740406584,0.0071576011865282585,0.003476299144208013
"IL-09 in Cook County, USA",8.46854220902514,0.7716123694934828,0.18206092525513284,0.013833610548173053,0.00166239527016731,0.013879403887882695,0.016951295545161407
"FL-19 in Lee County, USA",7.321900169009328,0.02116355288471558,0.950283166612015,0.004661468201596688,0.0006200072721102141,0.0026765370638441627,0.020595267965718388
"CO-06 in Arapahoe County, USA",6.88482276897339,0.680220125350277,0.29353627082767325,0.011185826799623383,0.0009237542557657924,0.008590805691525224,0.005543217075135419
"KS-03 in Johnson County, USA",7.625314028477104,0.7155398845971175,0.2606903159920843,0.01650353647210122,0.0006261846025829086,0.003307431424380869,0.0033326469117332005
"FL-08 in Brevard County, USA",6.543118106171451,0.09026733207778884,0.8825749926851482,0.008538801683034088,0.0005357356268312884,0.0047968943817816925,0.013286243545415972
"IL-10 in Lake County, USA",7.800163286101013,0.8442127826028591,0.13652201009096973,0.010130521866429095,0.0005817635427847673,0.005111394086903804,0.003441527810053577
"GA-04 in DeKalb County, USA",8.030890250313368,0.6244533362790681,0.3601684194558135,0.010576484602287797,0.0007054237187402905,0.0013850697831237328,0.002711266160966501
"OR-03 in Multnomah County, USA",6.866752519306095,0.5030526731137845,0.4423800131825867,0.01236883922154371,0.02518244890137872,0.01263868015047484,0.00437734543023156
"MA-06 in Essex County, USA",5.894537930895319,0.5243684645494184,0.15333163665219193,0.0397896334260742,0.26229959368232747,0.01513421752983012,0.005076454160157749
"PA-17 in Allegheny County, USA",8.167563309099304,0.8289077693204092,0.1383765140233095,0.011660179995748697,0.01220408985378251,0.005812306652598542,0.0030391401541514655
"NY-03 in Nassau County, USA",7.038459195187539,0.5599181686393038,0.06559395354227303,0.02363307369392945,0.3412442586359639,0.007685827956257477,0.0019247175322723337
"MD-02 in Baltimore County, USA",7.211213975149564,0.5108807640757719,0.38153993088189536,0.02334882988798174,0.06872214105283003,0.01026273580490673,0.005245598296614069
"CA-21 in Fresno County, USA",13.902728491501932,0.5672888283180396,0.36166711580017596,0.02929528306602325,0.0014915239300721023,0.02962992947574437,0.010627319409944632
"NE-02 in Douglas County, USA",6.920513051129094,0.735364815903288,0.23714568949635592,0.016571774469466335,0.0011930975795910181,0.005004868890857908,0.00471975366044093
"CA-25 in Riverside County, USA",9.307618643393969,0.6237782594056592,0.3231903091990556,0.022755867237401636,0.00041199898964046046,0.014707106657876468,0.01515645851036687
"FL-14 in Hillsborough County, USA",7.8153517932095475,0.05223637531777616,0.9234384371021364,0.006446713125518417,0.0015144832651117844,0.0025455812294571003,0.013818409960000218
"PA-05 in Delaware County, USA",7.313749278436023,0.6155741836715632,0.2032279745346605,0.022613557866437702,0.14313518660269295,0.00987622052536266,0.0055728767992830885
"TX-15 in Hidalgo County, USA",9.646845844423648,0.04966308066842672,0.907859176929533,0.025980346832857572,0.0004904925527940111,0.0033283622962199336,0.012678540720168737
"NY-13 in New York County, USA",7.476222516180684,0.547974786292711,0.13328524565869312,0.023854236544151607,0.24303281020691195,0.02422703795751963,0.027625883340012602
"AZ-06 in Pima County, USA",6.906873545156529,0.5356557693983077,0.42498619261334414,0.017077714940494825,3.135903329812153e-05,0.015407220942305382,0.006841743072249923
"DE-00 in New Castle County, USA",7.151262384463015,0.5495163667848113,0.3065281939687829,0.02703492525887301,0.10427951460514974,0.008378426575527533,0.004262572806855559
"CT-01 in Capitol Planning Region, USA",6.4874975767063825,0.5626047818324413,0.1419661748343899,0.028645807169379173,0.24552679405597833,0.01719272996012264,0.004063712147688648
"NC-12 in Mecklenburg County, USA",7.5029519094525154,0.5105320392877944,0.4695449010337513,0.012022664734982556,0.0025122740786011097,0.0023002830519178266,0.0030878378129527814
"TX-07 in Harris County, USA",8.393184813274274,0.2752371348569677,0.7050557038208078,0.00858726291033687,0.000412630958817675,0.001728538732358472,0.008978728720711517
"GA-05 in Fulton County, USA",8.367763164532859,0.41972793847244966,0.5617970460798368,0.008589574931862218,0.0008539050666565019,0.003129661360582899,0.005901874088611918
"FL-23 in Broward County, USA",6.857004196400721,0.024650666425717758,0.9186520845272986,0.00463595700229044,0.0008927339295132043,0.001922042510121037,0.049246515605058876
"WI-02 in Dane County, USA",6.955038214165524,0.6941186937585802,0.22831263027673665,0.049242488433967634,0.006312596383602505,0.01606110932230675,0.005952481824806411
"MA-02 in Worcester County, USA",5.9014398353374204,0.36636661094094103,0.19443966078446226,0.036042388402951146,0.3647982021189786,0.03435734323616284,0.0039957945165041316
"CA-35 in San Bernardino County, USA",12.417769761613195,0.733048680709224,0.21713324963269945,0.015166732320908044,0.00026072703268864025,0.00938585360995659,0.025004756694523223
"IL-03 in Cook County, USA",8.44100010302357,0.8769776017442319,0.08982486201405358,0.01668510918978831,0.0009540154125244956,0.006015572837758688,0.009542838801643036
"MI-03 in Kent County, USA",6.8458732562548485,0.8589672279944699,0.1044078099288448,0.0213460256320913,0.0014528185175722997,0.009167048112410495,0.004659069814611086
"MD-07 in Baltimore city-County, USA",7.404177297863413,0.6259493677315952,0.3055430856100583,0.014943155235621338,0.03732435980726494,0.005700441043742128,0.010539590571718042
"FL-26 in Miami-Dade County, USA",7.1610946802294535,0.03284916663231444,0.9177753052182235,0.004054988736472142,0.001733152351936733,0.001214391214975119,0.042372995846077885
"PA-11 in Lancaster County, USA",7.963300308358946,0.33070900328523506,0.3437727638923076,0.07819442233382008,0.18081826996830583,0.06271859366783893,0.0037869468524923833
"MN-04 in Ramsey County, USA",7.409033961028646,0.7240190421908814,0.2301227277611395,0.015281404898832496,0.003802832035356056,0.013015589742631443,0.013758403371159205
"NC-14 in Mecklenburg County, USA",7.584914893444981,0.45132143613682235,0.5283996023954926,0.012477840029542225,0.002749096078695377,0.0023455568092215612,0.0027064685502259365
"OH-01 in Hamilton County, USA",8.389216360747902,0.6387681018262846,0.32398379301081215,0.012870807753194225,0.006147813971616792,0.009784504215090473,0.008444979223001789
"NJ-06 in Middlesex County, USA",7.157327135879043,0.8017594399421915,0.11992164789353064,0.017876182581698572,0.046697483288571,0.0067641727736090776,0.00698107352039919
"NC-06 in Guilford County, USA",7.012566555898992,0.4083281372735071,0.5372505884999635,0.029503176580152234,0.010939536263286021,0.009670492806664117,0.00430806857642707
"OH-13 in Summit County, USA",7.912684656410428,0.8473736546304368,0.12490198569319658,0.013391273112759148,0.00474849200334673,0.0052128279372533285,0.004371766623007407
"WA-05 in Spokane County, USA",6.393377610072529,0.49912230490364434,0.4337053997328754,0.014997137950772708,0.012907842014882681,0.033810341537874405,0.005456973859950418
"MA-07 in Suffolk County, USA",6.179859059499757,0.5813014798192246,0.3056877566811727,0.023744675593274908,0.06932170807410287,0.006816001675163857,0.01312837815706093
"OH-10 in Montgomery County, USA",8.112959204198814,0.6567226203475713,0.29649114275482963,0.024805591536655753,0.010101724587641869,0.007608344864477729,0.004270575908823644
"OH-15 in Franklin County, USA",8.308596642308157,0.6754861560371547,0.2965798872474853,0.01754554129001015,0.0049798132699516995,0.002906923478104176,0.002501678677294018
"MO-02 in St. Louis County, USA",8.214895419295276,0.7368962972789699,0.24561760280458048,0.012761107121717047,0.000598505318136319,0.002710982200969177,0.0014155052756270193
"FL-20 in Broward County, USA",7.062927573322835,0.025367627384771243,0.9328204078758764,0.005412299411144774,0.0011634690604476034,0.001469650591443502,0.0337665456763164
"FL-05 in Duval County, USA",7.317287423310898,0.029758113485446207,0.9516598367509098,0.004755544919226778,0.0022497310186337482,0.0027174698223808697,0.00885930400340256
"PA-06 in Chester County, USA",7.3066548780935765,0.3494315786373113,0.2953588634650043,0.1174461789263323,0.20873609854785669,0.024914402834194802,0.004112877589300733
"OK-05 in Oklahoma County, USA",7.324650733953551,0.5952251346625425,0.37161858804281833,0.02382587649193252,0.0008695761758926353,0.0056939913398830104,0.002766833286931109
"NJ-04 in Ocean County, USA",6.1804388465967,0.7677106274460271,0.15911150675815902,0.011297140156284819,0.05031474081903308,0.009078512071061055,0.002487472749434822
"TX-09 in Harris County, USA",8.426054235402356,0.328551895123165,0.6553532776259151,0.007405771025986255,0.00031106971637292135,0.0013362778678284572,0.0070417086407322405
"KS-04 in Sedgwick County, USA",6.9505396036574405,0.6601848947832176,0.2961353306350857,0.033409501620442934,0.0014486909509088008,0.005959048344459898,0.0028625336658850793
"NJ-01 in Camden County, USA",7.155950746199361,0.7485160379609936,0.1691945221616843,0.01562920498225331,0.0546463625792756,0.007301753334788923,0.004712118981004258
"CO-07 in Jefferson County, USA",6.608809675633143,0.7163691332209797,0.23375096274835946,0.024440285631108647,0.0005697288310353721,0.0186975241165518,0.006172365451964886
"NJ-08 in Hudson County, USA",7.676920887072405,0.6523695581316389,0.2695899609547671,0.026803346316644158,0.029600679502281433,0.006706130884019233,0.01493032421064928
"IL-01 in Cook County, USA",8.76310450627793,0.8548211821142211,0.11073378271201334,0.015247656891085818,0.000767624605055868,0.005498520837001564,0.012931232840622281
"CA-49 in San Diego County, USA",8.65152497514681,0.6308542056656434,0.2865817693174304,0.025525555803516897,0.00031933363395470615,0.019460912204187757,0.03725822337526681
"UT-04 in Salt Lake County, USA",7.163336685788637,0.8723043658967872,0.10827156965822461,0.01234499527693759,0.00028573888260766253,0.004887638675857253,0.0019056916095856347
"FL-18 in Polk County, USA",7.161366656356157,0.030017121857786676,0.942677336524272,0.007687753968729724,0.00075840221210674,0.006879050698897181,0.01198033473820787
"FL-15 in Hillsborough County, USA",7.7079435850728695,0.05116058057669238,0.9277914585205855,0.006703356502033541,0.0007735547601695414,0.0033091058584495624,0.01026194378206952
"TX-24 in Tarrant County, USA",8.08789379193015,0.40920740609754047,0.5752031498581651,0.009209747502150813,0.0003909740480453917,0.003957630124616418,0.0020310923694817303
"WA-10 in Pierce County, USA",5.418136988912468,0.34032520043164566,0.6110615714217493,0.014861212301298471,0.010343837706815245,0.017107601268774243,0.006300576869717159
"WA-03 in Clark County, USA",6.313727273880201,0.33465817465100767,0.6122504384464605,0.011337166685670504,0.005934637541876385,0.03212197227606656,0.003697610398918417
"CA-48 in San Diego County, USA",7.8177962288434255,0.4788928539042725,0.2924570182549578,0.1449563970113062,0.0017502647564823952,0.06357526471008458,0.018368201362896564
"CA-22 in Kern County, USA",13.389203356388013,0.5569443765996839,0.38955186789812235,0.014364899502952196,0.00043103870663570683,0.017482118204368024,0.021225699088237807
"IN-01 in Lake County, USA",8.46103975515279,0.8677224474344214,0.09863242740192747,0.02065818046069469,0.0026289361746875415,0.005936137882444467,0.00442187064582445
"NY-11 in Richmond County, USA",7.4131227602648675,0.8649229857750883,0.054758431345761326,0.019601929603480388,0.04535010900330577,0.007768805683955363,0.007597738588408872
"IA-03 in Polk County, USA",7.010710609043306,0.6591622580826885,0.3058183065916226,0.023030476844051313,0.000701617818019799,0.005817794461828402,0.005469546201789375
"CT-03 in South Central Connecticut Planning Region, USA",6.277687078752201,0.4770747250408159,0.16962724502697424,0.028720778304993057,0.3041977375740572,0.016560174440384854,0.0038193396127749056
"AZ-09 in Maricopa County, USA",8.849216222463733,0.37392948025362527,0.5730985651172331,0.014725910998701292,0.0007371282171477752,0.03065057721577531,0.0068583381975171175
"NV-02 in Washoe County, USA",8.162959254551648,0.6176473702601678,0.29763656963754415,0.03609737502514847,0.02053706625440753,0.02312074460763024,0.004960874215101798
"NM-01 in Bernalillo County, USA",5.733886040439677,0.7469980126383813,0.19329477089624075,0.031162236792476292,0.0007115668631817983,0.022850581313091655,0.004982831496628123
"IL-02 in Cook County, USA",8.741703690626995,0.8431724656681364,0.13143906367535974,0.009388232618483372,0.0005545607850897367,0.005310090301611298,0.010135586951319723
"TN-02 in Knox County, USA",7.256156035245987,0.33359879871509057,0.640355642175288,0.015409684967002141,0.0018482382033052206,0.006621813143328233,0.0021658227959858362
"OH-07 in Cuyahoga County, USA",7.846796111413722,0.8284633271672704,0.14441615238538638,0.013939777744842098,0.0015857295908070545,0.006917096263490786,0.004677916848203133
"NY-22 in Onondaga County, USA",5.956210107117503,0.7042021927681731,0.19182256124148284,0.03274968085609363,0.037635340656569385,0.025999064895220893,0.007591159582459949
"AZ-07 in Pima County, USA",6.698197435178043,0.5027035157043688,0.44247098757956044,0.030530444504555814,0.0003729488344522217,0.01474435976721253,0.00917774360985016
"TX-22 in Fort Bend County, USA",7.764670659941169,0.619434297733432,0.33850146246620405,0.0334530309049393,0.0008551859601725688,0.004587147934889547,0.003168875000362961
"FL-07 in Seminole County, USA",7.288716768539667,0.0488526239558629,0.9289793300938134,0.005964918099850186,0.0015036679547351707,0.004859279897839037,0.009840179997899278
"NY-07 in Kings County, USA",7.697521982759704,0.6889502946395639,0.18679304872744526,0.030367272404199407,0.06151857568077666,0.011477326586695164,0.020893481961319692
"MO-01 in St. Louis County, USA",8.477718117604386,0.7921178960974412,0.18644548706605124,0.013899279416490417,0.001091352871550055,0.0038916775102599993,0.002554307038207011
"MA-01 in Hampden County, USA",6.580304456655235,0.4986334549858435,0.19970105123043605,0.034875538025956124,0.2333709746930047,0.023866804139458537,0.009552176925301012
"SC-04 in Greenville County, USA",7.091295107453311,0.3753628911493907,0.575129011900614,0.025543959963643163,0.008875571761087477,0.008659665963354457,0.006428899261910171
"FL-04 in Duval County, USA",7.390509617261612,0.02162055827789947,0.9496861646081272,0.010505741739582583,0.004647588744259903,0.002838505630810713,0.010701440999320258
"WA-01 in Snohomish County, USA",5.273986995768616,0.4764403234899299,0.4545289541315457,0.030882878926190734,0.0058285613372201575,0.028744675301255487,0.0035746068138580913
"VA-02 in Virginia Beach city-County, USA",5.936498016898921,0.3419111417371754,0.6207652248568172,0.009873140313816753,0.016362979112772933,0.006280853563480676,0.004806660415937098
"CO-08 in Adams County, USA",7.321356573851269,0.716527977075834,0.25494009817215973,0.011651568142566605,0.0005602240346190205,0.010789625855888496,0.005530506718932092
"CA-24 in Santa Barbara County, USA",7.046745485854392,0.7159570283357978,0.2026368975760616,0.02710822945349486,0.0007189072609633374,0.011461823311585278,0.042117114062097255
"NJ-10 in Essex County, USA",7.118685690235761,0.70704434726562,0.1887177790084833,0.022577931189761747,0.05061629851702606,0.010908810692830609,0.020134833326278304
"CA-08 in Contra Costa County, USA",8.435224546765982,0.6867716565247285,0.2563312460336169,0.013826947453906282,0.0007703699173693127,0.019554124759094172,0.022745655311284918
"MN-02 in Dakota County, USA",7.166767035028264,0.8158462737574195,0.13727441693147077,0.028353018766112997,0.0024401942562503726,0.009478985550692487,0.006607110738053834
"IL-06 in Cook County, USA",8.708414870520794,0.8645974652546521,0.11522415094557824,0.009249363614362424,0.0011213703484239455,0.005134477647965944,0.004673172189017557
"TX-36 in Harris County, USA",8.203852422468838,0.4804228746706819,0.5036690804369338,0.00845890025137834,0.0010746198469409871,0.0036398184805443872,0.0027347063135205424
"NJ-03 in Burlington County, USA",6.923169984322358,0.7007692068138645,0.181837999439444,0.01960075986422103,0.08200928030892886,0.012245025069290896,0.0035377285042508763
"FL-17 in Sarasota County, USA",6.978051888885492,0.03674654373127479,0.9399658627393346,0.003274495547201732,0.0008869499749900727,0.0026660066108713278,0.016460141396327375
"MA-03 in Middlesex County, USA",6.194158454401813,0.601084319734018,0.1560697262684926,0.0344417812864613,0.18679366341073375,0.01824949225784617,0.003361017042448021
"NY-10 in Kings County, USA",7.773424969593895,0.7008066209795195,0.12550557422739966,0.030435355556854244,0.10292662136577364,0.018346760210391767,0.021979067660061177
"OH-09 in Lucas County, USA",7.914107236633347,0.7584718830495439,0.20227143478406273,0.026182272326854498,0.002915955797901386,0.007158866624293271,0.0029995874173440657
"TX-02 in Harris County, USA",8.158163879578531,0.5550017054359132,0.41092336503699195,0.02537237078500095,0.0003777735571166774,0.002138173253065811,0.006186611931911516
"OR-01 in Washington County, USA",6.166876326792273,0.49786755615909045,0.45263596085707886,0.013594793224995069,0.008381207094506335,0.024164201198036462,0.0033562814662927076
"CT-04 in Western Connecticut Planning Region, USA",6.800644827417883,0.3631038770698831,0.19612795492590868,0.05043336343555843,0.37368360656982186,0.011815122052952367,0.004836075945875451
"TX-05 in Dallas County, USA",7.964885589078527,0.4565108835839045,0.5287916107051603,0.009472174126954834,0.00019245567124055653,0.0022372872129914822,0.0027955886997482445
"VA-10 in Loudoun County, USA",7.194517654169822,0.5883025425735927,0.31290153985443864,0.06653294912754242,0.020607382587223232,0.009385627159158921,0.0022699586980440226
"FL-12 in Pasco County, USA",7.4525528649716986,0.03683628437064052,0.9386091964159767,0.005678573340142747,0.0008077502525219644,0.006233286924360201,0.011834908696357628
"TX-34 in Cameron County, USA",8.239432413612523,0.06511568219026789,0.9069200529030008,0.01697096484947806,0.0004545312089565046,0.0018643483486012553,0.008674420499695436
"NY-14 in Bronx County, USA",7.727474513469913,0.5240600478899412,0.1304816334308847,0.020576256333588838,0.27020616907403483,0.016044657304063376,0.03863123596748703
"MD-03 in Anne Arundel County, USA",7.112705920923992,0.3696650549601745,0.48321565895563057,0.02791661948270726,0.10028166874518195,0.014715624075925544,0.004205373780380078
"WA-08 in King County, USA",5.295119795946719,0.5549782263453854,0.35702774414683963,0.03707226608264998,0.014321159113536396,0.03375101630736334,0.002849588004225293
"AL-01 in Mobile County, USA",7.587080087965873,0.35551257747468357,0.6210085293518576,0.012852769720843784,0.0006518705870276109,0.005379514553140475,0.004594738312447054
"TX-31 in Williamson County, USA",7.372600457769527,0.471166163338977,0.47496700978631784,0.044867649309167236,0.000787314155905395,0.005673535641940178,0.0025383277676924243
"RI-01 in Providence County, USA",6.082723399305893,0.6464139803141981,0.12225744974146274,0.03070915508959082,0.18422362920387847,0.011398829236852938,0.004996956414017001
"WI-05 in Waukesha County, USA",7.3018668949528065,0.7852151503889949,0.1680506393893055,0.019154263712296112,0.012915724895059742,0.009918301947715648,0.0047459196666280665
"MI-08 in Genesee County, USA",7.202829943691189,0.8155416887308192,0.126067624981851,0.0370936996739444,0.0032765393130009673,0.013332780082379068,0.004687667218005156
"CA-03 in Placer County, USA",9.398796838694505,0.6246710394485476,0.23695178807593212,0.08381313704797147,0.0016030564943826243,0.04932738421256549,0.00363359472060062
"TX-33 in Dallas County, USA",8.300859391691349,0.35764172003880035,0.6276438073322124,0.006900895657295665,0.0006175974154053816,0.001627626439126339,0.005568353117159938
"NY-18 in Orange County, USA",6.500411480017227,0.4836243226971697,0.1272426249247443,0.06442655027092115,0.2954771222155333,0.025775135460565934,0.00345424443106563
"FL-16 in Manatee County, USA",7.258333490467856,0.07551806673749152,0.8999641609174805,0.007519807492928147,0.0011007718202413995,0.0032319172629180636,0.012665275768940273
"GA-11 in Cobb County, USA",7.993988067472323,0.6552495402646058,0.3247668272402467,0.01216250859852943,0.0031951322572674316,0.0008390735031703885,0.0037869181361802847
"UT-03 in Utah County, USA",6.848015804030419,0.8090835809971914,0.17032382653515118,0.013010392883426659,0.0002028228872390607,0.006100710668745554,0.001278666028246253
"TX-08 in Harris County, USA",7.964039634535625,0.5952918262428905,0.38213265802788154,0.01484157863678972,0.0009614480338756522,0.0029356020586167,0.003836886999945787
"OH-08 in Butler County, USA",8.265293440624779,0.5365164017609053,0.3769780446665413,0.02768737620817326,0.04094316249186395,0.014242621482212484,0.003632393390303821
"NJ-11 in Morris County, USA",6.822792126581182,0.7140159127971887,0.1141007893495782,0.02545346963460433,0.13352855727223656,0.008974797180099017,0.003926473766293321
"FL-09 in Osceola County, USA",7.194386672958968,0.030674679545371984,0.9271306147645157,0.007997748647372804,0.0014615636007117192,0.010530520352953973,0.022204873089073644
"NJ-09 in Passaic County, USA",7.26452183896414,0.8554032100920563,0.0876516104157293,0.016310154448943712,0.0301051576943678,0.004538872738185704,0.005990994610717144
