longname,Architecture and engineering occupations %,Computer and mathematical occupations %,"Life, physical, and social science occupations %","Arts, design, entertainment, sports, and media occupations %",Community and social service occupations %,"Educational instruction, and library occupations %",Legal occupations %,Health diagnosing and treating practitioners and other technical occupations %,Health technologists and technicians %,Business and financial operations occupations %,Management occupations %,Construction and extraction occupations %,"Farming, fishing, and forestry occupations %","Installation, maintenance, and repair occupations %",Material moving occupations %,Production occupations %,Transportation occupations %,Office and administrative support occupations %,Sales and related occupations %,Building and grounds cleaning and maintenance occupations %,Food preparation and serving related occupations %,Healthcare support occupations %,Personal care and service occupations %,"Firefighting and prevention, and other protective service workers including supervisors %",Law enforcement workers including supervisors %
"Los Angeles County, California, USA",0.018597157172269754,0.02575112793315862,0.008827583590048246,0.04849756936029729,0.017361643565675808,0.05284098800626274,0.015102192905443505,0.03368764748688682,0.016206479579236016,0.055292090638406614,0.10268718701062553,0.04902185998814252,0.0029216264255579228,0.02446188390648937,0.03864751435675945,0.053758299247611274,0.039473070228553515,0.1153209001867244,0.09797109158809159,0.04173317445549139,0.05502507923886905,0.03922426101916023,0.028645750143766944,0.013310644748975595,0.005633177217496069
"Cook County, Illinois, USA",0.016144720589028022,0.038975953678004924,0.009628132640450458,0.02493658197148812,0.01920466908714587,0.06156474368786957,0.018795975231530752,0.04428355337313017,0.01552970446466048,0.0747590902485008,0.1122120563415371,0.03584687221170001,0.0008913466112318827,0.021678986874343508,0.037508811073425956,0.05105272326126915,0.04511583461890943,0.10790902750816944,0.09481205357815946,0.032488184943828255,0.04966468911215678,0.033611179847139905,0.028196067515288643,0.014677533645924336,0.010511507885107048
"Harris County, Texas, USA",0.02808530584043977,0.028174833829495174,0.011415877639513978,0.016153318117523244,0.012536552248334153,0.058007583233138,0.012721764383578514,0.03421734455940543,0.016402080258433087,0.05886978221297957,0.10020286606753936,0.0802202696412773,0.0010994609561628843,0.03348568486575652,0.03856396547435087,0.0528458724560591,0.04422732603685049,0.10474468474377877,0.10148274794972345,0.0421957480688626,0.05631127163915472,0.025297347415209507,0.024351984068264,0.0116079433017421,0.006778384992427259
"Maricopa County, Arizona, USA",0.02340797449313596,0.039480254478453686,0.007552588189292367,0.01906897798435119,0.01549059443526468,0.052317290639856184,0.010636758824562997,0.04107250346602166,0.017940838121754173,0.06696269323183861,0.11060020770655646,0.050029144082570656,0.002576823885184399,0.030857952972929818,0.03582750779258925,0.03820808534684499,0.03409132370888738,0.12948236934522286,0.10987303966243182,0.037984988529655664,0.05380801512807669,0.02769982636631235,0.025399745248483065,0.01232828274363412,0.00730221361608906
"San Diego County, California, USA",0.033141398059397004,0.044875788478787565,0.019181968953960786,0.02406264019406622,0.01666681417658048,0.05491034811452341,0.013716708823465576,0.03960708062295266,0.01762332418641455,0.06519663206767261,0.11417732933099219,0.04568588091189769,0.0038754134108527918,0.024280827822460844,0.027274057304653255,0.04217290274549208,0.028553256450544334,0.10023183122227493,0.10230782496064027,0.0385378673451906,0.060413804255354885,0.032282244830685605,0.03046788670030901,0.012270429328655597,0.008485739702175076
"Orange County, California, USA",0.030731003607095797,0.0387652940191058,0.009819110049108685,0.027078609919685942,0.015910077078878412,0.0551344570019094,0.014446362215097302,0.039774741554937244,0.016111926724793668,0.07303022097160297,0.1287574389994891,0.038422804461625125,0.003875337491307835,0.020352925773638255,0.026753315663485495,0.05118265806137303,0.02483248725396569,0.10994138998160438,0.11205513194446791,0.03453296596602286,0.05348794403681574,0.027963677744929805,0.030690724171372124,0.010652010566862945,0.005697384740824643
"Kings County, New York, USA",0.012068912641926497,0.036546441487241066,0.008793761407001825,0.06745238842271391,0.021733950776010324,0.07532454664908386,0.02033739169000163,0.035672805707648914,0.014884834988208669,0.059773672502176224,0.10204396172987748,0.04104122286991319,0.0005425820773344594,0.014517609147462014,0.019825477295299116,0.02120788206624691,0.04353710042565171,0.1079636108286801,0.0815241366457576,0.03442565328061637,0.048053899631751905,0.07153669466861996,0.03323197271048056,0.018613710655918825,0.009345779694376884
"Miami-Dade County, Florida, USA",0.010498041490440644,0.019602430268789668,0.0053945657067736835,0.01921886358154049,0.012771774236194001,0.0478504650512014,0.017380005315992417,0.0392375204799217,0.017361002288913012,0.05085898838974676,0.11126650775423515,0.06182864014275765,0.004386657445887357,0.03435989348175246,0.029650554958312692,0.03162951513323204,0.05450574754458594,0.11794561531114953,0.11957347431734754,0.05448571537468936,0.053340159940861095,0.0304493598635823,0.029470034075765886,0.018403351805302805,0.008531116041024418
"Dallas County, Texas, USA",0.01673717939401635,0.041219922452573145,0.006195074078521933,0.019343256364694732,0.012175971006533169,0.048123310964569746,0.013732579939709132,0.03159724904748537,0.014187706384544365,0.06819400472260617,0.09727467225159084,0.08325295315869226,0.0009790955451917612,0.030250227754452016,0.04715798395048224,0.050740861711168345,0.040160510475939874,0.11907025698963306,0.09665738310708322,0.04344583498109504,0.05334693868184673,0.0270153878633458,0.02351894588125866,0.010586470582385918,0.005036222710580122
"Riverside County, California, USA",0.014495277647531649,0.017509545180521134,0.005521372592174388,0.01663684296144608,0.018194692975321284,0.05369893687262567,0.006513688602241084,0.03229476665741653,0.01958795441279198,0.042582509593026036,0.08958020343913572,0.066938748169909,0.008476311684832014,0.03572050563141728,0.05530463240289753,0.04994976220778351,0.0428064266097624,0.1155698879458006,0.10722850061720716,0.04568672669684124,0.060733184693262394,0.03861037482177545,0.02784896127383903,0.015384247342181565,0.013125938968259284
"Queens County, New York, USA",0.011883515437568003,0.029771308680513666,0.007093846954447571,0.028940331925411563,0.01805593603933093,0.05722337879933953,0.013045189258822937,0.04073270596768959,0.018759921009940176,0.05529981849349014,0.08654174801634186,0.05898387354135947,0.0007365901594982451,0.023685331593640016,0.023224052441429516,0.02816555938556926,0.061668519983424624,0.11547749976911752,0.08590028913735494,0.048212990535577246,0.05982487466028824,0.05783861048942668,0.0408354222666193,0.01649429689328646,0.011604388560512583
"King County, Washington, USA",0.035431041090136686,0.11019188527235349,0.01583854552327928,0.031124860894592786,0.016377324239394666,0.054338180154362536,0.01466344075416929,0.041787170419946514,0.011809049052248981,0.07626011642779404,0.1420819955094379,0.03343775808908554,0.0020872204285483486,0.016616594902965045,0.025890155352456798,0.03178911881715349,0.0301921568998263,0.08776491870572803,0.08411238847043538,0.024982230123602053,0.050552781571587525,0.025461141362338038,0.025621404030482877,0.008845219755998484,0.002743302152076022
"Clark County, Nevada, USA",0.011367837070653742,0.0220764592729719,0.004350045990612703,0.02253009175923504,0.010483736310191965,0.0461112596408968,0.010124691023192202,0.033068843073080195,0.01563391279253263,0.044148092668430367,0.08864847439534168,0.051883974322470924,0.0009709665557036563,0.029855773824633402,0.03655409181328487,0.0301578737569746,0.04756384877244154,0.11784599852714218,0.11119400896261972,0.05863055108625677,0.09990435110768367,0.023715327276535327,0.050890808730205454,0.023532909106527385,0.008756072160381283
"San Bernardino County, California, USA",0.011832072500727403,0.018432188885275643,0.006947772433977442,0.013898754000718846,0.018810866551423142,0.05614270799459154,0.004878951512143358,0.03563314050011125,0.02071067314768857,0.038308487514334126,0.08173019323258082,0.05985781402433806,0.003404889862563541,0.03851708114399165,0.08189278929262156,0.05481947558491793,0.055595016002875385,0.11904705872285073,0.09915257500812981,0.03695530319886354,0.05206496996251733,0.039424196005271535,0.024844036147671455,0.014324498947404453,0.012774487822410871
"Tarrant County, Texas, USA",0.0210947894867046,0.0323552139041264,0.005718564847493794,0.015370493657235699,0.01475345793124923,0.06084297013871842,0.009412182730449949,0.03338965615063313,0.01745848142349951,0.061836340347736884,0.11264818170269385,0.057667050960846886,0.0008281268954028928,0.03196073131150657,0.047222336311215245,0.05335257669725419,0.04654608043815268,0.12191326922911606,0.10456367646314357,0.029840267980717157,0.05169345741546085,0.02316176365239302,0.02830818546603868,0.01076373931291257,0.007298405545298159
"Bexar County, Texas, USA",0.01457147115607597,0.03500483474610987,0.007218097734543045,0.01612406342705504,0.015363522453912532,0.06165967645851259,0.009619871847983916,0.04373258137486385,0.021396656086850457,0.05479086540798174,0.09433428624196503,0.06232037494856282,0.0015021734370855805,0.03213306730272083,0.03458033061424187,0.03872127098508935,0.038612564415065144,0.12732760970985504,0.1046449667029716,0.04003595625445807,0.06777504011982949,0.03447044370888209,0.025245243595755047,0.010419468034436165,0.008395563235192692
"Broward County, Florida, USA",0.01351105310317457,0.028479691994222844,0.0060124135165765865,0.020622026013559128,0.014535966057174186,0.04715417882173879,0.01746545777399544,0.0428663194373412,0.01901612447884915,0.0564776135280327,0.11444043025886724,0.051609788430144306,0.0011578856925424797,0.03148487588529158,0.029946483587072595,0.026139371795868435,0.043640629922548496,0.12479696085691724,0.12010506892079326,0.04664274521195855,0.05441449034617918,0.031992218026193585,0.029882042952240284,0.016224719836668563,0.011381443552049621
"Santa Clara County, California, USA",0.07001114856807424,0.1302790277565309,0.018419272198233316,0.020763673071886694,0.011633469979671775,0.05567774066674147,0.011720756456443791,0.032621907337157835,0.010615531255176072,0.06791016341737342,0.13638998254394294,0.03656079407202034,0.003414283676199626,0.017713963224457067,0.018536059850068606,0.03909679254703223,0.0203364088943547,0.08294666488255277,0.07602630566131664,0.02877384509723253,0.04239337517406552,0.030665018838125044,0.02393658679518227,0.010079616482680935,0.0034776115534793464
"Wayne County, Michigan, USA",0.029239827748244594,0.028518816803904796,0.006883215998797876,0.017073591886715603,0.016761197748125966,0.04756695054550344,0.008503183915788031,0.04041747456360384,0.021741050303365025,0.050164962558837525,0.08407752119864445,0.03632076155627642,0.0017544160272692402,0.028290782263921642,0.05437635189552064,0.09180696942096363,0.044218928975808564,0.11687626951310012,0.08813732688158153,0.038304530242257044,0.05782850484474539,0.045587136215707494,0.023647049984380292,0.01463902659568158,0.007264152311255284
"New York County, New York, USA",0.013377719626580986,0.04776495139038407,0.021295483529041554,0.07760203602797883,0.018610223201223384,0.06865963331621922,0.04370283266257032,0.049310742697516244,0.008194902201096407,0.11244196381744205,0.16740367787917432,0.013631671055609843,0.00034890718075268997,0.006235059650982405,0.011245631759386542,0.012652301848876817,0.0184092703312962,0.07928363614280903,0.09478019399680905,0.02358767121018897,0.03718953057630412,0.029307099046578005,0.029527926376168315,0.010743249584568586,0.004693684890442041
"Alameda County, California, USA",0.04011625815876834,0.08689137838191396,0.02326561889189284,0.033863111513380915,0.01741253203533394,0.059130268616953245,0.015026900756441369,0.03669742633828192,0.013620809231383145,0.07197282339005989,0.12775359717329288,0.036245048253714614,0.001961034523608205,0.02017178427461944,0.028530176311495525,0.03961276556589282,0.029763129804663536,0.09232834611609532,0.08026092528486944,0.029210838449035104,0.044688479023569996,0.031875832647280306,0.02366000847191113,0.01153858438560534,0.004402322399936786
"Middlesex County, Massachusetts, USA",0.03895597930801982,0.07588026871889672,0.04116739561914075,0.029722953407322568,0.018086505337093075,0.0856948937604794,0.01705949725721864,0.050015293489885086,0.014843615693576511,0.08068934568422181,0.13949895401459692,0.0363359923912097,0.0006842999488728586,0.015545776652534142,0.015261116804308075,0.030165013406920696,0.02075226109224542,0.0860175082551356,0.07743864184879315,0.026302569976088572,0.037200018754060586,0.022805160938863995,0.024974157351033595,0.009093486759409962,0.005809293530072359
"Philadelphia County, Pennsylvania, USA",0.014145128120352459,0.027565120262897036,0.016166896554506326,0.022587060966647917,0.028591216413478376,0.0633917883915873,0.01830658650933816,0.05282940875250109,0.022197180742827755,0.06263409384807064,0.09006950470173859,0.032732150380149566,0.0010437845992097607,0.018438562198213226,0.04046140039280927,0.038371382612650926,0.04161595189064237,0.11166920209673051,0.07979789837089972,0.035557998214109904,0.05295482303621232,0.06425761012882662,0.030056345254570974,0.020805025665282532,0.013753879895746965
"Sacramento County, California, USA",0.022972537759897816,0.04552885691359575,0.012523403767528944,0.019181536815559206,0.017167311691785345,0.05397741229386944,0.015030267962903323,0.038881641074908435,0.01857290239468987,0.06365551837639262,0.09786049989901581,0.047375229943721786,0.00374460280463108,0.027576870800286032,0.03730273967368461,0.03483135640867482,0.039299224332276186,0.1252913530243399,0.09662412594092698,0.03477677036196008,0.05794445323886308,0.0404236968945998,0.02781841405699875,0.013159331211755651,0.00847994235713467
"Suffolk County, New York, USA",0.016192313967700902,0.023440313963040887,0.01042098479243048,0.02039410952177367,0.01900948747132454,0.08634006112721357,0.01666463170548683,0.04821786441890461,0.02144258855601298,0.0568722999547448,0.1052008323120264,0.05536928662586704,0.0016661809805696146,0.03109068681960959,0.025361230405066264,0.03207161329114753,0.03737801764978844,0.12212205553251632,0.10556588163410148,0.034576739614871385,0.03771554684045206,0.03245576937274507,0.02618436969708254,0.014674380120249679,0.01957275362527335
"Palm Beach County, Florida, USA",0.015273169812960898,0.023852918592353275,0.006657201222780812,0.02021355200440433,0.015215218115700563,0.04980803500282514,0.017321762311113688,0.045264621937615,0.019444243223273403,0.05808788374889529,0.11819103777001869,0.05413702678817206,0.005366327166306883,0.02808194369992611,0.025571186416122164,0.027625574084000987,0.03356562305318517,0.10302797618185243,0.12291410109673587,0.0567506483346131,0.06098112223461745,0.03403792938585689,0.035817046491749126,0.015448473697173407,0.007345377627747273
"Bronx County, New York, USA",0.004980774509097858,0.014694706924221191,0.004701369288063481,0.014030492117331084,0.029242388868609834,0.05392569813011453,0.008119482261555898,0.026522597761019687,0.01770726696002631,0.03056469405495343,0.06483573154628779,0.0428787556877514,0.0015141420660845016,0.018022783070124556,0.0314095504302086,0.02660102624946056,0.0645236906776802,0.12150917760133224,0.08607925516998076,0.07224590798462095,0.06642709367190115,0.11107946967014612,0.045913422389714735,0.030673057376550007,0.011797465533163144
"Hillsborough County, Florida, USA",0.016482029128342422,0.04087102019388258,0.0070429822142162755,0.01795597768983965,0.013583695975705573,0.05146735077093588,0.016312253995479857,0.04460614437741985,0.02027840245567272,0.07144246478137495,0.10859354704980026,0.0505222979592798,0.006749377058862097,0.0283758435934005,0.031388059705437864,0.03156574837403426,0.03998926734099731,0.12680020041150147,0.11014172914464915,0.03865594668908842,0.05482549290245789,0.026990615903803326,0.026447593738637486,0.011678170438307985,0.007233788106872334
"Orange County, Florida, USA",0.02084690735529453,0.033972841259632035,0.005614238736294017,0.02486226001012907,0.01337009190106997,0.04943153042417917,0.011973508159760251,0.040240028238616304,0.01854066067758727,0.054511411944767274,0.11014176510884563,0.05069557125297698,0.0027317791862981325,0.02402933244413316,0.033917033717521756,0.03079181135934616,0.046639758130112494,0.11782925403453649,0.11951185142916139,0.04440048050293757,0.07310788016446483,0.023051305268650533,0.030861570786984007,0.013555651978586646,0.005371475928114305
"Nassau County, New York, USA",0.014967970736096273,0.02853359546524252,0.007636989687623629,0.02271954844132263,0.01751742235929534,0.08909516578168501,0.027984000556414403,0.06818726026189179,0.020911105733944908,0.07189061042716949,0.11720218949709607,0.042211004814858774,0.0010753725925282307,0.020036196563532855,0.019614170209486474,0.02368095624392855,0.032766396258431515,0.114200290687735,0.10303716244321572,0.03092153923502138,0.03632927291566101,0.02821985232414594,0.02756527892080624,0.015301707255280086,0.018394940587586155
"Franklin County, Ohio, USA",0.018835742988764923,0.05091070339139016,0.011655322423344845,0.021273173340134566,0.018911097553729977,0.06052275780318257,0.01418984423341946,0.05144543097739218,0.020406595843036442,0.07534442108130902,0.10930324560806062,0.02862893818172333,0.0009926514807896579,0.020041416028205795,0.051693231566027266,0.043808535643433795,0.03626873176818038,0.1195456699383107,0.09098773894280443,0.028685454105447122,0.053616222098885474,0.030857694353189743,0.02378016175147195,0.011771252523291082,0.00652396637447451
"Travis County, Texas, USA",0.03530986406413385,0.07110212617636807,0.012678982223771349,0.03980341582432904,0.015549668874172185,0.06326943185779017,0.0186392471244336,0.0351439525967236,0.012334611362844196,0.08325548971767166,0.14178180550714534,0.04603276402927849,0.0010456605088881143,0.018371558034158242,0.019942837225514116,0.025866852561868246,0.028423841059602648,0.0957364935517602,0.10094945974207041,0.031004531195538514,0.050615545486232136,0.016672011153712096,0.02377692575810387,0.008313698152666435,0.004379226211223422
"Hennepin County, Minnesota, USA",0.029560802421397525,0.05946642411067138,0.015251512309196458,0.033653225337263046,0.020948834780486352,0.06475932892210633,0.01662227532470481,0.04688690637518323,0.014822971490683495,0.09554189837906564,0.12962508354417446,0.022675769138533624,0.0015084069207923182,0.016251913888837646,0.024890842707072484,0.04893453684244881,0.02455311848586028,0.09481394659132673,0.10175857826616926,0.02610409568663733,0.04698765603781376,0.03201710757651653,0.023057482649063384,0.006218098896436442,0.0030891833175586796
"Oakland County, Michigan, USA",0.0644596809074461,0.051121514684471195,0.00764835245167618,0.02458834136445877,0.014963174599306744,0.05129665616833076,0.01852235414521818,0.05645038470207672,0.016882116074637684,0.07629315333865358,0.13628748789239306,0.0324392487496421,0.0010401881171833594,0.019455934402660933,0.02618289035229329,0.049025908755855815,0.021236285660329084,0.10143890151261323,0.09975602029813649,0.026237717251588456,0.04377318720949358,0.023068417878442674,0.02452133070976467,0.007989497602846125,0.005321255170481197
"Cuyahoga County, Ohio, USA",0.017762681070206305,0.03527935796427437,0.011042109576089197,0.019310605816411978,0.019251379549276887,0.057474177719147784,0.015090024506348824,0.05663591315389447,0.022713259857730293,0.06505764169720822,0.1014735240201717,0.030753481539524872,0.0011347694080429578,0.022245450436387315,0.03830094879566567,0.060967955480313966,0.034987620626117495,0.12658731128355782,0.09306417020308409,0.0331423404325051,0.05396606001165227,0.03772033062915972,0.02596895615321379,0.011807286931276402,0.008262643138738448
"Allegheny County, Pennsylvania, USA",0.025267554079544154,0.050900136182195875,0.014227236369711217,0.022659175314519744,0.023471067448217944,0.06236096548001879,0.018848782886819432,0.06361446858553552,0.01834118207257424,0.0744792619973875,0.10992935266395784,0.03504216924588545,0.0010252737623344566,0.022363783940920336,0.026127983478921975,0.033034645361903925,0.029748568280905562,0.11128739757247683,0.09725035955781249,0.027392600663163184,0.05435982732889442,0.03317179135678936,0.024614384882630118,0.013084743808329377,0.007397287678550279
"Salt Lake County, Utah, USA",0.020720220350702197,0.05137630128845572,0.012209320212902046,0.02227796120545177,0.014772629748316361,0.05531113525627428,0.01042002328514916,0.03756713911662168,0.01764845901862326,0.06524375729685003,0.11365840783339622,0.05510062973536217,0.0011432069058765046,0.028790678167824716,0.03570659416640623,0.05436547968540759,0.03554790538910326,0.13621326476250928,0.09545939591392591,0.02953878240368158,0.042716428012779306,0.022237479374507135,0.02635529121819545,0.010305054885266394,0.005314454766411739
"Contra Costa County, California, USA",0.025279383416763904,0.04598336241563387,0.014730428335754721,0.024250835556606256,0.017966277709230847,0.05931784063917809,0.01423276706401063,0.03753571686322444,0.015610044567036638,0.07067497579878643,0.13748081604245393,0.04865045247211744,0.002978601271270805,0.023681545598779302,0.02767393227088854,0.02864821858377647,0.034116292371353656,0.10257771636522352,0.09854608731636388,0.04005771656696093,0.04697739827249705,0.034338942378093734,0.028582021531013267,0.012440349982894427,0.007668276610087405
"Fairfax County, Virginia, USA",0.026789495041547984,0.11785526481775441,0.018718209061515428,0.028729084145350567,0.013808517360931907,0.06279195563224797,0.02835280631670357,0.03416571223837182,0.010569657151960794,0.10690932144942548,0.15543892993384276,0.03219747768135978,0.00032107936108088204,0.014724256467550411,0.013705437029360857,0.015275977683217108,0.02424862697837361,0.08309272691409154,0.0739496028593991,0.030622694365652597,0.04127075275587703,0.01669392517609106,0.028835520709153267,0.012345036240503168,0.008587932628636816
"Wake County, North Carolina, USA",0.03201947813303933,0.08151789238705813,0.020827378278682945,0.02455354104563954,0.017681407979092654,0.0627866933453115,0.014615405556236133,0.043143520219962705,0.01632025263043271,0.08976989668830904,0.14308975458369064,0.03535941306981366,0.001252262920767147,0.018339866879006902,0.021167667115847933,0.02859617243115957,0.02566288265479739,0.09469217471790055,0.10532790232349218,0.025091197408360216,0.04357398559897641,0.020699769964746078,0.020682755522887827,0.007848762029210393,0.005379966515578423
"Mecklenburg County, North Carolina, USA",0.019549920396040275,0.052212076453639365,0.006246499879029052,0.022387239003064035,0.019512698565775203,0.054677176758012425,0.01376192578982186,0.035120488756469406,0.014223814865383867,0.09538432385699373,0.13234898511295978,0.046019717418632235,0.0015311707449949328,0.019891684473928646,0.038766536221070604,0.03672948696474585,0.03378050286692688,0.10447829375130065,0.11291749781321747,0.028863837469186245,0.0495676346034437,0.021170761913946512,0.025740587529671722,0.010692816694329255,0.004424322097416298
"Fulton County, Georgia, USA",0.02345167350771971,0.0633121770104297,0.014571496958352208,0.03459920160765917,0.015093501793251451,0.060925046479907034,0.025028871910469302,0.04002656833105129,0.010853405104279467,0.0943442503588864,0.15940789792235496,0.020256295034876793,0.0006762947994147403,0.012352325601075109,0.03097406210354059,0.022367394009623107,0.03568630445574839,0.10143065825274299,0.11105555221994376,0.026834798992820173,0.04514767545575241,0.01352408771343006,0.02031777638027813,0.012404765572152723,0.005357918424240308
"Collin County, Texas, USA",0.03579342102953484,0.08912430992366599,0.006512064265327262,0.02151413576288376,0.01273969402273588,0.06484176525563665,0.011912312680476697,0.04099795620439626,0.01578695832587261,0.0969475530205355,0.15332858047139972,0.029911771986405985,0.0011358251625570805,0.02111878454567102,0.01939029005152323,0.023983456196693082,0.022849477904319022,0.0994126737221478,0.11235365459518801,0.022005089736628236,0.04197566551967045,0.016307863716063447,0.024857025793261375,0.009623969024869679,0.005575701082536302
"Montgomery County, Maryland, USA",0.024466088344626952,0.07768443834846978,0.045715237612732114,0.03397202081140242,0.01955460173484495,0.06761217697664411,0.034899410520430926,0.044088718063490726,0.014033942056333642,0.08981045472663308,0.13369586817334958,0.0385553521906604,0.0007868670207512724,0.018293326064824728,0.014249581099712746,0.01705352204567261,0.02400853867273578,0.08290526048093529,0.07419622174785334,0.034968655699484215,0.039025407026921456,0.024606668863437497,0.030947514211392288,0.008785845942824444,0.006084281563835546
"Pima County, Arizona, USA",0.029181723244443084,0.03145823410921135,0.011861014860678408,0.020296339667655632,0.018555092873778177,0.06826255467340153,0.010062964532747238,0.043496213825980186,0.020289785413726356,0.048082006825163094,0.09264437929030539,0.04852551134104405,0.0021257630243949333,0.032908908978890934,0.03145823410921135,0.032847735942217696,0.02985025714522916,0.1270673209268589,0.0975600697372618,0.042506521482659626,0.06422731900427775,0.03728933535495654,0.02866830668664986,0.015000502492801245,0.015773904456455722
"Honolulu County, Hawaii, USA",0.020316102566205654,0.02595755528588732,0.010026089876535138,0.02223428067912736,0.016980834723822877,0.06930024390157247,0.011172383750557326,0.0421726604984075,0.017233498213336244,0.051042599672985994,0.09830004829066163,0.05140012680922019,0.004109353331705716,0.030078229614051346,0.02867169302271093,0.023194834681680217,0.0400519097502118,0.12692241935577278,0.10485441359270978,0.04295315189448467,0.07135467045400745,0.02891742344034516,0.029746968398672486,0.02153833135645794,0.011470176838869885
"Fresno County, California, USA",0.012165930103038717,0.01521883999047319,0.008882067221755772,0.013960627326069541,0.023056807219205666,0.06314880349508864,0.009661533575994362,0.035942059667668266,0.01805763720652731,0.03868222070926627,0.08201958770079078,0.04494682066740604,0.06978629630787958,0.02998539703465979,0.04765570682442039,0.04688586351159216,0.04010402507764591,0.1108309736833875,0.09810209565784314,0.040094402036235564,0.05304701577457063,0.05007830749947675,0.023586074496775078,0.011870021579670363,0.012230885632558598
"Westchester County, New York, USA",0.012818711950540473,0.028125087265952673,0.013299740707987352,0.03267171472650707,0.021911718441469857,0.08717832474322589,0.0308904994531159,0.056355821406556254,0.01588481393437424,0.07445386681457787,0.1335585390432909,0.04750600671179159,0.0013686173852045097,0.019456133623513245,0.01700218883291283,0.020542573142134125,0.030484554835671324,0.0942981046632775,0.09471150994954719,0.039796073137130586,0.03954025215989274,0.03040142000516782,0.03005248235045259,0.015020109996033117,0.012671134719672591
"St. Louis County, Missouri, USA",0.02182727061989648,0.04914609495457669,0.01514678557687836,0.02155948605954271,0.016712634990888285,0.0642237256121765,0.016425866428933705,0.056065121297792966,0.021447235155316546,0.08261773305971232,0.11550833039623984,0.030664652930974055,0.000936887018594771,0.01799085677119541,0.03624156693341647,0.043149691842444535,0.026961819432813526,0.11515757719223509,0.10177052810102584,0.027387450105961633,0.04686162655965892,0.031322034728407076,0.024541050330671655,0.009281912056419678,0.007052061844226793
"Duval County, Florida, USA",0.01374575731803717,0.0379742979383125,0.0062663372088524365,0.023046204624653586,0.016956706219983516,0.04852858569952737,0.01066016850028158,0.042930356497336786,0.018610218345895862,0.06497735641268598,0.10025281908312492,0.04605632197299257,0.0015215614597898887,0.03320287019516608,0.0472938891627172,0.03443971926688133,0.042006675882717184,0.133142063156439,0.10414952965149225,0.03238089818058444,0.0632497588908826,0.02757407633072135,0.026537277467964405,0.014129686917052992,0.010366863615906824
"Marion County, Indiana, USA",0.014804043151005437,0.030120090062300785,0.01024637033399852,0.019892605112903125,0.020119229728113412,0.05057715833716287,0.013110653665128556,0.04719037936540911,0.020326968958722845,0.061983930636080736,0.09215018497185029,0.04434917817101345,0.0018255871780828816,0.025841501262173203,0.07025782746732304,0.066952885162173,0.039015106209304616,0.12745116554298627,0.08587394215616534,0.03213872783852576,0.056209199700351896,0.028338568781619906,0.023180760409519073,0.011035359735101006,0.007008576062984856
"Capitol Planning Region, Connecticut, USA",0.030848961718661253,0.04306101082441422,0.009338745256516161,0.019785137323905022,0.02078084129616368,0.07144640271356478,0.01453859113126712,0.04754180583872504,0.019110881151023256,0.07395592912016012,0.11135445737115342,0.03663330287967738,0.0011277553470300805,0.022769846433715654,0.029488609509763265,0.050632865392308705,0.03225568047510272,0.11033661170648114,0.09447214398706419,0.03143663099694067,0.04723236840835238,0.03534639588402234,0.02756106223850279,0.010403628593587599,0.00854033440189686
"Prince George's County, Maryland, USA",0.014203296867200567,0.05856324364958307,0.011542415992331571,0.018445194405388582,0.021187611988680317,0.06101133360247076,0.012584494899978323,0.033670683178181574,0.015991138351884593,0.06966217949610314,0.10013901014435975,0.0759663591473249,0.0008611071889523726,0.027533554344216164,0.030309779831000257,0.021038459473272864,0.04598471485022104,0.11982913087834922,0.06977155800740194,0.04573811602474739,0.04550146070030089,0.032930886701760594,0.02736252612654895,0.02586304617165267,0.014308697978088501
"Pinellas County, Florida, USA",0.014846924125149319,0.03612128471762829,0.007656876826223055,0.021230293947719817,0.013998341479735995,0.0498307798693485,0.014842360831554227,0.053052903524270945,0.023413386385762777,0.06712041868806456,0.11838557769201673,0.034705005078100294,0.001886951126690297,0.02938081620799212,0.02429371040571747,0.04278884547397168,0.027811825116884382,0.1280725357623712,0.11697877103526622,0.030037381476636437,0.06436532025725135,0.03409361587113374,0.027946449820272834,0.010198261869684554,0.006941362410553208
"Gwinnett County, Georgia, USA",0.020338704093159462,0.04461457580357546,0.01033348591737705,0.020525907540445976,0.013384783301332191,0.057862505685056485,0.009202866125683594,0.036028241853740026,0.016605583421017273,0.06145811874792295,0.11417368762307596,0.06328785649075168,0.0016632954104987506,0.03065516604666052,0.039548698326968446,0.04380377944630671,0.03759169442309681,0.11261702508878103,0.1074849692084317,0.03775136927862096,0.05519824781904525,0.02259790591408595,0.029185570861181877,0.008265946559010248,0.005820015014173653
"Bergen County, New Jersey, USA",0.018462090345618975,0.043150906900761676,0.010769892402986384,0.028104853585310226,0.017343114015331403,0.07579688847128266,0.01765292166961867,0.05758957415714993,0.016389232553446917,0.08328526558872626,0.14400145120427535,0.03419705805020922,0.00057273651878107,0.021048576617267292,0.02573849380486602,0.03118254804566402,0.0333104374606371,0.11338144863613295,0.10420747329437638,0.02287888762746445,0.029922935345996042,0.02223889023637101,0.029268670497139375,0.010042252057061678,0.009463400913524938
"Erie County, New York, USA",0.021171966640456823,0.02478548748157792,0.008743775162522505,0.016443453340036177,0.022338519444695084,0.0764253212853994,0.015459510090789174,0.05245190923660613,0.022581282735448165,0.05826963482385697,0.099820827801338,0.03591822529292721,0.0017831285957969724,0.02497669042739229,0.031112371475098502,0.053592681868375035,0.029894258325921533,0.1283573303772069,0.1018101977768898,0.032869719898426124,0.05529846994676394,0.036199658842384325,0.0248606796512802,0.012370186089878275,0.012464713388932572
"Milwaukee County, Wisconsin, USA",0.021351519044639403,0.03093501412446014,0.00993414427329065,0.020632480203951527,0.02026405361284821,0.060956265577296914,0.011676410517912341,0.04419597005163145,0.019557922965703797,0.05343748297348685,0.08652430847807346,0.034379639828741745,0.00203029555241283,0.024045208557616583,0.046249909690672254,0.08988973388092843,0.03655975022505107,0.11577127520406068,0.08452814168695269,0.03471589568447688,0.05630704754709079,0.05206084297345847,0.024626032934409816,0.01227235233259333,0.00709830207823985
"DuPage County, Illinois, USA",0.02573810032668763,0.051439562788141546,0.010716575580862822,0.0195666554717634,0.012941308175332539,0.06048708006391272,0.015316663104651991,0.0504768011072777,0.01628553109638812,0.08197722346044638,0.1359366572018848,0.03103837816383232,0.0011601990657344366,0.022216794390335744,0.03278478307330626,0.04365605186293368,0.03579722977030094,0.11162946905626965,0.11481492789464579,0.021699793403148822,0.0427828494081967,0.02297804781241413,0.02477330320886636,0.00879715853000743,0.004988855982658077
"Shelby County, Tennessee, USA",0.014007121631194896,0.026253708695824985,0.008496391254842639,0.015884557563401454,0.01957630269036803,0.05962671055923275,0.009896869615230845,0.04503040604520342,0.019817119503590042,0.054988064370567975,0.09534942987203976,0.03726815536659099,0.001739492320749291,0.022622752278992124,0.08242949094131317,0.05374890989476539,0.043814631842529185,0.12672809443759922,0.08953007989039329,0.03776147912959919,0.05382840282340178,0.028685257101173457,0.023389625237602026,0.01806359901896374,0.01146334791483034
"Pierce County, Washington, USA",0.015924097656002143,0.026487624540801495,0.006518667694830549,0.014464435545790043,0.020454554161660282,0.0589975855421904,0.00949593912862401,0.040457537125283626,0.019287408020399993,0.050510735030816205,0.09673215845714168,0.06465524128142262,0.0036498965294663116,0.03775739962513086,0.04941415415330189,0.05107233987953512,0.049251617030334635,0.11718807789666363,0.09407922168809162,0.030076080913083593,0.052605415650083205,0.039766157091368756,0.026713931611275867,0.015064172010326974,0.009375551736374721
"Kern County, California, USA",0.01801564881502784,0.01732284800515783,0.008599213317610996,0.01043442852416461,0.018575544979739112,0.062049502738684016,0.005324669081572347,0.02696833193359292,0.014726965786951027,0.027805348422252196,0.0739260880507413,0.06580476590402022,0.08899521260501587,0.0372274394364843,0.052907359806807545,0.045040535916773414,0.04782870570669924,0.10454788384699565,0.08528519357420179,0.03897216637399367,0.05243512415273289,0.04099401363545104,0.027121030887605087,0.01246758681925251,0.016624391678472558
"Denton County, Texas, USA",0.022440396864412366,0.059847865001135425,0.00801070707137263,0.019752746222360375,0.014136071878868433,0.06992861398384849,0.0076867904557339235,0.03905351991318217,0.016557221326221602,0.08650465265870388,0.1524136319066805,0.029601149922041072,0.001249985914195522,0.026270665952794633,0.027159162388168484,0.03340909195914609,0.03321598782289994,0.1144097455800477,0.11393844866038139,0.01866507107026658,0.04539815951490181,0.018764323432865333,0.025905023696849386,0.009146571998979907,0.006534394803942371
"Macomb County, Michigan, USA",0.04168599257884972,0.02774582560296846,0.004965213358070501,0.017666975881261596,0.012935992578849722,0.03894712430426716,0.009185992578849722,0.04203385899814471,0.021750927643784786,0.055929962894248605,0.09160250463821892,0.041999072356215215,0.0013520408163265306,0.031532931354359924,0.039751855287569575,0.09651669758812616,0.036224489795918365,0.12420686456400742,0.09649350649350649,0.029496753246753247,0.06254638218923933,0.03534322820037106,0.023286178107606678,0.008316326530612246,0.00848330241187384
"San Francisco County, California, USA",0.027678568800175878,0.09497238545826227,0.022878920719761973,0.05178627244762855,0.013160721738747196,0.05045332444323653,0.027371924042533833,0.040891389939965335,0.011603803466436097,0.10133599205081807,0.16148179254603603,0.018186008005371672,0.0008030246210987095,0.009636112281509995,0.013964031549860041,0.02044186311435403,0.02239838119392873,0.07963545138244804,0.089309355678786,0.026665338248351957,0.05030390177051917,0.026850908775818968,0.02556337464098007,0.009190364011563892,0.003436789071806886
"Hidalgo County, Texas, USA",0.006236513314865891,0.0093757784387108,0.0027641139379169805,0.01039919087392219,0.01587339697898253,0.0786827091317801,0.004882967836037923,0.03271018220342798,0.019462843525940954,0.02776719017764159,0.07424692150936828,0.088172533531013,0.01272512822667535,0.03609254529575419,0.036527720671430584,0.03985606199298317,0.04654575794045,0.10238326045396294,0.12236531322122815,0.06075648486339995,0.05450196429160952,0.07031233587135616,0.02056128619833793,0.010948412210120679,0.01584938730308314
"El Paso County, Texas, USA",0.01228317974805275,0.01664895404462488,0.006171642137644831,0.011045572891765406,0.013381453382109068,0.0782315062467728,0.007234399460152065,0.03596982752732707,0.020312598182111254,0.03740687213308235,0.08213830051717214,0.05847897297755096,0.0015190053247147084,0.03909526294364654,0.03428416874072819,0.043933677386218034,0.05514590373986761,0.12962360905829867,0.10787669829439744,0.03672659816571911,0.0618858068622978,0.044116722991894085,0.023954386127875114,0.018165227345374273,0.024369653770602875
"Essex County, New Jersey, USA",0.01229074863823709,0.02907218044140843,0.00991328008861615,0.025989844133165973,0.025349640986830794,0.06805594598870136,0.017516911358355997,0.03562661740025775,0.017657758296912397,0.06111511423147222,0.1062817683542456,0.05373928455657022,0.0011193625116850427,0.020978780848136893,0.04169786175171504,0.03738557041391714,0.049298899493660675,0.11214490762706596,0.08910948987033905,0.040600983288072705,0.03881445106743631,0.04648690272037684,0.02748986300771766,0.022597285142074427,0.009666547783028449
"Middlesex County, New Jersey, USA",0.021975860736821156,0.0819470621978202,0.01821566125425832,0.016391753784198264,0.016874070778848293,0.06776085505906042,0.010711651701572213,0.038510436543707054,0.021027616159960665,0.06985635850669039,0.11784221678509968,0.035834279626789665,0.0009295138197867036,0.022704018918064645,0.044464475948537245,0.042324486952857024,0.04853139157818335,0.11614942461455614,0.0869622224043268,0.025178820196438814,0.031893796607391625,0.022636119923672166,0.02156144273656361,0.010393228831317826,0.009323234333477716
"Worcester County, Massachusetts, USA",0.026544732155089738,0.04077499200803763,0.0169977622505366,0.017029730100013702,0.022338676531031647,0.0698337671827191,0.00808558249988583,0.04790153902361054,0.022393478558706673,0.057163081700689594,0.1165342284331187,0.04503584965977075,0.002240032881216605,0.02659040051148559,0.03074393752568845,0.05209846097638946,0.033422386628305246,0.1042037722062383,0.0912819107640316,0.03078503904644472,0.0460451203361191,0.04021783806000822,0.029789468877015116,0.01092158743206832,0.011026624651778782
"Montgomery County, Pennsylvania, USA",0.022664691568912675,0.050734211451118554,0.022678036824007226,0.022070827717205147,0.01850542039777757,0.0740328026370224,0.017637978816631747,0.06081877588423436,0.01709972019448485,0.08583000814060561,0.1337416981392266,0.034751044266211145,0.0008340784434094458,0.022480082206771383,0.02341425006338996,0.04037606928856445,0.02370562146628766,0.10231139818237625,0.10028736782636934,0.024079288608935094,0.04212429770595065,0.020484966570135987,0.02542715937348476,0.006614798108532511,0.0072954061183546194
