longname,White %,Hispanic %,Black %,Asian %,Native %,Hawaiian / PI %,Other / Mixed %
"New York-Newark CSA, NY-NJ-CT-PA, USA",0.46504798564214933,0.240581915146477,0.14055115066129326,0.10984811262747113,0.0015774162496210691,0.000260393548131078,0.04213302612485717
"Los Angeles-Long Beach CSA, CA, USA",0.29376684077528187,0.46288181430391767,0.061347742603307026,0.13825670081632757,0.002474776348926087,0.0022844213150652573,0.038987703837174516
"Chicago-Naperville CSA, IL-IN-WI, USA",0.5115144924647836,0.22780351531930654,0.15780859695090085,0.06822536084691991,0.0011317997368447935,0.0002081125434177047,0.033308122137826586
"Washington-Baltimore-Arlington CSA, DC-MD-VA-WV-PA, USA",0.4786396059001098,0.13692412771093299,0.2408927458460122,0.0888873138295766,0.0018196613450937465,0.0005218080161540935,0.052314737352120555
"San Jose-San Francisco-Oakland CSA, CA, USA",0.35635942771417783,0.26478552007540024,0.055764093424114224,0.2589362365138139,0.0025295203619012632,0.005470322873380168,0.05615487903721236
"Boston-Worcester-Providence CSA, MA-RI-NH-CT, USA",0.7001767414825019,0.11702731695560434,0.05714964190946961,0.06491409844122518,0.0015956353360096593,0.0002342769784767625,0.05890228889671256
"Dallas-Fort Worth CSA, TX-OK, USA",0.4457563884365319,0.2842258574034847,0.1497317285205275,0.07417896193263214,0.004455681943407085,0.0011093288927526296,0.04054205287066401
"Philadelphia-Reading-Camden CSA, PA-NJ-DE-MD, USA",0.5937029832574154,0.11706692087805916,0.18523622620748717,0.06049865272027193,0.0014514169642742204,0.0002746729704587662,0.041769127002033286
"Houston-The Woodlands CSA, TX, USA",0.3420240614866742,0.37214098363117276,0.16944176176985087,0.08064549814594008,0.0020347224165502406,0.0006217738231172914,0.033091198726694575
"Miami-Fort Lauderdale-Port St. Lucie CSA, FL, USA",0.325717767182938,0.43027391949191657,0.1817461440829832,0.024859971990002207,0.0010790208398720766,0.000267264260174724,0.03605591215211322
"Atlanta--Athens-Clarke County--Sandy Springs CSA, GA, USA",0.458794295579304,0.12265631036351851,0.31202074131045493,0.0609438930034793,0.0017480537695736312,0.0003906026516744453,0.043446103321995194
"Detroit-Warren-Ann Arbor CSA, MI, USA",0.6550921543495256,0.050079553534247104,0.19911703042906556,0.046146764518773475,0.0023000566488264955,0.00023669734207687907,0.04702774317748485
"Seattle-Tacoma CSA, WA, USA",0.6074789280261038,0.11124007524111458,0.05244811223903691,0.13156070801913047,0.00849702905811522,0.010025957255827259,0.07874919016067172
"Minneapolis-St. Paul CSA, MN-WI, USA",0.7279894719662503,0.06489739949874489,0.08720118100161284,0.06658074097595346,0.005356714062212633,0.00032567283119398413,0.047648819664031866
"Denver-Aurora CSA, CO, USA",0.6251578558103081,0.23135838788373864,0.045609290311185685,0.04323262206228129,0.004437072933799909,0.001435328792679023,0.04876944220600735
"Cleveland-Akron-Canton CSA, OH, USA",0.7282301227970344,0.050344480645696105,0.1505448814472993,0.023852160117027017,0.0014582876552025577,0.00020560490926510323,0.04536446242847551
"Orlando-Deltona-Daytona Beach CSA, FL, USA",0.4997167378686188,0.27607962906053457,0.1328080335271766,0.03915036913361534,0.0018473241593076595,0.0006537926164060472,0.04974411363434099
"Portland-Vancouver-Salem CSA, OR-WA, USA",0.6917185655901602,0.1440292666035914,0.024305216878163925,0.059372348156023526,0.007080118607531968,0.006163555982560011,0.06733092818196892
"St. Louis-St. Charles-Farmington CSA, MO-IL, USA",0.7097480806207657,0.03694822120657635,0.1735092844072831,0.028165710737856696,0.0019084387043130304,0.0003405239966850194,0.049379740326520115
"Charlotte-Concord CSA, NC-SC, USA",0.5877091927687438,0.11378865316710281,0.21065368990618108,0.041462163891714,0.003045758150590225,0.0003988875429955776,0.04294165457267252
"Salt Lake City-Provo-Orem CSA, UT, USA",0.740023893712592,0.16082534377291866,0.01267136815753709,0.027014629808498593,0.005063808503777495,0.012123078905154103,0.04227787713952203
"Sacramento-Roseville CSA, CA, USA",0.4933992482181831,0.22333560004341937,0.06130300641853217,0.13985775306238998,0.005317008047131654,0.007871812881901172,0.06891557132844256
"Pittsburgh-New Castle-Weirton CSA, PA-OH-WV, USA",0.8291678003946314,0.02179806056308928,0.0780599458896575,0.026191091777207496,0.0010420888744875644,0.0002687076404420805,0.04347230486048466
"Columbus-Marion-Zanesville CSA, OH, USA",0.7238534807519355,0.04651405948315441,0.1352199329572398,0.042010606718112235,0.0017102664729596298,0.00027200744640038237,0.05041964617019805
"Las Vegas-Henderson CSA, NV-AZ, USA",0.43088638230989845,0.29382421742080744,0.11008928123291964,0.09311078958819026,0.005200925258831001,0.007690334696929518,0.05919806949242368
"Kansas City-Overland Park-Kansas City CSA, MO-KS, USA",0.7016124057004466,0.0981850351413643,0.10749595435340048,0.029083572064711363,0.004648736635129342,0.002041805805799472,0.05693249029914848
"Indianapolis-Carmel-Muncie CSA, IN, USA",0.7076634273669075,0.08006334167029754,0.13056857453960138,0.035729388079665754,0.001682237291345204,0.0003670992419701554,0.0439259318102125
"San Juan-Carolina CSA, PR, USA",0.007609330855554604,0.9882554306016982,0.0014974389595364937,0.0009601251216059534,9.796329641827528e-05,3.0534014468033857e-05,0.00154917715071844
"Raleigh-Durham-Chapel Hill CSA, NC, USA",0.5626970502911851,0.1259241989696728,0.2052114619340733,0.05761661513294138,0.002976973498553843,0.0004415315805788622,0.04513216859299471
"Cincinnati-Wilmington-Maysville CSA, OH-KY-IN, USA",0.7605432844490124,0.04185132195233201,0.11887912152123832,0.029435684144290365,0.001454712269163632,0.0008546870646165224,0.046981188599346684
"Nashville-Davidson--Murfreesboro CSA, TN, USA",0.6936352802733163,0.09591966621219714,0.13483513581359843,0.028806555559599434,0.0021589635481845016,0.0004320726703304189,0.04421232592277378
"Milwaukee-Racine-Waukesha CSA, WI, USA",0.6742084048478567,0.11484193423326365,0.1351458896276829,0.03421543778577398,0.003150210695910181,0.00024936732781478244,0.0381887554816978
"Virginia Beach-Norfolk CSA, VA-NC, USA",0.5315364531030328,0.07479627769967195,0.29001593358773514,0.03925232643770503,0.0029794470107786034,0.0014021557206935797,0.06001740644038294
"Jacksonville-St. Marys-Palatka CSA, FL-GA, USA",0.600482601155636,0.10111440035018573,0.20441688481184725,0.03885723645092065,0.0024949003337491503,0.0009475546112690369,0.051686422286392184
"Greensboro--Winston-Salem--High Point CSA, NC, USA",0.6080684910982571,0.11106385589216215,0.2095640499597118,0.027574698310491565,0.003256087763362642,0.0003798769057256416,0.040092940070289025
"Louisville/Jefferson County--Elizabethtown--Madison CSA, KY-IN, USA",0.7342972036433474,0.06070722439333323,0.131380749367975,0.022369952166906088,0.002065344434318314,0.0008553576669395573,0.04832416832718042
"Greenville-Spartanburg-Anderson CSA, SC, USA",0.6887077923752944,0.07858914042652264,0.1700580924280095,0.018673180320669145,0.001986902581584376,0.0005132611196103448,0.041471630748309576
"New Orleans-Metairie-Hammond CSA, LA-MS, USA",0.5099730587033531,0.10478830273813577,0.31710815480327015,0.025357607713746566,0.0030333019383264005,0.00028607289615288373,0.039453501207015226
"Oklahoma City-Shawnee CSA, OK, USA",0.5973210942302801,0.14473460249948436,0.09711383847668022,0.03109170049174014,0.039126281831780414,0.0011187138261948579,0.08949376864383983
"Grand Rapids-Wyoming-Muskegon CSA, MI, USA",0.7732129699102658,0.08984256975683942,0.06654733505825827,0.02194871656836389,0.0034184468273381536,0.00025436474423894134,0.044775597134695554
"Hartford-West Hartford CSA, CT, USA",0.6544576241793968,0.1476488691886377,0.09827940693217022,0.05217042771572528,0.00238800692852646,0.00031984043066446514,0.04473582462487913
"Birmingham-Hoover-Talladega CSA, AL, USA",0.6300101543692311,0.05294533754720641,0.26470172966559036,0.014702442753317285,0.0021677866897897246,0.00038506737252843795,0.03508748160233664
"Memphis-Forrest City CSA, TN-MS-AR, USA",0.41399911582993243,0.06998754123995718,0.456282905192855,0.02356861269332086,0.0017566486300844347,0.0003565909032783711,0.03404858551057168
"Harrisburg-York-Lebanon CSA, PA, USA",0.7715133828967583,0.086188634380959,0.06876346202839474,0.03154380032579074,0.001289266662034571,0.0003041742903243239,0.04039727941573832
"Buffalo-Cheektowaga CSA, NY, USA",0.7391659110056401,0.05554188934550108,0.11823361823361823,0.03946238737435126,0.007735074890831099,0.00020338536139890542,0.03965773378865929
"Albany-Schenectady CSA, NY, USA",0.773310714345701,0.05864000537480894,0.06643935703848028,0.041404504761744794,0.0022112299914338984,0.0003552412785326772,0.05763894720929842
"Albuquerque-Santa Fe-Las Vegas CSA, NM, USA",0.377416900462756,0.48354289223335856,0.019922294783830702,0.021902040141509194,0.06096468512179609,0.0007296462438823591,0.03552154101286708
"Rochester-Batavia-Seneca Falls CSA, NY, USA",0.739802154394008,0.0786366500738009,0.1042271629582951,0.030214805009156385,0.0021391686086099635,0.00022161414608770676,0.044758444810042
"Tulsa-Muskogee-Bartlesville CSA, OK, USA",0.5836676676236007,0.11022491476909557,0.07396865737726707,0.025692450831906116,0.09376965686677058,0.0010827944053647001,0.11159385812599529
"Fresno-Madera CSA, CA, USA",0.2749441583927232,0.5441822573916089,0.04157087892372062,0.09721504469903906,0.0067061435210858935,0.0011631879763276225,0.03421832909549473
"Knoxville-Morristown-Sevierville CSA, TN, USA",0.8328787987493744,0.057814205855327476,0.04636598519614716,0.015017361636359078,0.002441088428082544,0.0006336111252777992,0.04484894900943156
"Cape Coral-Fort Myers-Naples CSA, FL, USA",0.6386850010294601,0.24232700230000756,0.06908117601305039,0.016019103964917406,0.001565307368647043,0.0002683635454959798,0.032054045778421456
"Tucson-Nogales CSA, AZ, USA",0.498566586808566,0.3779848263498738,0.03333143922383058,0.02760053597188897,0.021765151195763548,0.001787183966301959,0.03896427648377512
"Dayton-Springfield-Sidney CSA, OH, USA",0.7632942256916543,0.0332462403857192,0.12908736080817357,0.019770864424291126,0.0018229824360004592,0.00046378142578349215,0.05231454482837791
"El Paso-Las Cruces CSA, TX-NM, USA",0.14614027673140884,0.7947841825765789,0.0253514268389041,0.012090920784256078,0.0035225372558387387,0.0015086088090994286,0.01660204700391393
"North Port-Sarasota CSA, FL, USA",0.7540024750245369,0.13115164503786028,0.057262205616693616,0.018581649731872343,0.0018387251252921903,0.00045991835263884084,0.03670338111110584
"Omaha-Council Bluffs-Fremont CSA, NE-IA, USA",0.7251841464373474,0.11700576549283369,0.0729887705755839,0.03350116593731308,0.003946172809525752,0.0007424577341503686,0.04663152101324581
"Chattanooga-Cleveland-Dalton CSA, TN-GA-AL, USA",0.7602199969702497,0.09282680854966678,0.08545029406096806,0.013788455414751174,0.002907117542975565,0.00043694357966027634,0.04437038388172844
"Columbia-Orangeburg-Newberry CSA, SC, USA",0.5285430350117666,0.06364676910270195,0.34407198480591705,0.020580751148542763,0.0028084248541395363,0.0007304847580939288,0.0396185503188382
"McAllen-Edinburg CSA, TX, USA",0.05819252888595187,0.9228067440944335,0.0036244223076520683,0.00929218608712919,0.0006864517065744565,8.327096907124044e-05,0.005314395949187627
"Little Rock-North Little Rock CSA, AR, USA",0.6282599572443068,0.06418503945204339,0.23819588944881095,0.016393334845451645,0.00357100984301363,0.0005664964985695141,0.04882827266780404
"Madison-Janesville-Beloit CSA, WI, USA",0.7949334575488385,0.07239581387888548,0.043461877338653504,0.04255113452846813,0.0030431333947086832,0.00033507425465203913,0.04327950905579371
"Boise City-Mountain Home-Ontario CSA, ID-OR, USA",0.7556415602681748,0.1517450058270741,0.012290363512990671,0.020178963498173087,0.005515434396318654,0.002402565558993392,0.052226106938275355
"Des Moines-Ames-West Des Moines CSA, IA, USA",0.7864188863783936,0.07624850548328897,0.050462551424552964,0.04260001581372392,0.0020390119776978574,0.0004983719052422495,0.04173265701710038
"Modesto-Merced CSA, CA, USA",0.3316672261653558,0.5273295127565701,0.026967437176290045,0.06353467293305198,0.004537934011126031,0.005191348551697679,0.0407718684059083
"Huntsville-Decatur-Albertville CSA, AL, USA",0.6793629317178677,0.08912912633711428,0.15435779367580424,0.016839321191242818,0.007088051360847141,0.0009175075113281594,0.05230526820579571
"Spokane-Spokane Valley-Coeur d'Alene CSA, WA-ID, USA",0.8193127739125582,0.06000802027650487,0.014462453296164933,0.018329835817931937,0.014934844986743183,0.005827029370044916,0.06712504234005194
"Lexington-Fayette--Richmond--Frankfort CSA, KY, USA",0.7766239912724006,0.063078564438241,0.08845651976277187,0.02325488119876145,0.0015602188317209735,0.00038637809971496257,0.04663944639638917
"Syracuse-Auburn CSA, NY, USA",0.7859597320890418,0.0467245921401047,0.08069564746276946,0.02984132573936246,0.0054936645424316505,0.0002573462187036523,0.051027691807586296
"South Bend-Elkhart-Mishawaka CSA, IN-MI, USA",0.7205553862989593,0.11311016054177898,0.09583323656106421,0.01717445922517518,0.0033745059491037065,0.00046450689177945757,0.0494877445321391
"Springfield-Greenfield Town CSA, MA, USA",0.6686623349318703,0.19528133630633557,0.059084843552670914,0.034377364373459805,0.0014087911427799096,0.0003361075315261713,0.04084922216135736
"Wichita-Arkansas City-Winfield CSA, KS, USA",0.6856860717864243,0.13885146941326423,0.0698390003900648,0.034897024342073785,0.008685829627234354,0.0010773908869841612,0.06096321355395437
"Charleston-Huntington-Ashland CSA, WV-OH-KY, USA",0.8996772871250233,0.012957704490404323,0.036392770635364266,0.007844978572759455,0.002015278554127073,0.000169927333705981,0.04094205328861562
"Jackson-Vicksburg-Brookhaven CSA, MS, USA",0.4707205510574892,0.02662932283929599,0.4626059523127962,0.012702224659581584,0.0014885301819080306,0.0002862558042130828,0.025567163144715868
"Portland-Lewiston-South Portland CSA, ME, USA",0.8838563669281835,0.022584490042245022,0.031179843089921545,0.016311104405552203,0.0025754375377187687,0.0003123114061557031,0.04318044659022329
"Reno-Carson City-Fernley CSA, NV, USA",0.6223345563090653,0.2338963885232796,0.02021557607020509,0.04758662407022941,0.01335951534900404,0.0054973113785378395,0.057110028299678706
"Toledo-Port Clinton CSA, OH, USA",0.727737808763215,0.0716055377877305,0.13462014314612164,0.015694110223750873,0.0016826164686086864,0.0002103270585760858,0.04844945655199718
"Mobile-Daphne-Fairhope CSA, AL, USA",0.6390110875994605,0.04038744725346797,0.2528059298857829,0.016306567175260793,0.007786687455915655,0.0005228248629518258,0.04317945576716041
"Fort Wayne-Huntington-Auburn CSA, IN, USA",0.7852875094906797,0.07024187675287044,0.06976618064056278,0.030102111966778748,0.0022405751739312334,0.0003083502486945473,0.042053395726482486
"Youngstown-Warren CSA, OH-PA, USA",0.8228339967657669,0.03363757930090807,0.0918662147033213,0.006342517726085334,0.0013341211593481776,0.00017881577310610773,0.043806754571464115
"Visalia-Porterville-Hanford CSA, CA, USA",0.2707565416153834,0.6337878230846694,0.02178993302536724,0.0343792458560445,0.008228768721727594,0.0013458864148590975,0.029711801281948818
"Lafayette-Opelousas-Morgan City CSA, LA, USA",0.6220567007522197,0.052755326243145065,0.27146759032453094,0.016420705621740476,0.004128934161523249,0.00018023125308236406,0.032990511643758186
"Savannah-Hinesville-Statesboro CSA, GA, USA",0.5313535018093812,0.07843178729502345,0.312345215495284,0.026618087467236363,0.002376079856025072,0.001896633475580844,0.046978694601469015
"Springfield-Branson CSA, MO, USA",0.8537439875431493,0.04339989548190308,0.021294673487598254,0.013910860994486136,0.005954687494445254,0.0012051576481295172,0.060490737350288495
"Myrtle Beach-Conway CSA, SC-NC, USA",0.7577432122693641,0.061604519527939446,0.12487319225234152,0.010391429883255207,0.003680373699483332,0.0007349858719382394,0.0409722864956781
"Pensacola-Ferry Pass CSA, FL-AL, USA",0.6777204195645573,0.06116027819749681,0.16419652362886025,0.02522948366632398,0.008411047411380341,0.0014524514233658092,0.061829796108015554
"Lansing-East Lansing-Owosso CSA, MI, USA",0.7554170815652036,0.06819361644346819,0.0810423852339843,0.03884374012787804,0.003172010929304984,0.0003048234148720573,0.05302634228528885
"Fayetteville-Lumberton-Laurinburg CSA, NC, USA",0.3651643484197661,0.11171302230316604,0.33461260131672205,0.020267995170654845,0.10360768453735208,0.0030211311755065137,0.06161321707683235
"Kalamazoo-Battle Creek-Portage CSA, MI, USA",0.7584646933555679,0.0687222303598457,0.08948255982092221,0.021588489143784296,0.004140798413539003,0.00022910539975136432,0.057372123506589594
"Columbus-Auburn-Opelika CSA, GA-AL, USA",0.5124561306939939,0.06390256031614372,0.3455999726676904,0.029666944418609505,0.0023763924767817722,0.001715861660551695,0.04428213776622904
"Corpus Christi-Kingsville-Alice CSA, TX, USA",0.31417715276469915,0.6097754185540348,0.02923616679642829,0.019299209586697914,0.002691016548004357,0.0007358551743821438,0.024085180575753283
"Johnson City-Kingsport-Bristol CSA, TN-VA, USA",0.8977809455743206,0.02808873110327362,0.02314606217858086,0.008325823842891102,0.0021479732144244366,0.00022334260366981028,0.04028712148283952
"Asheville-Brevard CSA, NC, USA",0.8168685258964143,0.08405577689243028,0.040231075697211155,0.010332669322709164,0.002942231075697211,0.001458167330677291,0.044111553784860556
"Davenport-Moline CSA, IA-IL, USA",0.7674755653254406,0.09467974912398026,0.07055624352610339,0.020551918804942417,0.0017172307439153284,0.0002447159291083269,0.044774576546509744
"Cedar Rapids-Iowa City CSA, IA, USA",0.8086024883889198,0.047971075742522774,0.0654269713390524,0.031309535136379026,0.0014957770849605809,0.0012612321574371763,0.043932920150728305
"Brownsville-Harlingen-Raymondville CSA, TX, USA",0.08818222619150161,0.8937384113916303,0.004193432857473151,0.006247081597403245,0.0009338888309615882,0.00018587107800691803,0.006519088053023125
"Macon-Bibb County--Warner Robins CSA, GA, USA",0.4928423901431522,0.053178364742884315,0.3922039373172116,0.02032067378713491,0.0019114528649967493,0.00042502257214470986,0.03911815857247554
"Rockford-Freeport-Rochelle CSA, IL, USA",0.6857491452520128,0.1421891658394912,0.10185287305613765,0.021001066137274364,0.0017991066504907908,0.00019760302930039335,0.04721104003529282
"Appleton-Oshkosh-Neenah CSA, WI, USA",0.8520983327588659,0.04967255355201662,0.01995531205634441,0.03233970550307681,0.009320834849847063,0.0004989430602323098,0.0361143182196169
"Tallahassee-Bainbridge CSA, FL-GA, USA",0.5331318820784935,0.0777271463623947,0.3186902445215331,0.026656835845430483,0.0023110487955229474,0.0004762307664414442,0.04100661163018384
"Hickory-Lenoir CSA, NC, USA",0.7840154975211774,0.08360902916032323,0.06065552172385525,0.027794043018308155,0.002586173244329937,0.000385486200569934,0.04095424913143616
"Peoria-Canton CSA, IL, USA",0.8024508500438629,0.03773692751577446,0.09129925868123293,0.022768898906784695,0.0018588884940269538,0.0002932471153678884,0.043591929242950266
"Saginaw-Midland-Bay City CSA, MI, USA",0.7771907885673106,0.06751730057968865,0.095611534426299,0.012242875764351797,0.002951431205688791,0.0004450991405347548,0.04404097031612637
"Green Bay-Shawano CSA, WI, USA",0.7992958501243248,0.07826298979679328,0.02256334133584841,0.02353060962016634,0.03672136242819172,0.00033224727771585355,0.03929359941695961
"Gainesville-Lake City CSA, FL, USA",0.6130262546785783,0.10934896046772123,0.17320984618747098,0.05140015845695708,0.002349534191186515,0.0003551621451793569,0.05031008387290659
"Ponce-Coamo-Santa Isabel CSA, PR, USA",0.0042177798592795265,0.9934788741266594,0.000621711706530164,0.0004655990753750127,7.668690653235503e-05,2.464936281397126e-05,0.0011146989628095891
"Lincoln-Beatrice CSA, NE, USA",0.7968506939359694,0.07453284003967717,0.03755792009858505,0.039044432348495944,0.00505358904291268,0.00048905700415284,0.04647146753020687
"Erie-Meadville CSA, PA, USA",0.8357251968637088,0.03740269549679551,0.06007936552672668,0.018947955830378733,0.0012739068920617563,0.00023674375870174233,0.046334135631626715
"Lubbock-Levelland CSA, TX, USA",0.49512838832912903,0.3644595441886237,0.0771350665636255,0.02788235808751695,0.004493956051967746,0.0005482568058208542,0.030352429973316223
"Midland-Odessa CSA, TX, USA",0.38276570179587593,0.5159860278326983,0.05280985689985928,0.018088022303762438,0.003748630251681155,0.0014101430413847604,0.02519161787473817
"Medford-Grants Pass CSA, OR, USA",0.7803525946767133,0.12023806082563297,0.0062373734940532975,0.013370847505532376,0.00853704363913165,0.002990213554564171,0.06827386630437227
"Wausau-Stevens Point-Wisconsin Rapids CSA, WI, USA",0.8835157485884789,0.03208236338147724,0.00880673414530629,0.03916890666598073,0.004646122979177652,0.00024436356153460315,0.031535760678044575
"Springfield-Jacksonville-Lincoln CSA, IL, USA",0.8131743824609511,0.02679540909429767,0.09596043082687514,0.01615114594373839,0.0017146209520846095,0.0002463349571993012,0.045957675764853836
"Amarillo-Borger CSA, TX, USA",0.5778754821850761,0.28603426106433283,0.05889916628644904,0.03036210543780331,0.006124960249975804,0.0002661523359188132,0.0404378724404441
"Rocky Mount-Wilson-Roanoke Rapids CSA, NC, USA",0.43521837456319895,0.07223971158141902,0.44400807627438554,0.007702244525484248,0.009066760866779568,0.00021472084558454287,0.031550111343148154
"Longview-Marshall CSA, TX, USA",0.6058969054873787,0.16578145528750735,0.1732102423615576,0.008753109887345204,0.004102255891314678,0.00035641405529309816,0.041899617029603334
"Tyler-Jacksonville CSA, TX, USA",0.5796133022885545,0.20810099650922362,0.15626419999225055,0.01547072644078185,0.0030786463818860054,0.0003346354762919571,0.03713749291101162
"Fargo-Wahpeton CSA, ND-MN, USA",0.8226643408409618,0.03656579130600488,0.05899339631630252,0.025392299855613133,0.014361729417541906,0.00042143375427846876,0.041601008509297197
"Idaho Falls-Rexburg-Blackfoot CSA, ID, USA",0.805687430535621,0.13121131156108082,0.005568191018761823,0.00987038222889571,0.014470672231177453,0.0016708253288287294,0.031521187095634506
"Rochester-Austin CSA, MN, USA",0.801413886573709,0.06150744486743406,0.0484948828268721,0.04698188152786851,0.0019259793210641316,0.0012389340661816052,0.03843699081687053
"Harrisonburg-Staunton-Waynesboro CSA, VA, USA",0.7939686748095814,0.09539700540987878,0.0545508881089945,0.015509340853013746,0.0014520850255168502,0.0003333282248547915,0.038788677568159874
"Bloomsburg-Berwick-Sunbury CSA, PA, USA",0.8938998236853269,0.037967983123610986,0.025462485453066435,0.011559703729074796,0.00125327427635087,0.0002335293682641373,0.029623200364305817
"Monroe-Ruston-Bastrop CSA, LA, USA",0.5463856600524442,0.03494188094399436,0.3694415091385856,0.012073891432820633,0.0027278775781769795,0.000172204610387069,0.034256976243591246
"Lake Charles-Jennings CSA, LA, USA",0.6563265786993402,0.04836239396795476,0.23572887213320767,0.015355010995915803,0.004229500471253534,0.0005576500157084512,0.03943999371661954
"Dothan-Enterprise-Ozark CSA, AL, USA",0.6702495685545198,0.05615489483762678,0.21055327465149448,0.011658878320554142,0.004566623850463755,0.0006501233264249521,0.04616663645891615
"Lafayette-West Lafayette-Frankfort CSA, IN, USA",0.7396947670908696,0.10561203544951825,0.04607471444785202,0.05531541538882583,0.0018352611624930573,0.0002334323408434152,0.05123437411959785
"Redding-Red Bluff CSA, CA, USA",0.7187318536679785,0.1518968965739725,0.008677979224466094,0.027517904380927802,0.02102555003548616,0.0016896251371056198,0.07046019098006323
"State College-DuBois CSA, PA, USA",0.8503438973920765,0.03471646267393836,0.029597795035478817,0.0495237377164543,0.0008293749528764232,0.00016336173314232576,0.034825370496033244
"Bowling Green-Glasgow CSA, KY, USA",0.8020553379917582,0.05495405564514065,0.0636992671086198,0.03266869726210892,0.0017191805950156562,0.003118414429172319,0.0417850469681845
"Columbia-Moberly-Mexico CSA, MO, USA",0.7736874592778026,0.04010064812592161,0.08803281780460204,0.034210932409725316,0.002644799561057577,0.0005615376701759199,0.06076180515071499
"Bend-Redmond-Prineville CSA, OR, USA",0.8317331192738721,0.08538461193501083,0.0038745958357063737,0.011368171809624603,0.006282764775259988,0.0012601405437887628,0.060096595826737396
"Bloomington-Pontiac CSA, IL, USA",0.7887531772274332,0.05800211440268124,0.0714758080842162,0.03742492745799312,0.0014170996693434106,0.0002474301009964685,0.04267944305733631
"Lima-Van Wert-Celina CSA, OH, USA",0.8612639547088197,0.02761635171545798,0.05976727385079537,0.006152112573664051,0.0018583560137581956,0.0029942704475957233,0.040347680689908995
"Mansfield-Ashland-Bucyrus CSA, OH, USA",0.8776662655873988,0.0187550134908481,0.054255086414351346,0.005669802377306206,0.0014311237511850068,0.0004694450521403048,0.041753263326770214
"Eau Claire-Menomonie CSA, WI, USA",0.8905940298095628,0.024879625839859826,0.012145488325890907,0.031157017572098027,0.004230916039310729,0.0005058703960045437,0.036487052017273175
"Pueblo-Cañon City CSA, CO, USA",0.5676620559094615,0.3499292955813193,0.02212794966398128,0.008724050096498865,0.008922114591825925,0.0007738333770917683,0.041860700779821375
"Greenville-Washington CSA, NC, USA",0.5410306764454041,0.07632348013849075,0.32578831763523325,0.014984550091210304,0.002717694799151186,0.0005118945683332713,0.038643386322177134
"Mayagüez-San Germán CSA, PR, USA",0.00735362910016279,0.9897273730890855,0.001043167486855154,0.0007110379282600154,4.677881106973785e-05,4.677881106973785e-06,0.001113335703459761
"Joplin-Miami CSA, MO-OK, USA",0.7689825880752407,0.07884966035881981,0.014502064300358063,0.011540242047483633,0.04160722552363317,0.0069014709911476,0.07761674870331704
"Johnstown-Somerset CSA, PA, USA",0.9076220481544642,0.016865624187068242,0.03626518676956576,0.004615043693576514,0.000703336512799761,0.00020232968176431482,0.03372643100076114
"Bloomington-Bedford CSA, IN, USA",0.8473089056054356,0.03601067702014074,0.02565396748362048,0.04182965299684543,0.001941276389225916,0.0001989808298956564,0.0470565396748362
"Morgantown-Fairmont CSA, WV, USA",0.8638834961350516,0.02485592430102267,0.04032081365190496,0.020575691334056897,0.0017069976713494452,0.0005656022134919058,0.04809147469312258
"Sioux City-Vermillion CSA, IA-SD-NE, USA",0.7178038351564754,0.162472128223289,0.03910705385483067,0.022533511712704284,0.01656829569003961,0.004999868838697831,0.03651530652396317
"New Bern-Morehead City CSA, NC, USA",0.7233451570908286,0.05904148504988642,0.1461542921293832,0.01963305943678155,0.0035313153886291646,0.0011489951563002357,0.047145695748190865
"Jonesboro-Paragould CSA, AR, USA",0.7714525487406354,0.05086365960473957,0.11687748705066359,0.010676255474290287,0.0027732699019629636,0.0019007180490407487,0.045456061178667496
"Elmira-Corning CSA, NY, USA",0.8659344490934449,0.02618437036037252,0.036132856435866285,0.01710757187204751,0.002255140144868853,0.0001518423538939128,0.052233769739506004
"Rapid City-Spearfish CSA, SD, USA",0.7997112497112497,0.046252021252021255,0.011151536151536152,0.011313236313236313,0.07136752136752136,0.0008316008316008316,0.059372834372834374
"Ithaca-Cortland CSA, NY, USA",0.7704934152305161,0.05726029013628408,0.03345154671613711,0.07541839015660542,0.002366452746330687,0.00026876610138381766,0.06074113891274279
"Williamsport-Lock Haven CSA, PA, USA",0.8877721943048577,0.020021366675899183,0.040148247800683205,0.00747833656471333,0.0015959060393832681,0.00022421820388029385,0.042759730410583105
"Parkersburg-Marietta-Vienna CSA, WV-OH, USA",0.9270951273925889,0.012816304107514923,0.010866725176366547,0.005848736793445127,0.001782089332252467,0.00019428793471925395,0.04139672926311276
"Jackson-Brownsville CSA, TN, USA",0.5768931789453762,0.05127789156341465,0.3258302408425094,0.009111863673541122,0.0018859124368827693,0.00013519085569052108,0.034865721682585386
"Cape Girardeau-Sikeston CSA, MO-IL, USA",0.819659191501918,0.025110652109766894,0.09281498967246976,0.010880790793744467,0.002257303039244615,0.00014015933903806433,0.04913691354381823
"Paducah-Mayfield CSA, KY-IL, USA",0.8255991840897501,0.0407955124936257,0.07536823123369472,0.006777080608089632,0.0024166906857636962,0.00024388621599450146,0.04879941467308161
"Edwards-Glenwood Springs CSA, CO, USA",0.6623755323727128,0.28428331874100343,0.004949025776485079,0.010306142134239542,0.0033686022526600084,0.000504548355023966,0.03421283036787511
"Manhattan-Junction City CSA, KS, USA",0.6999761275979888,0.1094773435984662,0.08274771347149486,0.03507751070528028,0.004632738015308177,0.005244468316846456,0.06284409829461528
"Hot Springs-Malvern CSA, AR, USA",0.7766117954376562,0.06239256573663311,0.0862026257121625,0.008061792059810391,0.005914983373492167,0.0006155185743989311,0.06020071910584667
"Findlay-Tiffin CSA, OH, USA",0.8717660725138281,0.054596927432321196,0.02059405026579172,0.013478063528452407,0.0011154790020694058,0.000476963435367608,0.03797244382216956
"Mankato-New Ulm-North Mankato CSA, MN, USA",0.8532492006364015,0.047822796150697414,0.043737159980846166,0.019447319235700273,0.0029966480792103676,0.0003089327916711719,0.03243794312547305
"Rome-Summerville CSA, GA, USA",0.7108596589207521,0.103303142882581,0.13218237298561705,0.011242502974528324,0.0019101732915685274,0.0001942549110069689,0.040307894033946044
"Moses Lake-Othello CSA, WA, USA",0.47670708892897706,0.46369512928442574,0.00563740228502706,0.010706888488006949,0.007458074430413577,0.0008268190018039688,0.03496859758134563
"Kokomo-Peru CSA, IN, USA",0.8325781641865909,0.03549573649891322,0.06861728807891657,0.009672295602742017,0.0040963049657247955,0.0001922755392074904,0.04934793512790503
"Victoria-Port Lavaca CSA, TX, USA",0.43865204211735104,0.46501338332024555,0.04919320110444056,0.02132887504116321,0.0022460335554035683,0.0002955307309741537,0.023270934130421934
"Quincy-Hannibal CSA, IL-MO, USA",0.8926985843749182,0.01800277368315467,0.03598810281816675,0.006140480946192291,0.0018752889253286116,0.00046228052577868104,0.04483248872646076
"Mount Pleasant-Alma CSA, MI, USA",0.8269228957656257,0.058018934576798076,0.040233620649050915,0.012029579388629833,0.020545428854034195,0.000423908435777872,0.041825632330083365
"Richmond-Connersville CSA, IN, USA",0.8749541416993697,0.030772309368433923,0.036708874831852895,0.008504630298718192,0.0019343864993162944,0.00015564029304843748,0.046970017009260595
"Dixon-Sterling CSA, IL, USA",0.8212297965180997,0.10524733959659825,0.028629947905071465,0.006166792822476513,0.0010018255487777728,0.00021149650474197427,0.037512801104234376
"Pullman-Moscow CSA, WA-ID, USA",0.789038747285404,0.07000800091439022,0.016927648874157045,0.052394559378214654,0.006046405303463253,0.0021373871299577097,0.06344725111441307
"DeRidder-Fort Polk South CSA, LA, USA",0.7343345174034865,0.06384600053927948,0.12200611964970282,0.012708238080165066,0.008874664415761029,0.0037046155289042074,0.054525844382700854
"Columbus-West Point CSA, MS, USA",0.4716377475327356,0.019467199896794168,0.47306972843965683,0.007366316196865123,0.001870605689221441,0.00021931239115009998,0.026369089853576725
"Martin-Union City CSA, TN-KY, USA",0.8135576320437582,0.03746225286308472,0.10203122329212011,0.004444191214175831,0.0016380833000968606,0.00019941883653353085,0.04066719845023076
"Clovis-Portales CSA, NM, USA",0.44926871829757026,0.4465033051862587,0.043714230786294196,0.013398204699723458,0.0060927818281303146,0.0007837801866284142,0.040238979015394624
"Cleveland-Indianola CSA, MS, USA",0.29276985743380857,0.025546035536203385,0.6554884472224173,0.006074864807921905,0.000719853922326006,0.0,0.019400941077322844
"Oskaloosa-Pella CSA, IA, USA",0.9203834256528307,0.021221494856485144,0.011959571253866628,0.011707790806416804,0.0018883533558736781,0.0006474354362995468,0.032191928638227466
"Steamboat Springs-Craig CSA, CO, USA",0.8277589779911335,0.11342829411610399,0.006033419899792765,0.005797329555887831,0.004328322971590462,0.0009705936360536187,0.041683061829437845
