longname,PW Mean PM2.5 Pollution,Utility gas heating %,Electricity heating %,"Bottled, tank, or LP gas heating %","Fuel oil, kerosene, etc. heating %",Other fuel heating %,No heating %
"New York-Newark CSA, NY-NJ-CT-PA, USA",7.144324605391404,0.6104806974598601,0.1410979731279504,0.029218115577170252,0.19027743144083636,0.016110427088549588,0.012815355305633274
"Los Angeles-Long Beach CSA, CA, USA",10.785350594907431,0.673977154262557,0.25129161603321926,0.019030255600523825,0.0007684374365934165,0.011054289428792387,0.04387824723831403
"Chicago-Naperville CSA, IL-IN-WI, USA",8.362446657460556,0.8307331419707346,0.13449566593381715,0.018839047004869384,0.0012197751818661452,0.006777927065071473,0.007934442843641261
"Washington-Baltimore-Arlington CSA, DC-MD-VA-WV-PA, USA",7.084978252631482,0.45793356213876185,0.434609135510265,0.029838346412364387,0.0539836555270629,0.01696520148927377,0.006670098922272103
"San Jose-San Francisco-Oakland CSA, CA, USA",8.199872489711147,0.6464237875310304,0.2870135889383924,0.02612369770474175,0.0009802145455433554,0.01954646615670875,0.019912245123583184
"Boston-Worcester-Providence CSA, MA-RI-NH-CT, USA",5.956649733381713,0.49501837051925995,0.15163678013438614,0.05341424008064112,0.26949575503751777,0.024991281053948634,0.005443573174246303
"Dallas-Fort Worth CSA, TX-OK, USA",7.879018080233651,0.344222038116753,0.6231000863066442,0.023148168967312636,0.0005666143753318649,0.004300111904609553,0.0046629803293489385
"Philadelphia-Reading-Camden CSA, PA-NJ-DE-MD, USA",7.216780963437214,0.5835714505496962,0.23312527072446032,0.039253456252732466,0.1233635067929482,0.01545033118703838,0.0052359844931246236
"Houston-The Woodlands CSA, TX, USA",8.102450555574343,0.43225445659450945,0.5346783280442696,0.022841076909841197,0.0007499934636207793,0.003191915309627791,0.006284229678131159
"Miami-Fort Lauderdale-Port St. Lucie CSA, FL, USA",6.881416698800744,0.027686586269745624,0.9257558044412841,0.004757410086311465,0.0013664243062170383,0.0018501178433508664,0.038583657053090935
"Atlanta--Athens-Clarke County--Sandy Springs CSA, GA, USA",7.785405034970526,0.5154099202544854,0.43913322974623925,0.03429607798319536,0.0015112066378188812,0.005716344937511443,0.0039332204407497105
"Detroit-Warren-Ann Arbor CSA, MI, USA",8.008298491118508,0.8447267849604448,0.10606039715230083,0.030172887522721667,0.003359974375599257,0.010917619010376385,0.004762336978556922
"Seattle-Tacoma CSA, WA, USA",5.4439822219983895,0.3770848033805211,0.5361111103315567,0.03134945424805616,0.018448994076222285,0.0313377366963588,0.005667901267284898
"Minneapolis-St. Paul CSA, MN-WI, USA",6.974840990078646,0.7402537886265592,0.17490622973011027,0.05367723029670502,0.005494181500273025,0.01737794482231711,0.008290625024035329
"Denver-Aurora CSA, CO, USA",6.8169858482235215,0.6950544677108594,0.25483452326898753,0.028033620896151988,0.0009231088245914509,0.015439728001086799,0.005714551298322879
"Cleveland-Akron-Canton CSA, OH, USA",7.6349877400685795,0.771826039685213,0.163221166332727,0.025388658614894744,0.015288520778274604,0.01909126437559697,0.0051843502132936205
"Orlando-Deltona-Daytona Beach CSA, FL, USA",7.272779314648716,0.05829240906421007,0.913683024386735,0.00811639141849042,0.0017094290315233418,0.005815575064233442,0.012383171034807804
"Portland-Vancouver-Salem CSA, OR-WA, USA",6.377023002969194,0.4197983157901462,0.5117178717276925,0.0145347214802934,0.012400357826823978,0.036988992519761364,0.004559740655282356
"St. Louis-St. Charles-Farmington CSA, MO-IL, USA",8.132126336432552,0.6167667982373713,0.3217911880247085,0.045833911206368726,0.0020709835129631812,0.010126037299825133,0.003411081718763098
"Charlotte-Concord CSA, NC-SC, USA",7.253669184075562,0.41332470963223616,0.5358186364211265,0.028295458986400332,0.010241486187467645,0.008277338706053324,0.0040423700667161135
"Salt Lake City-Provo-Orem CSA, UT, USA",6.864922400059251,0.8451163828152545,0.12689344094942798,0.016183719977860233,0.0004968530672120703,0.008992922499182807,0.0023166806910624553
"Sacramento-Roseville CSA, CA, USA",9.252861493288876,0.5701660925915113,0.3114256941027329,0.07040899727279563,0.001896324528994279,0.0392223297165209,0.006880561787444812
"Pittsburgh-New Castle-Weirton CSA, PA-OH-WV, USA",7.829795777055828,0.7173817241404551,0.16754531566040748,0.023830716405527176,0.0666468759357737,0.020621566423813593,0.003973801434022864
"Columbus-Marion-Zanesville CSA, OH, USA",8.005908918395972,0.6286889055017882,0.2735184773604336,0.06044289091386722,0.014047441052270059,0.020311963307942882,0.0029903218636979315
"Las Vegas-Henderson CSA, NV-AZ, USA",6.892384516014716,0.5473513800367605,0.4146878064972863,0.019727548419185694,0.001182750534171387,0.010827377505825086,0.006223137006770965
"Kansas City-Overland Park-Kansas City CSA, MO-KS, USA",7.405075977890509,0.6524025326774311,0.2818723491834165,0.0498878132049513,0.0007556466680925445,0.011985423787635896,0.0030962344784726914
"Indianapolis-Carmel-Muncie CSA, IN, USA",8.136587238413075,0.5573784334022392,0.36909002396566604,0.050776147751094326,0.005289334079719446,0.013745596999444337,0.0037204638018365445
"San Juan-Carolina CSA, PR, USA",7.862925636376691,0.0008536125444668857,0.10973942373168155,0.007457670594510058,0.00013898711714521888,0.005002377991251666,0.8768079280209446
"Raleigh-Durham-Chapel Hill CSA, NC, USA",7.056690093812771,0.3230139197660785,0.603075674207451,0.054272790757894956,0.006406574860267309,0.00864579919431891,0.004585241213989332
"Cincinnati-Wilmington-Maysville CSA, OH-KY-IN, USA",8.16031040181477,0.522355581283036,0.38625237988482813,0.04027651835815537,0.024977218911482007,0.020583842770894235,0.005554458791604054
"Nashville-Davidson--Murfreesboro CSA, TN, USA",7.562702655580941,0.32876317753087325,0.6251379675532605,0.03149571105590355,0.0015705642733253623,0.009089407940723361,0.003943171645914113
"Milwaukee-Racine-Waukesha CSA, WI, USA",7.2374753557714895,0.7671706039457545,0.16564336601422103,0.033789732661834306,0.012821651861667031,0.014661592104446735,0.005913053412076239
"Virginia Beach-Norfolk CSA, VA-NC, USA",6.086070983197809,0.3533351368332886,0.5862494220041511,0.026533343271275014,0.019729713269235605,0.008097197679812318,0.0060551869422374015
"Jacksonville-St. Marys-Palatka CSA, FL-GA, USA",7.181803305254925,0.03090982374243485,0.9417619013319318,0.010995983209478461,0.002747846396459209,0.0035600932398074502,0.01002435207988831
"Greensboro--Winston-Salem--High Point CSA, NC, USA",6.863211280707361,0.28402487815279764,0.6106459722308001,0.042866835401567965,0.03807219049090116,0.01746725359637328,0.006922870127559918
"Louisville/Jefferson County--Elizabethtown--Madison CSA, KY-IN, USA",7.869156195102019,0.4793986043130747,0.4491860680713249,0.046141678795108436,0.005006161303078698,0.01625074452497264,0.004016742992440742
"Greenville-Spartanburg-Anderson CSA, SC, USA",6.944613242883205,0.3109018813512793,0.622191705575389,0.035711343037627116,0.011332738258720254,0.013595166163142073,0.00626716561384237
"New Orleans-Metairie-Hammond CSA, LA-MS, USA",7.977772675882991,0.3597673913553381,0.6156149788102198,0.01586515314703964,0.0004451868542885426,0.0042662307812515845,0.0040410590518624
"Oklahoma City-Shawnee CSA, OK, USA",7.163126376210547,0.5597305603826584,0.3826874731207209,0.04418341194611205,0.0009353114149950521,0.009550665906762635,0.0029125772287509452
"Grand Rapids-Wyoming-Muskegon CSA, MI, USA",6.539920566845128,0.7572988746514894,0.08427292951764537,0.09591826416075563,0.011694090114557232,0.04603961111191377,0.004776230443638653
"Hartford-West Hartford CSA, CT, USA",6.243978654612955,0.3558451562597135,0.16321238828470783,0.051540970220609966,0.3955917683588652,0.029218697474523884,0.004591019401579704
"Birmingham-Hoover-Talladega CSA, AL, USA",7.503718896478888,0.3671249812678005,0.5679379589390039,0.05116888955492199,0.0012869024426794523,0.0075359658324591645,0.0049453019631350275
"Memphis-Forrest City CSA, TN-MS-AR, USA",7.648269063696039,0.48920746142197996,0.4636031742646496,0.03650637005039047,0.0006650212399640916,0.006053050469877266,0.003964922553138688
"Harrisburg-York-Lebanon CSA, PA, USA",7.751783038476712,0.3946251478087008,0.2978615685041783,0.06672888184041234,0.1839394546672705,0.05024777076299746,0.006597176416440612
"Buffalo-Cheektowaga CSA, NY, USA",6.426296422058061,0.8400387470515448,0.08526639551357898,0.032294294534796895,0.019430731064571344,0.019571837453067717,0.0033979943824402475
"Albany-Schenectady CSA, NY, USA",6.583707855184894,0.528980360925468,0.15501280809208653,0.08245209280940577,0.17672909243173063,0.05170446148540999,0.005121184255899109
"Albuquerque-Santa Fe-Las Vegas CSA, NM, USA",5.487582404910726,0.7225214885042619,0.15616793140745724,0.05377832866477992,0.00155950326300992,0.06203452241012665,0.003938225750364311
"Rochester-Batavia-Seneca Falls CSA, NY, USA",6.004453674768777,0.6816431890655673,0.16425689364831228,0.06779315949918047,0.04669932019811711,0.03435146108352476,0.005255976505298103
"Tulsa-Muskogee-Bartlesville CSA, OK, USA",7.406392824985798,0.5813841181513484,0.3490754750000557,0.04929987749794533,0.0009702694380633649,0.01696642380394365,0.0023038361086436115
"Fresno-Madera CSA, CA, USA",13.304753629211318,0.5205451330033058,0.34837876869640616,0.06838862258254574,0.002460906608472111,0.05151423345453183,0.008712335654738387
"Knoxville-Morristown-Sevierville CSA, TN, USA",6.976806052288105,0.27276046764844863,0.6693619876158967,0.03338649186674389,0.0032423039274990786,0.01837598847376333,0.0028727604676484345
"Cape Coral-Fort Myers-Naples CSA, FL, USA",7.174351432223862,0.024167762120554003,0.9394818319784293,0.0056831962909151814,0.0007344345102081461,0.0023890942130076515,0.02754368088688581
"Tucson-Nogales CSA, AZ, USA",6.743273571126228,0.513715946357663,0.4371265075096045,0.025378476231301,0.00016823726524563804,0.01564376104777241,0.007967071588413319
"Dayton-Springfield-Sidney CSA, OH, USA",7.943167831020416,0.6193581394931362,0.2784297709820886,0.05807127694427321,0.020678033039973873,0.01856871659313976,0.00489406294738825
"El Paso-Las Cruces CSA, TX-NM, USA",6.903420699579063,0.6844829642156378,0.26868895465435255,0.03206337333463419,0.0009783515995100153,0.010837750821164937,0.002948605374700541
"North Port-Sarasota CSA, FL, USA",7.08242381678886,0.04612069439227764,0.9284376658613734,0.006036351964542103,0.001015419087448096,0.003014806228662281,0.015375062465696412
"Omaha-Council Bluffs-Fremont CSA, NE-IA, USA",6.877037404569789,0.6931686418114359,0.2456091873284271,0.045706803984205624,0.0022518974560272876,0.009010172275320303,0.004253297144583644
"Chattanooga-Cleveland-Dalton CSA, TN-GA-AL, USA",7.173871863559851,0.19435783181126587,0.731789678169895,0.05163401727026355,0.003328318836443528,0.015019145337698108,0.003871008574433904
"Columbia-Orangeburg-Newberry CSA, SC, USA",6.958294968603609,0.2146930965537385,0.7269910590548601,0.037380288727210005,0.004652946160781841,0.010538031374593056,0.005744578128816598
"McAllen-Edinburg CSA, TX, USA",9.51954702271116,0.0572944199027783,0.8926639927545604,0.03518104356505192,0.0004509916270816784,0.002617230098146132,0.011792322052381623
"Little Rock-North Little Rock CSA, AR, USA",7.332986066923899,0.4096084675698506,0.5369379615987027,0.03527966788142188,0.0004920953260894425,0.012788974095960318,0.004892833527975048
"Madison-Janesville-Beloit CSA, WI, USA",6.832044288833804,0.6591081616513208,0.2058676498983014,0.08959645359494046,0.012394431763177905,0.02748411021151958,0.00554919288073994
"Boise City-Mountain Home-Ontario CSA, ID-OR, USA",7.78984815739668,0.623210359629381,0.29934434382033925,0.027060540229283444,0.00790124587761087,0.03953240328744157,0.0029511071559440794
"Des Moines-Ames-West Des Moines CSA, IA, USA",6.875211045524745,0.6292097335162118,0.28690175859704414,0.06724245615753864,0.0011083080239051677,0.010887136279024207,0.004650607426276056
"Modesto-Merced CSA, CA, USA",11.185573741228922,0.6434033932641183,0.2911973820051807,0.03103804273720696,0.00035841595730175187,0.02772269513216589,0.006280070904026338
"Huntsville-Decatur-Albertville CSA, AL, USA",7.048460371038649,0.1989212017388283,0.7298805940138016,0.05527167371886207,0.0012592439201667331,0.008802273211434777,0.005865013396906473
"Spokane-Spokane Valley-Coeur d'Alene CSA, WA-ID, USA",6.4589362532767245,0.47897489855208836,0.41852836017947015,0.020386758659513386,0.012559101159739858,0.06491996421259272,0.004630917236595606
"Lexington-Fayette--Richmond--Frankfort CSA, KY, USA",7.101073929284041,0.33768314331152366,0.6098891775133239,0.0305385580684604,0.002428360623980236,0.016221830264410875,0.0032389302183007587
"Syracuse-Auburn CSA, NY, USA",5.830617767209887,0.6088483170077109,0.1723404619040279,0.08065712771595107,0.0756038771219039,0.05640973041352568,0.00614048583688053
"South Bend-Elkhart-Mishawaka CSA, IN-MI, USA",7.077301867320338,0.7521649410540314,0.15313391591451314,0.05796264063593433,0.009743580541549245,0.023381004503938606,0.0036139173500331937
"Springfield-Greenfield Town CSA, MA, USA",6.485878527910599,0.41709137198731644,0.19347158868499786,0.05433700768053626,0.2800064091184636,0.047344732161477124,0.007748890367208676
"Wichita-Arkansas City-Winfield CSA, KS, USA",6.893201329066281,0.6439638806682758,0.28610891122874693,0.0523260440389084,0.0015649689469237026,0.013300341413322193,0.0027358537038230124
"Charleston-Huntington-Ashland CSA, WV-OH-KY, USA",6.7855486613319576,0.43987121221057174,0.47950144123056604,0.050525243059225664,0.005457989441056668,0.021685417402033284,0.002958696656546736
"Jackson-Vicksburg-Brookhaven CSA, MS, USA",7.285236869075779,0.3911723773874617,0.5029073487538827,0.09024778449627298,0.003463224237770724,0.007874236171097653,0.00433502895351439
"Portland-Lewiston-South Portland CSA, ME, USA",5.21285884652327,0.12832073523811888,0.08290988945690361,0.12323054260763162,0.5892410494396108,0.07145186145798721,0.004845921799747899
"Reno-Carson City-Fernley CSA, NV, USA",8.140172903647064,0.6391510627284152,0.25977589488310254,0.04626108752087107,0.01764662382800178,0.032638859157834876,0.004526471881774626
"Toledo-Port Clinton CSA, OH, USA",7.8524084158267025,0.713015551116111,0.2012406123737496,0.06302204158989287,0.003909156403056745,0.015591692780007967,0.0032209457371816038
"Mobile-Daphne-Fairhope CSA, AL, USA",7.506160729667272,0.26250916324965995,0.7117938263144774,0.015297201922060525,0.0005505780977895217,0.005130572200142351,0.004718658215870186
"Fort Wayne-Huntington-Auburn CSA, IN, USA",7.676464438943883,0.615777875824658,0.2504887472747355,0.09207524831192178,0.007243674591849103,0.028762707890660683,0.00565174610617492
"Youngstown-Warren CSA, OH-PA, USA",7.388089856424365,0.7263291919240662,0.15923576336430453,0.03367570798053408,0.04300779901482212,0.0320980871811813,0.005653450535091867
"Visalia-Porterville-Hanford CSA, CA, USA",12.703229156273448,0.6870559899056309,0.2089902437218016,0.06383193143129626,0.001355799845406086,0.028433528209504205,0.010332506886360886
"Lafayette-Opelousas-Morgan City CSA, LA, USA",7.664082626915616,0.2414710150982903,0.7393211675571087,0.012152843721478384,0.00020083813463765262,0.0039013875941314234,0.002952747894353576
"Savannah-Hinesville-Statesboro CSA, GA, USA",6.927124946330471,0.18037587663144142,0.789665781276873,0.018965813762397088,0.0007595880071085968,0.0037453899218436696,0.006487550400336322
"Springfield-Branson CSA, MO, USA",6.531597634827302,0.3533422306672918,0.4746913651046233,0.12179769494315419,0.001240257078679751,0.04634678232970828,0.002581669876542599
"Myrtle Beach-Conway CSA, SC-NC, USA",6.19137203960155,0.06229353323825477,0.8878841230550943,0.03513225456459613,0.00363658067904708,0.005217534976935802,0.0058359734860718914
"Pensacola-Ferry Pass CSA, FL-AL, USA",7.305670655399565,0.14774091534654762,0.8202492850380194,0.015509550720818064,0.0001512888836832485,0.008686910095360684,0.007662049915570952
"Lansing-East Lansing-Owosso CSA, MI, USA",6.89145378564412,0.6852696477275328,0.14548371570672228,0.1044853429900762,0.02130136829318606,0.03664825468130451,0.006811670601178038
"Fayetteville-Lumberton-Laurinburg CSA, NC, USA",6.624856310855755,0.13554812294030325,0.7783952023930822,0.06376285998541927,0.008574697125471766,0.00744519613649528,0.006273921419228157
"Kalamazoo-Battle Creek-Portage CSA, MI, USA",6.7928793578251865,0.7060582829344012,0.1293383306359253,0.09794902372772281,0.015611838306974421,0.04390622485968753,0.007136299535288718
"Columbus-Auburn-Opelika CSA, GA-AL, USA",7.437479956041247,0.2597147375370389,0.6871631891667824,0.04184258875429251,0.0006192457484429312,0.005025614255958325,0.005634624537484869
"Corpus Christi-Kingsville-Alice CSA, TX, USA",7.434949383421205,0.16622203367772184,0.8085810028986782,0.015793764571471147,0.001014879916037987,0.0022509644782636807,0.0061373544578271575
"Johnson City-Kingsport-Bristol CSA, TN-VA, USA",6.22445310203419,0.1251064769072501,0.7994787576632613,0.03133710846353073,0.013840546797936185,0.02578591200078609,0.004451198167235633
"Asheville-Brevard CSA, NC, USA",5.588050991824225,0.18156566410800076,0.608962297024183,0.06931294365958808,0.09002618400485911,0.04463227900401225,0.005500632199356851
"Davenport-Moline CSA, IA-IL, USA",7.3412187323660225,0.7531984351115364,0.16542218307122383,0.06464751146462165,0.0021089721999119192,0.009943778013835256,0.004679120138870922
"Cedar Rapids-Iowa City CSA, IA, USA",7.014159688570277,0.6874337514353855,0.20155021641197715,0.08600167829697085,0.00231869976150515,0.016937549686423557,0.005758104407737818
"Brownsville-Harlingen-Raymondville CSA, TX, USA",8.221716916955076,0.0666174841155985,0.9049637781201019,0.01750305517700697,0.0004357484006656328,0.0019276327554869506,0.008552301431140137
"Macon-Bibb County--Warner Robins CSA, GA, USA",7.3849033683169365,0.22474601781010947,0.7229273799071863,0.03914461306910847,0.0011099962373008955,0.007042518499937323,0.0050294744763577336
"Rockford-Freeport-Rochelle CSA, IL, USA",7.022372854755419,0.7937712805966901,0.13258421805111273,0.05348499377013236,0.0027101360235644014,0.010254879106114362,0.0071944924523859935
"Appleton-Oshkosh-Neenah CSA, WI, USA",6.540996466074763,0.71318189948131,0.1673999880760735,0.06899779407380945,0.014678352113515798,0.027049424670601632,0.008692541584689724
"Tallahassee-Bainbridge CSA, FL-GA, USA",7.108416943091111,0.07943971861201868,0.873506373637339,0.030059620325791434,0.0028562875745254063,0.005937086836131408,0.008200913014194117
"Hickory-Lenoir CSA, NC, USA",6.522268631073748,0.12396178723061317,0.7144193285910229,0.05691807445848297,0.058142229678182084,0.038511266726620044,0.00804731331507895
"Peoria-Canton CSA, IL, USA",7.608622306641554,0.7022810434909244,0.21099803996529043,0.07282469522370494,0.0012257802212472565,0.008471233608223676,0.00419920749060942
"Saginaw-Midland-Bay City CSA, MI, USA",6.460767346929715,0.7443558597246199,0.10072363837830792,0.10043537457243994,0.009306856007823591,0.040518405035154324,0.004659866281654407
"Green Bay-Shawano CSA, WI, USA",6.156366418709233,0.663410086416186,0.15969777582145772,0.1087521409210079,0.015627767385844534,0.044338627331705315,0.00817360212379846
"Gainesville-Lake City CSA, FL, USA",6.730208874607163,0.14876628575587753,0.8107868112671954,0.019346386199869045,0.0011718465681636258,0.00960040759880636,0.01032826261008808
"Ponce-Coamo-Santa Isabel CSA, PR, USA",7.857122195237117,0.0005324250566536428,0.09872763691835287,0.008853069513455302,0.0,0.007233374698251619,0.8846534938132866
"Lincoln-Beatrice CSA, NE, USA",6.4121637011523935,0.5837831429487986,0.3557471023892206,0.04755429097451822,0.0016179198571767345,0.008647502684910158,0.0026500411453756925
"Erie-Meadville CSA, PA, USA",6.210591637612394,0.71323001562434,0.10834283462128558,0.06435539039736535,0.04968117900426501,0.06090677477020952,0.0034838055825345358
"Lubbock-Levelland CSA, TX, USA",5.414294974547766,0.4613971854266632,0.5075185380747947,0.020661631350581754,0.0010330815675290976,0.004997053804418549,0.004392509776012621
"Midland-Odessa CSA, TX, USA",6.313738372702826,0.40774802440651825,0.5478362930389971,0.030106195686252474,0.0005225374418174669,0.009357439727315831,0.004429509699098836
"Medford-Grants Pass CSA, OR, USA",8.428034554401957,0.31375233849460704,0.5476097599808931,0.018373601878756543,0.014265812203956537,0.10189865859968979,0.004099828842096883
"Wausau-Stevens Point-Wisconsin Rapids CSA, WI, USA",5.735963964629432,0.5832274755236133,0.14382203494856702,0.16655564506134354,0.030734911389267434,0.07014499938034414,0.0055149336968645275
"Springfield-Jacksonville-Lincoln CSA, IL, USA",7.50593838437483,0.7025277340008032,0.2105466456537188,0.07341398597076768,0.0012051543524612958,0.008814622539476522,0.0034918574827724888
"Amarillo-Borger CSA, TX, USA",5.452101782944284,0.5935782871732252,0.381260291206453,0.014578823703539301,0.0018131024402878804,0.004051728922684146,0.004717766553810315
"Rocky Mount-Wilson-Roanoke Rapids CSA, NC, USA",6.335966029958298,0.22360152201236275,0.6086241628071135,0.13826380399786506,0.017423942425233735,0.00861727587334929,0.003469292884075681
"Longview-Marshall CSA, TX, USA",7.172508876821071,0.28958337372288256,0.6629863709505438,0.03447005680386178,0.0001841763440026364,0.009964909559721583,0.002811112618987613
"Tyler-Jacksonville CSA, TX, USA",7.192107577582051,0.3634153691612242,0.5744851833249639,0.043726770467101786,0.002541436464088397,0.013691612255148193,0.0021396283274736296
"Fargo-Wahpeton CSA, ND-MN, USA",5.4263798561248135,0.42671581065320763,0.46358270345343233,0.0676976220364478,0.017111366327466248,0.013630333947632963,0.01126216358181305
"Idaho Falls-Rexburg-Blackfoot CSA, ID, USA",6.194151899370071,0.5031612856696386,0.3511551313796677,0.08272231170517114,0.01110657018534988,0.048657355097723405,0.003197345962449193
"Rochester-Austin CSA, MN, USA",6.203436748115454,0.6483537337508293,0.1617515893348529,0.15084922668184783,0.00567416263402598,0.026150488661163464,0.007220798937280586
"Harrisonburg-Staunton-Waynesboro CSA, VA, USA",6.248628184990669,0.18738793496429088,0.5682520386972604,0.08378665856252833,0.09014840703033973,0.06639315200324167,0.0040318087423390605
"Bloomsburg-Berwick-Sunbury CSA, PA, USA",7.062318371776717,0.21438040783281878,0.3277235237565138,0.05791630825279563,0.2927187167940086,0.10168496685725974,0.005576076506603218
"Monroe-Ruston-Bastrop CSA, LA, USA",7.507448683263619,0.33150004457250404,0.6294107427477297,0.02437847575018531,0.0015676536958596987,0.0087729801226605,0.004370103111060937
"Lake Charles-Jennings CSA, LA, USA",7.554081416489465,0.2685323028484369,0.709343584239042,0.016460070290600353,0.00034294008062410745,0.0023342050648931197,0.0029868974764035152
"Dothan-Enterprise-Ozark CSA, AL, USA",6.967618043082898,0.061913043478261064,0.8980255754475699,0.02759079283887485,0.0007570332480818452,0.003744245524296693,0.007969309462915648
"Lafayette-West Lafayette-Frankfort CSA, IN, USA",7.788921854839535,0.5528683441592545,0.3133947152677069,0.11288389985495426,0.0028378634041748255,0.013810935233650712,0.004204242080258967
"Redding-Red Bluff CSA, CA, USA",9.545680914325105,0.376978042038283,0.3117196056955087,0.11844781724299819,0.023178427997705118,0.16379283367235214,0.005883273353152876
"State College-DuBois CSA, PA, USA",6.414241808189099,0.2717766121151549,0.2995091487043541,0.04421031349335595,0.2901077177099595,0.08944276584034372,0.004953442136831811
"Bowling Green-Glasgow CSA, KY, USA",7.063620520186148,0.3130893039116265,0.573927716419756,0.07745160977163743,0.002956835215260616,0.028340884259869057,0.004233650421850437
"Columbia-Moberly-Mexico CSA, MO, USA",7.072243669063958,0.4686651795035221,0.43458863089416616,0.07347172009098778,0.0006373556334545744,0.018208591114383298,0.0044285227634861075
"Bend-Redmond-Prineville CSA, OR, USA",5.871519427781582,0.37590725806451597,0.46745071684587847,0.030006720430107443,0.010416666666666614,0.11329525089605723,0.0029233870967741884
"Bloomington-Pontiac CSA, IL, USA",7.388803423606901,0.7095856844187712,0.20704538812579695,0.06985814805656021,0.0004383697142728684,0.008643751545534224,0.004428658139064372
"Lima-Van Wert-Celina CSA, OH, USA",7.7402707612187704,0.5606591663889494,0.24778496650156964,0.13721141359932804,0.011215941346142755,0.03660120203633681,0.00652731012767328
"Mansfield-Ashland-Bucyrus CSA, OH, USA",7.174346323218,0.5889920966569762,0.21560456031976835,0.09388626453488352,0.0391646984011628,0.057742096656976646,0.004610283430232549
"Eau Claire-Menomonie CSA, WI, USA",6.1163543862501255,0.48680678474721356,0.21937896353256947,0.1948094573843318,0.03543588601437147,0.057719584100153626,0.005849324221359993
"Pueblo-Cañon City CSA, CO, USA",5.583279761581838,0.7409251736338621,0.15508511930999125,0.062293753946223905,0.0013223573700575386,0.03502460061233501,0.005348995127530059
"Greenville-Washington CSA, NC, USA",6.188009522005027,0.1294907092617574,0.7520537714712469,0.10043137560888597,0.007289913390478553,0.0058965813204329386,0.004837648947198295
"Mayagüez-San Germán CSA, PR, USA",8.281271122896086,0.00043416097482840425,0.0877341648569248,0.012213177512605278,0.00021708048741420205,0.004073451499125321,0.8953279646691019
"Joplin-Miami CSA, MO-OK, USA",6.866982210598202,0.39135764254318184,0.4637033368414528,0.08842939392063366,0.0005200272395220698,0.05264656720113921,0.0033430322540704436
"Johnstown-Somerset CSA, PA, USA",6.180196947071923,0.3797763090354449,0.13505365246907633,0.03720356239154032,0.33283290019765815,0.11138828002586662,0.0037452958804136487
"Bloomington-Bedford CSA, IN, USA",7.3400541189013255,0.41188468699230363,0.43894600780295756,0.10123685177938276,0.0028934979306746394,0.0417185480332516,0.003320407461429913
"Morgantown-Fairmont CSA, WV, USA",6.515998326425265,0.523640667228131,0.33250951608269336,0.057286474736996905,0.03346952243122444,0.049833097500952425,0.0032607220200020427
"Sioux City-Vermillion CSA, IA-SD-NE, USA",6.082413364312741,0.5570136251954428,0.32470125083761403,0.09291936564663933,0.006184386866205083,0.012634018315836458,0.006547353138262221
"New Bern-Morehead City CSA, NC, USA",5.963050713516453,0.08496266587358917,0.789985545662662,0.10212090249114968,0.007569573775770158,0.010517921259734983,0.004843390937094161
"Jonesboro-Paragould CSA, AR, USA",7.348651126371956,0.3036528345996479,0.6030537697253082,0.07466393921683213,0.0002191700759789596,0.014202220923436553,0.004208065458796021
"Elmira-Corning CSA, NY, USA",5.76393129225547,0.6054295476046785,0.13962440039277385,0.09466788973738664,0.06084331291887413,0.09673240415308808,0.002702445193198843
"Rapid City-Spearfish CSA, SD, USA",4.979528433509715,0.5322126046212159,0.31587381071607584,0.10763287788826097,0.002389298233063878,0.035882395021102985,0.006009013520280421
"Ithaca-Cortland CSA, NY, USA",5.588788593253856,0.47676985723396925,0.20378092855157143,0.11519403424422321,0.09884053704884767,0.09741778279285007,0.007996860128538454
"Williamsport-Lock Haven CSA, PA, USA",6.5950290705253645,0.2986328254939782,0.24832013838068137,0.05195928414609839,0.2804869935466692,0.1148293526711465,0.005771405761426395
"Parkersburg-Marietta-Vienna CSA, WV-OH, USA",6.98360148894858,0.702306741503504,0.21685892386862027,0.03910580413002192,0.00761351024305748,0.03277062846328047,0.001344391791515815
"Jackson-Brownsville CSA, TN, USA",7.047510618497873,0.45831588498045756,0.4636027359017309,0.06236041317699629,0.001134142936906756,0.008375209380234514,0.006211613623673936
"Cape Girardeau-Sikeston CSA, MO-IL, USA",7.286218786608339,0.3865575591789816,0.47113477407771753,0.09977236658072919,0.0005052159909670468,0.04012580851334429,0.0019042756582604082
"Paducah-Mayfield CSA, KY-IL, USA",7.320796137983322,0.43754577722688726,0.40554397430841005,0.13720960805303617,0.0024038912990403246,0.015362367832929517,0.0019343812796965068
"Edwards-Glenwood Springs CSA, CO, USA",4.418729774391365,0.6216439487814959,0.27899628252788033,0.055679471292854193,0.00024783147459727403,0.04246179264766626,0.0009706732755059903
"Manhattan-Junction City CSA, KS, USA",6.587076236436933,0.5047250066621586,0.3691654879773676,0.09646803189635729,0.0024393743722198294,0.024660229998154978,0.0025418690937416694
"Hot Springs-Malvern CSA, AR, USA",6.81665525927991,0.3013391616810832,0.6239604363851897,0.043101372501805825,0.0005556687473374206,0.0295430550667729,0.0015003056178110338
"Findlay-Tiffin CSA, OH, USA",7.532947119250443,0.5532003168257088,0.24923622373929688,0.14419341455135232,0.00997623807188927,0.04073473390412263,0.002659072907630216
"Mankato-New Ulm-North Mankato CSA, MN, USA",5.9008494568323915,0.6495931067496411,0.17173288654858707,0.136967448539972,0.011987394287537888,0.02355592787617678,0.006163235998085207
"Rome-Summerville CSA, GA, USA",7.346135345000187,0.3555096785650865,0.5512120404901435,0.07345498135322326,0.0027970165157165643,0.015050612679808156,0.0019756703960220174
"Moses Lake-Othello CSA, WA, USA",6.045233106177047,0.05810939144272426,0.9084725751392426,0.007084007084007062,0.004851004851004847,0.017838351171684384,0.003644670311336973
"Kokomo-Peru CSA, IN, USA",7.684458900161418,0.6940947680983643,0.22161348333403064,0.05466103467023556,0.004307640834762253,0.021015432227844882,0.0043076408347622434
"Victoria-Port Lavaca CSA, TX, USA",6.990982469210829,0.25346117657601186,0.6890317666562117,0.039697119046552376,0.0,0.008960974954075024,0.008848962767149082
"Quincy-Hannibal CSA, IL-MO, USA",7.120423705993748,0.5308373398307484,0.3130724215197858,0.12082580982008775,0.0020014358126482093,0.026018665564426988,0.007244327452302773
"Mount Pleasant-Alma CSA, MI, USA",6.105047660912719,0.5329225932405374,0.15042722040516288,0.2089196521386363,0.01696204457290635,0.08420171902335094,0.00656677061940619
"Richmond-Connersville CSA, IN, USA",7.376602468126979,0.5274689160322088,0.2739223311606491,0.10576765076409021,0.04168264227419618,0.044996439721750436,0.006162020047105203
"Dixon-Sterling CSA, IL, USA",7.080643641897112,0.6992806931502358,0.16857391967740215,0.11089313933845647,0.003814506021470241,0.014767587597406229,0.0026701542150291634
"Pullman-Moscow CSA, WA-ID, USA",5.296682197679199,0.31121722624273174,0.5460315577174061,0.031053505753944857,0.02856210701150801,0.07720370150670267,0.005931901767706709
"DeRidder-Fort Polk South CSA, LA, USA",7.042162257537726,0.14492895639392428,0.7823942511840605,0.04435734117262767,0.001731177527355871,0.017246447819696198,0.009341825902335453
"Columbus-West Point CSA, MS, USA",7.218419197944354,0.33602872097704967,0.5538182794255809,0.10340893839753046,0.00026842034626224626,0.003254596698429735,0.0032210441551469493
"Martin-Union City CSA, TN-KY, USA",6.9639131635927605,0.3355671205532177,0.5805945676195918,0.06359164468525,0.0021387324445711806,0.014899836030512491,0.0032080986668567677
"Clovis-Portales CSA, NM, USA",5.082425993424176,0.3613582208101679,0.5562748212867343,0.031969817315329656,0.0,0.04372517871326465,0.006671961874503572
"Cleveland-Indianola CSA, MS, USA",6.93985620710355,0.511600632298201,0.3818265259293243,0.09770027025648888,0.004946203661210544,0.003161490999948997,0.0007648768548263729
"Oskaloosa-Pella CSA, IA, USA",6.876484763043239,0.5789879386959284,0.1967896980139661,0.1928901786523979,0.0022218191711254193,0.025210846105015065,0.003899519361567055
"Steamboat Springs-Craig CSA, CO, USA",4.805254389635776,0.5275057509037125,0.2492934604009205,0.13545842918172907,0.0,0.08623069339467636,0.001511666118961552
