longname,Architecture and engineering occupations %,Computer and mathematical occupations %,"Life, physical, and social science occupations %","Arts, design, entertainment, sports, and media occupations %",Community and social service occupations %,"Educational instruction, and library occupations %",Legal occupations %,Health diagnosing and treating practitioners and other technical occupations %,Health technologists and technicians %,Business and financial operations occupations %,Management occupations %,Construction and extraction occupations %,"Farming, fishing, and forestry occupations %","Installation, maintenance, and repair occupations %",Material moving occupations %,Production occupations %,Transportation occupations %,Office and administrative support occupations %,Sales and related occupations %,Building and grounds cleaning and maintenance occupations %,Food preparation and serving related occupations %,Healthcare support occupations %,Personal care and service occupations %,"Firefighting and prevention, and other protective service workers including supervisors %",Law enforcement workers including supervisors %
"New York-Newark CSA, NY-NJ-CT-PA, USA",0.015448059210084552,0.035522025434426986,0.011157200135208366,0.031637898528593444,0.019651853437789673,0.07313832000240313,0.018314715971313265,0.04448253908277178,0.017541586023551176,0.06646425004894975,0.11488557105813842,0.044274867605007755,0.0012273504992621764,0.022212526258864208,0.027397495871049123,0.03159072426531527,0.04062725843343357,0.10879221170158047,0.0951343508679138,0.03645297081916772,0.04419431544412013,0.04245151184806609,0.030763267568530903,0.015013440979630468,0.011623688904827675
"Los Angeles-Long Beach CSA, CA, USA",0.019975997391832395,0.026578625228897226,0.00849940666068376,0.036165410465776676,0.017407854227221426,0.053720708786970627,0.012681008709274532,0.03482010264558197,0.017016635884623963,0.05531377908471222,0.10382982737075823,0.05027523447669452,0.005519922113696571,0.02686873097136693,0.0426505762286867,0.0527267065321892,0.03832965320041716,0.11463198441982271,0.10175421681536348,0.04023218795038097,0.055082622988301654,0.03686405956788058,0.028532826683628214,0.013158692406413892,0.007363229188824419
"Chicago-Naperville CSA, IL-IN-WI, USA",0.018258582076443913,0.0362534491434238,0.009224561221127822,0.020708009711706443,0.016807187082337468,0.060754429804856416,0.014978793732009433,0.043311551532658324,0.016702489720229818,0.06812723214072977,0.1132149651176431,0.04011333026751484,0.001667436011481938,0.026059124905708986,0.042378648281337694,0.05703601275747205,0.04265972482630153,0.11053782200943345,0.10016956030162584,0.0315044491746059,0.049801175951869156,0.030545232702326154,0.02706616362112491,0.012822398702694398,0.009297669203336892
"Washington-Baltimore-Arlington CSA, DC-MD-VA-WV-PA, USA",0.023309781441716398,0.07412130717177672,0.020442511875830193,0.02577824254194443,0.017683569281384412,0.06455662013358301,0.024692784668848836,0.038368592180521605,0.015221798943947795,0.08456506271387709,0.13299351786037006,0.04265354247427419,0.001709221906872138,0.024039487446836552,0.024596478090554943,0.023804201090069525,0.03142089727294898,0.09970600679956818,0.07891576863624998,0.030676468397937775,0.04292687710712177,0.02335530293164373,0.02680285302012093,0.015869054725922174,0.011790051286078613
"San Jose-San Francisco-Oakland CSA, CA, USA",0.03678828994686888,0.07566732002070581,0.01849619849424449,0.028342802878970615,0.015662801763169087,0.05538318837215865,0.014352444515074768,0.03740950675075322,0.01409556273810185,0.06971458066003094,0.13361248219377014,0.041820847647265104,0.007563742871184471,0.02083630281675803,0.027001499492955428,0.037169630420035765,0.02906809056730101,0.09382343952203986,0.08752852232532128,0.032279690242545636,0.04800192373787586,0.03230732112081775,0.025692352813863575,0.01139215269752106,0.0059893053906665385
"Boston-Worcester-Providence CSA, MA-RI-NH-CT, USA",0.026479359530960825,0.04631708270730725,0.02038895163464469,0.022493184436304256,0.020114934824669462,0.07106274793058992,0.013485392129379062,0.0486472533457375,0.018820063277316407,0.06756885101430285,0.12238068496322586,0.044278084244878495,0.002080458050492023,0.02338002137714063,0.025214444253305265,0.04207917633644141,0.02983033223012331,0.10184286722842949,0.09259545694858333,0.03183848995126292,0.04936003876459937,0.032287464964869776,0.02761071749792401,0.01150653485819159,0.00833740749932027
"Dallas-Fort Worth CSA, TX-OK, USA",0.0212136865231073,0.043857883397249255,0.006045688512353049,0.017278611317090752,0.013369684429268591,0.058932882200839046,0.010667033729850282,0.0349055379671111,0.016540291351468214,0.06851204722090298,0.11735069186969913,0.06011276338880115,0.0018000403572156314,0.03104792098668968,0.04356260474744925,0.0471883404155802,0.03934828523769543,0.11591894810743128,0.103618631219414,0.03234078264383203,0.049190660215432495,0.023726638574492052,0.02544749393038308,0.010669500552321494,0.007353351104322384
"Philadelphia-Reading-Camden CSA, PA-NJ-DE-MD, USA",0.018596839577546095,0.03692818210031513,0.014547027372254273,0.01887119871927344,0.02145838586737771,0.06731610067996885,0.015297105441601837,0.05174847841798014,0.02135605109207628,0.06707089790069636,0.1101373683749384,0.040034606489941386,0.0030674787173930506,0.026916720574419555,0.0350751507819738,0.0429508809618108,0.03556522234170787,0.11345172794008752,0.09404012441452622,0.030506875728029226,0.04835220704181166,0.035493032019831054,0.02734517969912995,0.01289785276926473,0.010975304976044707
"Houston-The Woodlands CSA, TX, USA",0.030060034675711313,0.029062860292485063,0.011289775858099928,0.0158588609231709,0.012743007186330545,0.06141446908107372,0.011598680437106896,0.038798894941292655,0.017784090181784774,0.060871144681462576,0.10810181606313203,0.07208959472645947,0.0019496132955055074,0.03393600417281398,0.03554330576710608,0.05135533273929871,0.042566887289469627,0.1034317055851416,0.10278739555351099,0.03737224144617164,0.052031248052283256,0.024638177631988528,0.02420344416028245,0.011201067479553366,0.009310347778764416
"Miami-Fort Lauderdale-Port St. Lucie CSA, FL, USA",0.012553827069310224,0.022929316686912508,0.006006786403002824,0.019510160328779138,0.0139938639996754,0.04795663929871762,0.01671572746285171,0.04237072410244329,0.018853810597683134,0.05301113687784337,0.11344829835431,0.05701687977424954,0.0038667944733985827,0.032819608537930714,0.02900217739823505,0.02945833116708273,0.045512272265869666,0.11639601474478851,0.12122271760054452,0.051752275284634566,0.05650700034081278,0.03228331552979973,0.030888648996722997,0.016694557573566488,0.009229115130834986
"Atlanta--Athens-Clarke County--Sandy Springs CSA, GA, USA",0.019029705680967582,0.043646130062250085,0.010078521350192484,0.022775762569652597,0.014815944676211222,0.06398539906838106,0.012723605176501214,0.036186628171745706,0.016317627706534738,0.06751332770345037,0.1213945283244177,0.04542265704834592,0.0020399111760488983,0.029489698008647196,0.04096726315552507,0.04898880680198079,0.041994008430661076,0.11086762335301295,0.10570474359390113,0.032641721428913965,0.04909842503522647,0.02081081963598197,0.024370482380213478,0.011376946234462764,0.007759713226773545
"Detroit-Warren-Ann Arbor CSA, MI, USA",0.04192229829284576,0.03410918264312125,0.008297627085494304,0.01906705098263664,0.015852732616212714,0.051845062771305864,0.010735601871799484,0.04829106850524713,0.020902278087792596,0.05638132500417325,0.10348895428888205,0.03924811984469542,0.0019835640315993704,0.02786763199654985,0.040575677547898155,0.07921252178857946,0.03437117647038339,0.10986192564486257,0.0927064386591134,0.032196952823666095,0.054625307662325276,0.03512753657334161,0.024396967554760663,0.009924520056374992,0.00700847719633884
"Seattle-Tacoma CSA, WA, USA",0.030784859052510716,0.07327822424212949,0.012591258574811111,0.023813884782533306,0.017538962190623616,0.05519305683482453,0.011721163995087979,0.039508339086329454,0.015121046267930913,0.06574924966357765,0.12486258509347307,0.04757753109635188,0.004357909370581067,0.027554404419155368,0.03270017323497157,0.04197095931325686,0.03538143423526105,0.09868207360103604,0.0892559299933069,0.028435128508487565,0.05062687233490136,0.03127314372134598,0.02550058434952371,0.010691763249036508,0.005829462788952517
"Minneapolis-St. Paul CSA, MN-WI, USA",0.025227519540969447,0.04519961274836801,0.012482097898427861,0.02351039092987777,0.019285702119157713,0.06156803765345478,0.012149720724913727,0.04386273835517437,0.018095681352489523,0.07535018144939408,0.1189021793722675,0.039404188596884646,0.003342646339178512,0.02619610897736022,0.03150815912304018,0.06388224825076211,0.03200304203374332,0.10559236103342705,0.09527946153056381,0.027943160741191846,0.047265691356029774,0.034472853025299684,0.024991817168616023,0.006696341227061112,0.005788058452346951
"Denver-Aurora CSA, CO, USA",0.03070720189807547,0.05266852963058566,0.013918027883098483,0.02436613632702935,0.015504189112143378,0.055090212280733346,0.01364344097787694,0.04049466549741375,0.014644123610127511,0.07409602360322458,0.1335458782562458,0.052540695875827506,0.003260783416382658,0.02541130510593573,0.029074509182298484,0.03489861504910086,0.03414439589602496,0.10462016756448511,0.10039296096212913,0.027491415963367915,0.05140246412345708,0.02358430508292571,0.026211544410724416,0.011256017774005263,0.007032390516780713
"Cleveland-Akron-Canton CSA, OH, USA",0.01961051102603863,0.028559152546553095,0.008398828769834877,0.01586432582426473,0.017278653168142904,0.054698938561656855,0.010419491392782747,0.049921071625960996,0.021952639571252326,0.054462434632140184,0.10479770575928792,0.039956147983047814,0.0021528741898211297,0.02994549355794588,0.04203160595827098,0.07917949856242347,0.036979181328589544,0.11917881862864839,0.09625890888345164,0.03402937552573153,0.05816626385269283,0.03367067538438838,0.023645284617507065,0.010125683542650896,0.008716435106915542
"Orlando-Deltona-Daytona Beach CSA, FL, USA",0.017985457483587413,0.0296063144581806,0.005241983278029944,0.021927960119472872,0.013802172379147923,0.05156468267290892,0.010603116643591712,0.041065201782535164,0.020145052820102358,0.05303668271262529,0.10651521366651592,0.05219208235256884,0.002865187261118026,0.029965005867521446,0.03184348146626595,0.031826725985206944,0.04448766393221344,0.1253651298580803,0.11928785482058167,0.045200082163914405,0.06817867300313499,0.025377106924171656,0.030024580911287405,0.013945524828209894,0.007947062609026993
"Portland-Vancouver-Salem CSA, OR-WA, USA",0.031357854861125155,0.03850766213226761,0.011509026078479472,0.02512021351075097,0.019484331214576038,0.055145470180349355,0.011818203610923231,0.04166459216533031,0.01761451401041359,0.059675566431064066,0.11487574197997899,0.04728019044844268,0.010283994622892532,0.02593034469914198,0.03603977387628088,0.054852273991531156,0.03528680672470364,0.10873706202666847,0.09323884671248416,0.027907113972181416,0.05557696645823231,0.03799380046800719,0.024394291709924073,0.01006886115101325,0.005636496963237386
"St. Louis-St. Charles-Farmington CSA, MO-IL, USA",0.020033993491808975,0.040171936300409355,0.010913301450953646,0.018222797117781346,0.016755803779487124,0.0606299879322416,0.012436055681036803,0.04940621534305701,0.022365624855865164,0.06493459109711966,0.10701341221548943,0.04636414891324761,0.0022049646469062163,0.02801537348438794,0.03833526890173744,0.05472965949370511,0.034642658734393594,0.11481924865984665,0.09762217658854846,0.030583128130957083,0.05360755759721404,0.031370664676714205,0.02547377826853441,0.01055257666950525,0.008795075969052032
"Charlotte-Concord CSA, NC-SC, USA",0.019825899190609054,0.040203154489398124,0.005812854389814633,0.0174991513030516,0.018240420272605376,0.055666875526455904,0.010021565813635017,0.037947598980295566,0.017793885916075548,0.07141100021602023,0.11991392689341288,0.04854404673011753,0.0030452750010916247,0.03274700871302508,0.04196164201755642,0.06306827043157773,0.03562006616243599,0.10618548828275738,0.10876354295554007,0.030709042290372388,0.05014389620748696,0.02401087523399899,0.02435577593508387,0.010063400477316544,0.0064453365702655165
"Salt Lake City-Provo-Orem CSA, UT, USA",0.021936050885202965,0.04792831979026195,0.010058616297863103,0.02350014523733274,0.014237727445387012,0.06264272360963145,0.009383076499109992,0.03536119407431683,0.016512367517484337,0.0606704751122799,0.11300805136187975,0.05303546025338324,0.0020891831703447657,0.031159738721762507,0.0360069415996963,0.05862821477249936,0.032427399953822024,0.13216895198230175,0.09886119035028296,0.0307270059510069,0.044292172824977924,0.023791364709562626,0.02553123347459866,0.009873159396110541,0.006169235008900443
"Sacramento-Roseville CSA, CA, USA",0.022673387123074866,0.04112420342697617,0.014164650094903903,0.020449994455786456,0.01717646253090079,0.05869446817947598,0.013774109175347186,0.041990079119187534,0.018405158075310006,0.06288850260578009,0.10849128906224488,0.04747477382870302,0.007717871282931008,0.027990124777415897,0.034342325830164486,0.03360037961555779,0.03538594248367731,0.11605506382368215,0.09772246971881045,0.03376426004317964,0.05698880721139111,0.03715601416709617,0.02861547944401325,0.01326453073124916,0.010089653193140787
"Pittsburgh-New Castle-Weirton CSA, PA-OH-WV, USA",0.02393169866435157,0.03579128588923515,0.010347622832088251,0.017719823548875954,0.021901568658917497,0.05750704690007957,0.013246347658992335,0.056240809059706076,0.022310888168374104,0.06038272057084788,0.10297334316762564,0.0478190667806737,0.001902019228857432,0.030521655861082984,0.03421185460703819,0.05054286894669161,0.0376205123605013,0.11228676325563146,0.09783889175599136,0.030277297124903797,0.054347380336558636,0.036503081904944015,0.024426229604053606,0.011116247805358513,0.008232975308619283
"Columbus-Marion-Zanesville CSA, OH, USA",0.01866043384082037,0.04216826886115395,0.009362712579069473,0.01807154909975148,0.01836718033584664,0.058482674662184646,0.011475722968961901,0.049320484074352786,0.021677774633888845,0.06617463483994294,0.11126275751818775,0.03632222061064918,0.002277866414310139,0.026768496964826197,0.051175114349052565,0.058543703094300334,0.037377933228554844,0.11534611443068746,0.09091254942708515,0.030371552190801676,0.05116639600160759,0.030788447714088705,0.023091732074086747,0.012084422136042697,0.008749257949745804
"Las Vegas-Henderson CSA, NV-AZ, USA",0.011440457157442073,0.021523196415341263,0.004282306064355116,0.02174652860247228,0.010774891790237839,0.04612430031443722,0.010203267739842821,0.03357338589320475,0.015650977875933673,0.042966631335278546,0.08758078067006826,0.0527312108503991,0.0013825325870020632,0.03090403451368548,0.03707757425795233,0.03150844940107972,0.0481653083579413,0.11803460585413979,0.11044662892470836,0.05859722571794178,0.09815006504992971,0.025038019646142762,0.049624057484995994,0.023280608030741785,0.00919295546472594
"Kansas City-Overland Park-Kansas City CSA, MO-KS, USA",0.020574804008665657,0.03948192827418554,0.009541621857514714,0.01851670017611953,0.01690201212574608,0.05821760882779253,0.011473480774925635,0.04649865182899329,0.020848334658125793,0.0649062514611683,0.11164492448683723,0.046295257243496285,0.002933246052898151,0.029093997911504174,0.043091597699536396,0.05616028428484568,0.036264241517432454,0.11494365736194881,0.09972802792973945,0.030301117501285592,0.05102086937547785,0.026113215193029973,0.02594566792911597,0.010627172269759077,0.008875329249855839
"Indianapolis-Carmel-Muncie CSA, IN, USA",0.02260917449427702,0.03184753327430221,0.0104178970494437,0.016590108007582392,0.01863556421926067,0.056436181521815544,0.010489581695651413,0.04965383647265895,0.019402101174732254,0.062445472829482665,0.10782348307549772,0.043398536492779714,0.0021806795215701404,0.0295169676742974,0.054171598380252775,0.06971494763355202,0.03587572163222682,0.11759458911257019,0.09196244050378055,0.029964996713095625,0.051862212334809414,0.02735583851078431,0.022457659219337834,0.009537316338641562,0.008055562117597023
"San Juan-Carolina CSA, PR, USA",0.01429158114987795,0.013655542010762738,0.008158771585456547,0.012608696732627094,0.014710067972500265,0.06355031752197718,0.011459352141427277,0.04696008749796009,0.02139342739348422,0.056153564852099005,0.07190277872972431,0.045857473220713055,0.004987606429043361,0.03647520974269486,0.029963356724816613,0.05057175589226742,0.03009439734860209,0.14594266605148445,0.11795184819626231,0.05300868912305437,0.05682486010454897,0.02226625141694608,0.023674958857282772,0.03030643243920258,0.017230306865184584
"Raleigh-Durham-Chapel Hill CSA, NC, USA",0.023427387184531745,0.06062138319328997,0.020829451516584656,0.0211653760719081,0.01789850155663983,0.07077606041139527,0.012622195188917235,0.047163465459932497,0.02088152487148569,0.07302707345605514,0.1274413330520463,0.04555029148681921,0.002474197203866194,0.025114811980454534,0.02848971974576978,0.041725984030544706,0.027196462653140442,0.09816273583249119,0.09612849843790269,0.030141177450359567,0.04672503749990491,0.024121168525701106,0.022053441266768094,0.008766775711969254,0.007495946211521991
"Cincinnati-Wilmington-Maysville CSA, OH-KY-IN, USA",0.023616918417254756,0.035644560163397114,0.011312647097554784,0.017818302979203435,0.01750985658568395,0.056653383144332596,0.009518531971927011,0.05045440605509441,0.021022963789807628,0.0630459125550057,0.11167615426561925,0.039474951766584894,0.0015979114025296195,0.02689316707277298,0.045285940412398966,0.06532876938726984,0.03414475062241643,0.11607041062257509,0.09780667216390584,0.029897205157506365,0.05525874586933736,0.02844423704591446,0.022197534726733407,0.011619325889965105,0.0077067408352092335
"Nashville-Davidson--Murfreesboro CSA, TN, USA",0.015790329713707266,0.03468554573996421,0.007980599486113,0.028087433890957882,0.015672457337509816,0.060378068793608436,0.011189652084604951,0.044838103661901905,0.01984733242934055,0.06113373123636263,0.11516496650231477,0.04891429490389266,0.0020897218942913212,0.028782789536588114,0.04167108307352677,0.0618592402805542,0.03778403587706184,0.11564742087931076,0.10123501010595695,0.030909974744244294,0.054900201388152534,0.021485667084550308,0.022656167192371332,0.009254352140525779,0.00804182002258763
"Milwaukee-Racine-Waukesha CSA, WI, USA",0.02452442010116853,0.030037883942474412,0.008938119755740595,0.018759318588726454,0.017214478801792277,0.0582212966745981,0.009874803799307651,0.047849890804334765,0.019233236685337857,0.058260425725944524,0.10393175406946192,0.04047446843235249,0.003682757713863232,0.02808622879438105,0.04180114630262891,0.0902304501634062,0.0328672962822004,0.11101100739372471,0.09231629791206498,0.030497162027275412,0.05120747294158221,0.04057094450139131,0.022980497325963297,0.009312720655746115,0.00811592060453247
"Virginia Beach-Norfolk CSA, VA-NC, USA",0.026072005019461258,0.03900043911265901,0.008645245547367226,0.01712106182605903,0.020715103789297466,0.06575601344307486,0.009301659597421184,0.04139423874590441,0.021543301841949688,0.05599553046250263,0.09954687518961945,0.050511245470162364,0.002204218040815374,0.03849293312180992,0.033062114562628295,0.04808705862408988,0.03499467272699867,0.11373126683886885,0.09789407034369509,0.033659778218170476,0.05773808052329851,0.029436964741565676,0.028120274380901988,0.016083760055049467,0.01089208777662935
"Jacksonville-St. Marys-Palatka CSA, FL-GA, USA",0.014563929511635734,0.03586435120148312,0.005920480266948907,0.020170559043483454,0.01610556432245278,0.05108360104801022,0.0105830467876122,0.04469360008135015,0.02029986554634505,0.0629057305378019,0.10872793786257584,0.046908130868223916,0.0038829612946719616,0.035515349184051054,0.04189781773306868,0.03538102106942768,0.04033233026638377,0.12753261850689987,0.10726790424288574,0.03374020942631866,0.06099375185956517,0.026450084551387934,0.025400567693209607,0.013791856703286793,0.009986730390919974
"Greensboro--Winston-Salem--High Point CSA, NC, USA",0.016864187941362886,0.02352879234149761,0.00818387575088621,0.014952756732962645,0.019052892687031753,0.06126995246229691,0.006578376441262718,0.04094062387824417,0.023920099616831437,0.04856939988442624,0.09843948432789092,0.048094001264236116,0.0035184552803749184,0.038512231942466064,0.04752813632471224,0.08382636565201398,0.0401268403073392,0.11457293118123826,0.09951156867579988,0.0363304660088945,0.05181089979061629,0.03066884565590037,0.02496248729797953,0.009195000296039304,0.009041328257695819
"Louisville/Jefferson County--Elizabethtown--Madison CSA, KY-IN, USA",0.01766137425601926,0.026826074237795674,0.005734743824164213,0.015192761788964846,0.016605944453732393,0.051896250453168376,0.011218882658093288,0.04707483163400094,0.02248769947549622,0.053892006471521585,0.09917178305337516,0.04333446325566491,0.00245433776150936,0.03370246301747555,0.06319466199919414,0.09029083310315698,0.042005463496166885,0.11682099772382892,0.0933892766935319,0.029553840697390057,0.0499101716266739,0.025319059727726165,0.024796634509987217,0.01024695960072623,0.007218484480635801
"Greenville-Spartanburg-Anderson CSA, SC, USA",0.027082232750105812,0.020911820887993832,0.005808363853836833,0.015655142447504287,0.01797528415819251,0.06085624628324312,0.008684531164096914,0.045155204584107905,0.021325553622618346,0.041807864583355524,0.0944681606660637,0.04768657229167573,0.0029479996606661444,0.03797201707166987,0.044478591371453956,0.10554172778609372,0.035696368210804734,0.10274860947476162,0.10169872296382675,0.037489303676940866,0.05527334527408111,0.027954238597350058,0.0233972331742735,0.010152784406397547,0.00723208103888566
"New Orleans-Metairie-Hammond CSA, LA-MS, USA",0.019577245842464293,0.017369437279669688,0.010121420913136388,0.021144445803905672,0.02033373523539987,0.06389947847577446,0.0184088473937215,0.04923490729240597,0.023449033532099737,0.04806648717830258,0.09811795468655103,0.061696100479204485,0.0039699895470413,0.033011784237332455,0.03066626342134806,0.03973361399315379,0.045470160927264774,0.1050199535803763,0.09982580977931853,0.038332096265320866,0.06687983046364362,0.030169281716603602,0.028370471829521147,0.015022334892367902,0.012109315234071953
"Oklahoma City-Shawnee CSA, OK, USA",0.021127568378172538,0.030125285375352577,0.009062066341376069,0.015801960696539653,0.017423284390527777,0.06106193204709258,0.012987376337347357,0.04721283405703074,0.021561227002104055,0.05524111419490654,0.09867971932494697,0.05904192219884514,0.0029670643269618137,0.03914118805676167,0.03816895339988331,0.047853529701419095,0.03677984690451687,0.11962962755718656,0.10105365056627401,0.033118928779265096,0.05738003044003753,0.026117440350955628,0.028906844531984333,0.011033114732082914,0.008523490308429211
"Grand Rapids-Wyoming-Muskegon CSA, MI, USA",0.026063326059208476,0.025194548523901517,0.006712781872332261,0.01706674352534269,0.01950288906273575,0.049886770700374714,0.006133596848794286,0.043879441676617656,0.018448827218951257,0.04967540934107391,0.0999382385638411,0.043205555784301415,0.007808018006889841,0.032894140898422755,0.04390414625108087,0.11421199269842675,0.036248473120050355,0.10919284665321634,0.09343681805080935,0.03393310550225753,0.055136492773911396,0.030297415627015725,0.023321118293737435,0.007182168787142608,0.006725134159564087
"Hartford-West Hartford CSA, CT, USA",0.03254471386094021,0.03857246011461076,0.010675414348437969,0.020431282852499018,0.020372500946984486,0.07149943429304333,0.01313898740530364,0.04684272951096062,0.019453614561970884,0.06861812520410049,0.112006474197878,0.04103716306116137,0.0010519354376543448,0.02386809633793818,0.027666027764201233,0.050483668161849966,0.03103346110570136,0.10819733380218553,0.09380412287429815,0.03235932110645792,0.049206740730408344,0.03568377621146687,0.03100415258731458,0.011586535784066794,0.008861927738566037
"Birmingham-Hoover-Talladega CSA, AL, USA",0.016776396725570138,0.02416459276972952,0.007108642680326339,0.015479269117384833,0.018044878837888745,0.0573659477063372,0.012723671673887386,0.05103898896257444,0.023709320148630076,0.05497668691669604,0.09807386181398849,0.051560822425369586,0.0031821160043168624,0.03962031271498398,0.042571983692291086,0.07078680143035958,0.03841113158696241,0.11160162511931153,0.10793347244105075,0.031583140321962126,0.05039319665285733,0.02769016004961272,0.02273966933807756,0.012889806244393884,0.009573504625437181
"Memphis-Forrest City CSA, TN-MS-AR, USA",0.013815719168632546,0.022203720450996566,0.007549041656099931,0.01301982400987617,0.019222702311285925,0.058810112812955055,0.009041943196372386,0.04518100633685621,0.021020245084669563,0.05073951260592644,0.09524265232460448,0.04181081300929713,0.002789620506342435,0.03289487325489213,0.07657819311064168,0.059409825397508796,0.048681988047217614,0.1232792156524986,0.09125679660971005,0.035859941591822625,0.05139185953965681,0.027813266088964773,0.023923109190754886,0.01572491056148096,0.012739107480935971
"Harrisburg-York-Lebanon CSA, PA, USA",0.018563068628786962,0.033530615179198614,0.007033511163419671,0.01491905181243463,0.020469310764067546,0.05230347194348158,0.008580821540720995,0.04318170094271695,0.02378932011343564,0.05585992217673558,0.09612258327836798,0.043004988878074246,0.005408602472311922,0.03772301473441811,0.0630013707430729,0.06488460607242996,0.041752552093237805,0.12084660790518262,0.09038003536846913,0.030318516300579697,0.05198184460698984,0.031328981007188283,0.025827482748708285,0.00922905193204708,0.009958967593924175
"Buffalo-Cheektowaga CSA, NY, USA",0.020892113619440912,0.022666791322610673,0.00795182492963063,0.015315986123122256,0.022057424096216614,0.07492044836071868,0.013982056222056836,0.04914337993462224,0.022975648683933807,0.055833063430954386,0.09696618596218219,0.03943190279507552,0.002290552971541714,0.02738646570347687,0.032516836899940185,0.060497644336557424,0.0312997719464024,0.12851972179464574,0.10074092376732498,0.03370051186847033,0.0555058415778772,0.03547352007238955,0.025192743688458103,0.012332590962666676,0.012406048929684044
"Albany-Schenectady CSA, NY, USA",0.028082049972329267,0.03360651447299552,0.0140098144274371,0.02055508353525454,0.02148272611895409,0.0709277536719609,0.015062573292883064,0.05032376866318092,0.02008531165394622,0.061830687517701086,0.10406950655472201,0.04178160366402022,0.004412497617629464,0.028440427772178083,0.031570368322800677,0.04127568738800616,0.03496563188553827,0.12313917878862833,0.09045720103518685,0.03191342928750991,0.048718239456080746,0.03243394749387317,0.026939747296010678,0.010766706434304735,0.013149543676867853
"Albuquerque-Santa Fe-Las Vegas CSA, NM, USA",0.02791352837713036,0.030713872285586457,0.020840552726073915,0.022335318237075782,0.020883634940050275,0.06782826305625182,0.016693421345925708,0.0474035473520365,0.019323309538214973,0.05189908272347035,0.10231838505384357,0.052024583085922865,0.003997280201100282,0.03223486175292154,0.027181130739534272,0.026825234189295666,0.030477856678585956,0.11620022365288395,0.09429385441583303,0.039107411452001806,0.05787439848800153,0.03945768858302643,0.025476573577865747,0.01590482951618685,0.010791158031180248
"Rochester-Batavia-Seneca Falls CSA, NY, USA",0.02300599675381877,0.03330560638861563,0.011438225816158982,0.01820342247494846,0.02318464683247394,0.07838379102308023,0.011531046693935933,0.05006646680066858,0.023161597796594886,0.04859514022764093,0.1094773625415856,0.04007537317551333,0.005730417221262548,0.030792024672815943,0.028568603880091106,0.058111976125110605,0.03240368288276155,0.11252844788664762,0.09363213179853204,0.030855557614458348,0.05240273232988472,0.03495815373735943,0.026596810288655126,0.01332247781573562,0.009668307221650274
"Tulsa-Muskogee-Bartlesville CSA, OK, USA",0.020443526830976746,0.02403266540085145,0.005565284716205481,0.015473666746548105,0.019914465316054227,0.05698748317879389,0.010101941121167976,0.04199863586926439,0.02348885652662831,0.051197301233248046,0.10380666211956391,0.05629804413147298,0.0033199992626320334,0.03960956366250687,0.039060224528545406,0.07190443711172956,0.03283499548362135,0.12061312146293897,0.0991815215587942,0.035627776651243837,0.05451361365605463,0.029793352627795085,0.026132320681327995,0.010664184194517659,0.007436355927516781
"Fresno-Madera CSA, CA, USA",0.01172825698422829,0.014367325593907306,0.00817225958444525,0.013562114564436546,0.022434215372909804,0.0629235467348025,0.008939528732946149,0.03453975897619786,0.017701509187453234,0.038510488290894485,0.08146940688769647,0.0477034837904512,0.07607136346222385,0.030804001237004087,0.04562511186621543,0.049456651498225736,0.040035008069994514,0.10960777047499726,0.09648813755738295,0.04135875813938586,0.05298472553494121,0.04912841220909608,0.02266605811491861,0.011922182153629626,0.01179992498161576
"Knoxville-Morristown-Sevierville CSA, TN, USA",0.020499327691064273,0.022196509244482316,0.011786503937273726,0.016692390062955115,0.01564970172737462,0.056997170113852164,0.008864726191168302,0.04466681794399079,0.024480671821347826,0.044353636375570105,0.09754199352257925,0.05571443842044002,0.0036250297710023896,0.032610265229157,0.03808625432968834,0.07070964692997696,0.03609089391771402,0.11409748385802114,0.10990422645090336,0.04081862286375475,0.06451915377214996,0.028295110804388974,0.022989777528566104,0.009988054092270398,0.008821593400307927
"Cape Coral-Fort Myers-Naples CSA, FL, USA",0.011927433378891596,0.018488287969057625,0.006077773329440193,0.017148778050282594,0.01166841271194359,0.04480668395669549,0.01231278768869764,0.04359537888521696,0.020631286170199634,0.04406549727836146,0.10573485663008156,0.08362203026108626,0.00662384197096375,0.032921731359760224,0.029493309992656473,0.025025293694874273,0.03850858364583251,0.11278097200273322,0.1269148766285998,0.060653178550566844,0.07442333000141085,0.02583501307278601,0.027163625839194343,0.011742683575259687,0.007834353355407483
"Tucson-Nogales CSA, AZ, USA",0.028152807931835305,0.030697647073644998,0.01158825678518788,0.019924074766198147,0.018191820399867293,0.06804295150947601,0.009826606587185911,0.04249587408505472,0.019890479530002697,0.04765904194785161,0.09270605428150268,0.049183425790222945,0.002719114429573888,0.032188435679820604,0.032877138021828456,0.03259367821642888,0.030573764640174052,0.12839049422791837,0.09850543192975306,0.04236359284253485,0.06369446812441977,0.037689655606834904,0.0283501799444839,0.01534462413229806,0.016350381515901076
"Dayton-Springfield-Sidney CSA, OH, USA",0.02708740848650026,0.03147731522545781,0.00754429556877877,0.014685236637903195,0.019541154886169837,0.05467803108179284,0.007661777461882067,0.0449779427745699,0.0256502133275375,0.04595891658198233,0.09631165596602452,0.03864371070475463,0.0032581645020628032,0.030746969456665846,0.04862575555542481,0.09592592375033554,0.039908599087165535,0.11411603686581764,0.08566192235621618,0.0321078013851116,0.05784612613247635,0.03594162716337976,0.023425889484783188,0.010557706126876511,0.007659819430330314
"El Paso-Las Cruces CSA, TX-NM, USA",0.015701987351420935,0.018199631394309253,0.007014052268199102,0.01209281482506606,0.014880422820163035,0.08036834208716914,0.007807059743557657,0.03657499851722984,0.018821296534271798,0.03609611865676409,0.08222455072062645,0.05859468531222757,0.004430737057612767,0.03817199695098487,0.032743959633502975,0.04166913795035016,0.04983865263416885,0.1280146915069123,0.10480659184717964,0.03720105705040759,0.06102423176027944,0.047681496565464894,0.0251280124948101,0.017911864138708215,0.023001610178613276
"North Port-Sarasota CSA, FL, USA",0.012219964648762169,0.01769949616943839,0.005254537925302028,0.020439261929776464,0.015032384590939838,0.04842752772101496,0.01107155983903959,0.046798450771868214,0.02491100963783923,0.04763301908735002,0.11004870881690411,0.05723274582331667,0.005934206077994992,0.031899873194150566,0.02924916739864841,0.036350527752646924,0.034794322051308633,0.11968721800594319,0.12447642312027479,0.04576275982580141,0.07168389695953958,0.03156707016765973,0.028091387855785334,0.014394902737379629,0.009339577891315143
"Omaha-Council Bluffs-Fremont CSA, NE-IA, USA",0.01682067837582482,0.04404417998707909,0.009572459873854746,0.01596121349456872,0.018322316791382916,0.06455687115981192,0.010713239445363934,0.05001193162306928,0.017734466093819245,0.06617685575540767,0.10834495777369477,0.051996655265337456,0.0043729883574520085,0.03026558046861217,0.036413761526627134,0.05152715074781153,0.03380626536317757,0.12111082440725121,0.09486901405991391,0.028878408030467456,0.04995954888764309,0.028459346147055666,0.028158630443681592,0.010243734927837896,0.0076789209932542875
"Chattanooga-Cleveland-Dalton CSA, TN-GA-AL, USA",0.016556373460232553,0.018627046733225766,0.005263430648217611,0.013866075431991079,0.017705495733601855,0.057753533550990464,0.00638776793137711,0.04392350901385045,0.02005781662261696,0.04543314023572787,0.09179008465200718,0.05225577208624299,0.0038529393871798525,0.037001737202495714,0.05227154435274016,0.10993269748567594,0.039815960181786375,0.11523668539059982,0.09472372622049183,0.03553266323732555,0.053918619611235535,0.026296874612734538,0.02227044029408529,0.01089412978772785,0.008631936135839787
"Columbia-Orangeburg-Newberry CSA, SC, USA",0.018400774304153062,0.023752588825019665,0.0088608467073907,0.012993797162944118,0.0225498682941028,0.06829638055728861,0.011493990839992843,0.04482702638388821,0.022774039021638576,0.05139405165617723,0.09978400265501493,0.04375272225565612,0.004703012587353894,0.03398026485884566,0.038381921389915155,0.0652192015250628,0.040354517338050094,0.12074350599110426,0.09965500559316924,0.036944717382813096,0.05451598378356872,0.03129704492209707,0.023162167331369346,0.0096820076353414,0.012480560998042286
"McAllen-Edinburg CSA, TX, USA",0.005992486279475677,0.008911687169243628,0.003059277707895006,0.010200393896012577,0.015565336030279044,0.07980736635971147,0.004908291707172211,0.03182825461483078,0.01979565593771629,0.02706284126214818,0.07325177127136477,0.09040277688284261,0.01257609673144754,0.03615662829495713,0.036750554003815786,0.04079597251132518,0.04788385950855453,0.09984675596096873,0.11984692405315131,0.0604543531672769,0.055436801541965314,0.07300803760782418,0.02037277242839976,0.010774708850333502,0.015310396221287777
"Little Rock-North Little Rock CSA, AR, USA",0.014009811511979645,0.024814657183048025,0.00833887904139653,0.013934516815110091,0.020331276344453857,0.06552108438487056,0.012115862948232664,0.06096084955812798,0.02670823238967069,0.049421168944845585,0.09850164938533523,0.04848044540103871,0.004303394218088564,0.03411113364421199,0.03758665779984456,0.05807974938651354,0.04208737671294105,0.11755297145128406,0.10177605238733332,0.034433150637398734,0.04997533591000542,0.03140494179889241,0.023117828746636454,0.01151389307474827,0.010919080323992053
"Madison-Janesville-Beloit CSA, WI, USA",0.022522295154122976,0.05366787337442719,0.02432932824806657,0.021006002580322154,0.017678638849798336,0.07070446024224367,0.008433494115533013,0.050623174038486804,0.02018223777325073,0.06175409409090082,0.11321920421896774,0.03981126094567386,0.005921819066520993,0.028135202417992045,0.03561167565472139,0.06610510673609413,0.02851074225650975,0.10542372402263701,0.08108833868040193,0.02759814006828367,0.05109158932093883,0.03091338961046841,0.02133914275965227,0.007448206797271067,0.0068808589767145436
"Boise City-Mountain Home-Ontario CSA, ID-OR, USA",0.025976689510279587,0.032787254264418905,0.008266219798909492,0.01930118553349009,0.0195412935821119,0.05611275073783211,0.010032014406482881,0.038874993747186545,0.01700265119303674,0.054254414486519055,0.11038967535390881,0.061767795507978465,0.017973087889550262,0.0340903406532939,0.03493572107448337,0.04903206442899309,0.03647891551198048,0.11874093342003947,0.09745385423440543,0.03201690760842377,0.05440948426792056,0.029440748336751515,0.024711120004001802,0.007593417037666955,0.008816467410334605
"Des Moines-Ames-West Des Moines CSA, IA, USA",0.01944144070155268,0.047942017876452026,0.013489467128406528,0.01729699640919653,0.0163114645641986,0.0689416026755364,0.011212706060564466,0.039225079960396446,0.01577991613854012,0.07881745303895117,0.10660169456725566,0.04381966592295558,0.006228013742694018,0.028922622062225352,0.036619808277554886,0.05525366038390074,0.031133224742324536,0.11352551204310853,0.09738286543383962,0.03136591976128228,0.04978760876210816,0.02578808327744083,0.031215352396074685,0.008100980512932801,0.005796843560507496
"Modesto-Merced CSA, CA, USA",0.011304482379079694,0.01206940344915177,0.007065301486924825,0.010049077569419525,0.01589400879951183,0.057856644448921024,0.0036961453233251293,0.02875752877942531,0.020276247449046533,0.03077201556701957,0.07934742306266288,0.06753202012151155,0.05406999319745765,0.03841538717560189,0.06733641053488969,0.07108218814138777,0.051889092283931855,0.10252277975820297,0.08964758159401358,0.04207649794609954,0.05058405519109891,0.03846501945877465,0.026293431897208657,0.011894230685013113,0.011103033700320283
"Huntsville-Decatur-Albertville CSA, AL, USA",0.05315125366509259,0.04873694459790745,0.0077619218085410455,0.014632450914653742,0.015230316136966347,0.05828690796371216,0.0056315948578209455,0.04318353791688386,0.02158640572764184,0.051850346633125086,0.0951847440385877,0.047653818722170345,0.003829807693840911,0.033799038601306584,0.03796110356434777,0.09395074005194311,0.03346076864757703,0.0972513011508678,0.09173723879579115,0.03441440415745355,0.04612712526022249,0.02420139741725293,0.019819500513982218,0.012741618755972363,0.00781571240633887
"Spokane-Spokane Valley-Coeur d'Alene CSA, WA-ID, USA",0.01813306422547394,0.022584877099401785,0.009039140777048935,0.016201254234844704,0.023089454335760207,0.05950551430836871,0.010921934693289155,0.048730627838246963,0.02074533266056361,0.0521905860304182,0.0980811648525916,0.05459814027247125,0.007202479636704387,0.03153751892164639,0.037785626757010006,0.04712174727888703,0.03874864845383118,0.1179932242485407,0.10443883803070732,0.03265623873711544,0.05713255964823789,0.04717364665176955,0.0259122035608735,0.011022850140560802,0.007453326605636868
"Lexington-Fayette--Richmond--Frankfort CSA, KY, USA",0.02172558158717645,0.024273812400069553,0.011601012166422134,0.018753557023212207,0.02013430440573465,0.07087215699183406,0.011800605352410513,0.053052096897789267,0.02086158916563763,0.050747117607717246,0.10326967251888192,0.03890611157782355,0.006433462556585229,0.027845580602570454,0.04108673743228842,0.07407490262280884,0.031248106015772926,0.11260856810643266,0.09760150333955767,0.03367576974175389,0.05390285653600471,0.02689392423103156,0.028159660947998228,0.0118204493441668,0.00865086082831946
"Syracuse-Auburn CSA, NY, USA",0.02184929367255563,0.023642590214385733,0.008920204088716133,0.015243020605555919,0.023032290907408097,0.08336514988488156,0.011153147524672297,0.05072136799601993,0.024799555725243803,0.046781900431548125,0.09686982981037325,0.043151921141231,0.004150613770203535,0.0315735887913182,0.03202480534055282,0.05018916386102525,0.03925583978341604,0.12386183517869362,0.09519512223340643,0.03598741221524182,0.054435227285874556,0.032302477063158426,0.026659377783948307,0.013010077169599642,0.011824187520970069
"South Bend-Elkhart-Mishawaka CSA, IN-MI, USA",0.02087703727610122,0.018730261186288375,0.005570091518937734,0.014379077433781437,0.019292169021876873,0.06425055902625698,0.004843933700638565,0.03852094331358494,0.020415984693054355,0.04140252195762924,0.09355045067889994,0.04545978468844349,0.0039996311579335595,0.035616312040388315,0.04564708730030626,0.13152101247147308,0.03810599598884276,0.10890638327301196,0.09466562161414453,0.03296525968786751,0.054992046842942836,0.028210654925194156,0.02283074759676345,0.008296064916203693,0.006950367689435001
