longname,"Agriculture, forestry, fishing and hunting %","Mining, quarrying, and oil and gas extraction %",Accommodation and food services %,"Arts, entertainment, and recreation %",Construction %,Educational services %,Health care and social assistance %,Finance and insurance %,Real estate and rental and leasing %,Information %,Manufacturing %,"Other services, except public administration %",Administrative and support and waste management services %,Management of companies and enterprises %,"Professional, scientific, and technical services %",Public administration %,Retail trade %,Transportation and warehousing %,Utilities %,Wholesale trade %
"New York-Newark CSA, NY-NJ-CT-PA, USA",0.0021719858143651534,0.0003226602902707583,0.058572386480516575,0.023297474857931544,0.05903168555990391,0.1057950363971833,0.16105418556361423,0.06529910184744461,0.023295383585143044,0.030010635267049883,0.06134181178457335,0.04637998374202569,0.03986877963769077,0.0014371556476657737,0.09558165334820447,0.04092008274081787,0.09832073950822062,0.055612902278107314,0.006127161060148618,0.02555919458912244
"Los Angeles-Long Beach CSA, CA, USA",0.007419123651503646,0.0007138490912773261,0.07487605677714226,0.02943974538343254,0.06700086533163765,0.08466743715498092,0.12622108038287363,0.039331535331047045,0.02306057397793503,0.03196437271140538,0.09316735481516732,0.05337155423897652,0.048565992526124646,0.001163922932071446,0.07792561356509396,0.039435661534261306,0.10539880199619209,0.05783261057568865,0.006618907282586131,0.03182494074060254
"Chicago-Naperville CSA, IL-IN-WI, USA",0.0034978923210086084,0.0006677794431016434,0.06611035304699166,0.021663266957494293,0.0545906319245719,0.09108280519431179,0.13384681868004103,0.057320583417382685,0.01876001632526391,0.01851320519918551,0.11693143237723504,0.04578509638748114,0.04287804449089586,0.0019306015101865249,0.0913416262812075,0.03359922187509151,0.10172939527533377,0.06415870691444076,0.006087499944392829,0.02950502243438181
"Washington-Baltimore-Arlington CSA, DC-MD-VA-WV-PA, USA",0.003852265617593674,0.000516270104296338,0.058440170906768715,0.019485288540071196,0.06603208428892537,0.09535159780439517,0.11839639216278962,0.039997348377716554,0.021954056803717367,0.02172186982499917,0.04098596656886442,0.057753161519400346,0.04219259734329846,0.0013317127247586137,0.14866538962644002,0.11823207270319398,0.084869628311109,0.04009901496739141,0.005319524344497638,0.01480358745977308
"San Jose-San Francisco-Oakland CSA, CA, USA",0.01100399216922702,0.0005601056712438362,0.06401747376917731,0.021129000147799653,0.06034320769268251,0.08472788745333291,0.12397586362199474,0.04086582954389445,0.020725838868720863,0.03871256616766459,0.09949214936393627,0.04442171113582534,0.042167381866461094,0.0017094153822121896,0.145111686859578,0.03681441356885451,0.09358410536527569,0.042950550936555566,0.006698325561893597,0.020988494853669788
"Boston-Worcester-Providence CSA, MA-RI-NH-CT, USA",0.003828573920670506,0.0004104705815299242,0.06120980325707033,0.019921803330130324,0.060697588222633075,0.11109304750477887,0.15822738452982155,0.05618703123859257,0.016680627321543486,0.021308431498749357,0.09677286049189804,0.04296429362481207,0.03776856636587767,0.0015960290204738387,0.10556076009307278,0.03881031508105399,0.1047925318236797,0.03403934201429401,0.00677863420050493,0.021351905878812964
"Dallas-Fort Worth CSA, TX-OK, USA",0.0036617512762106056,0.00732448928140968,0.06887195661944676,0.016638964250315382,0.08321085559763955,0.08396224972235913,0.11110149050347354,0.0663271825581837,0.022924427906866596,0.020654211186645215,0.09166416284185842,0.049399600078740974,0.04558441244482335,0.0022707100847156173,0.08504567815169872,0.029697335683721782,0.11241704692735059,0.06248165300787065,0.006643646279365672,0.030118175597304057
"Philadelphia-Reading-Camden CSA, PA-NJ-DE-MD, USA",0.005744831300477928,0.0006750148652141812,0.05898252194598708,0.021613034447268857,0.05733516360469376,0.10253631655648664,0.16471269547408898,0.06151767417977729,0.017338728089369194,0.018420271514972306,0.09076009824030293,0.04316005131017661,0.038788578812760724,0.001878242019293132,0.08506708437489292,0.046004111546351444,0.10518400558326332,0.04631587178712931,0.008199080359567476,0.0257666239879259
"Houston-The Woodlands CSA, TX, USA",0.003716869427463507,0.029578451211263002,0.07011815348346173,0.013712175565112183,0.09781790483628876,0.09292844273761787,0.11424803365014666,0.03943146734183651,0.02103419789509496,0.01261238784437452,0.09519801860764993,0.05112634766099295,0.045808332445143,0.0029118506426252374,0.0771727785918603,0.03131342698531357,0.10480267355853273,0.05519211881350343,0.01063997841636861,0.030636390285350493
"Miami-Fort Lauderdale-Port St. Lucie CSA, FL, USA",0.006534242764977038,0.0002967894260906377,0.0798020195333389,0.025341977617741342,0.08142122730233814,0.07258770834813684,0.13625139741691583,0.044745537170663215,0.03161853088828389,0.018983923034559286,0.046551244265374436,0.05674251098643892,0.06249253721141123,0.0012660780958999997,0.07899190401879727,0.03706294688162938,0.11843577250793545,0.06266463565299939,0.00708820906542137,0.031120807811047466
"Atlanta--Athens-Clarke County--Sandy Springs CSA, GA, USA",0.00378295541309921,0.0006177554479384393,0.07027004390965158,0.01722345329872981,0.0670055103317874,0.09097419305490544,0.1096092450389165,0.04767509811356591,0.022513321360926236,0.027299893816856196,0.09258070556441733,0.04639130969090672,0.05154125272565291,0.002131286254429708,0.09766353021857287,0.040301861963406814,0.10959368881248478,0.06437371789748354,0.007936264356350742,0.030514912729917968
"Detroit-Warren-Ann Arbor CSA, MI, USA",0.003779925020280064,0.0005769794838588274,0.0695657108631439,0.017895952728607965,0.05169376396994118,0.08217159053652678,0.14903991605557143,0.0451827859040233,0.01581412070260276,0.013505024571988005,0.1895179311114011,0.043026150852639986,0.03973676740057092,0.0018113372321141876,0.07125110811941988,0.030932478470956076,0.10526344352377748,0.040141123594331585,0.007048687205474814,0.022045202652769665
"Seattle-Tacoma CSA, WA, USA",0.007840364314133017,0.0005794138213028652,0.06402028056119015,0.02325355665464118,0.06890203490010662,0.07886315734100018,0.12615287835617997,0.03270583280660317,0.022124468273694842,0.026182676042178672,0.09580400098312321,0.04408257641940371,0.03926020080615652,0.002139278018261591,0.12005225004602618,0.04958131398086634,0.11995917165035344,0.04818026713422874,0.005986507498535265,0.024329770392014335
"Minneapolis-St. Paul CSA, MN-WI, USA",0.009150039751757525,0.0009032188565580733,0.0557560406789149,0.020314598217224596,0.05800672212117404,0.09175037093200493,0.1502229735235341,0.06662827295992,0.015937991861823167,0.015631394635285106,0.13729340940259116,0.04246877979367756,0.03309408621827052,0.002628633879177675,0.08123997862105825,0.035446506379846345,0.10693982361912706,0.04236612036196887,0.005627854496137842,0.02859318368994826
"Denver-Aurora CSA, CO, USA",0.006630992526838696,0.009016881725653422,0.0664766204845922,0.02400308846351497,0.07852827554821505,0.08667895575162413,0.11841649771305413,0.054056292872245504,0.02481304313366553,0.031357620042287405,0.07331623769919694,0.04757716684606004,0.042043499270069264,0.001969151158301652,0.11549012739912,0.04247813403624854,0.09980543702525739,0.04381016176083327,0.007652128559850486,0.025879687983371386
"Cleveland-Akron-Canton CSA, OH, USA",0.004660880146161257,0.001774904121728772,0.0714939735156219,0.018467096798622674,0.05712801196428509,0.07961318259726695,0.16267111125874342,0.050975047383161186,0.015797674570456624,0.014735729461235044,0.1530132740569734,0.045253605523758955,0.0371201494356317,0.001508557371306554,0.06113421116950826,0.03642939179099169,0.11029049777066645,0.04224360449540158,0.008218167869122335,0.027470928699356186
"Orlando-Deltona-Daytona Beach CSA, FL, USA",0.004888256455669651,0.0005566543151879747,0.09986887284637769,0.05128542465525598,0.07740349618626634,0.07359069338524636,0.1253254131622371,0.043070274349282275,0.028910651707538662,0.019240256842907436,0.04803672304989472,0.04801314126173737,0.06306266611973467,0.0014918583876386748,0.07110839989499898,0.03631595376231916,0.12274631022587008,0.053687043607070314,0.007281807953640687,0.02411610183112585
"Portland-Vancouver-Salem CSA, OR-WA, USA",0.01767966871903999,0.000718545796076826,0.06730481401096688,0.018136366346486594,0.06975733559039078,0.08156201652593864,0.1445223637390689,0.03888383837452525,0.020524962551409218,0.016142386395696838,0.11991601189257832,0.045937757583915884,0.0378481243741921,0.0021476467164178187,0.08326218562084754,0.04459409538526409,0.11065666726289372,0.04421484580769403,0.008337344035916227,0.02785302327068032
"St. Louis-St. Charles-Farmington CSA, MO-IL, USA",0.00709884340895933,0.0016528629775903172,0.06613585969182814,0.021067291005079748,0.061985459486958494,0.09415260998835906,0.1476507110202109,0.06411332265386048,0.017968775277410438,0.018308847876714735,0.11107363122499796,0.04637240978610535,0.03852595738353374,0.0025835879862126034,0.07223582589109002,0.0389686024874865,0.10765294145588246,0.04657067073468761,0.008713844052619006,0.027167945610413104
"Charlotte-Concord CSA, NC-SC, USA",0.00545293202469274,0.0011107650922933142,0.06744684247124522,0.018907848244403794,0.07128602370834379,0.0731665857740107,0.1201373869982653,0.08163382370893851,0.01967097651233332,0.01889555195379402,0.1186523109739226,0.050989938690407986,0.04532479937788009,0.0016120771263476554,0.07452414373586327,0.025728715450716037,0.1149377143215544,0.04874221453384207,0.01133883933226327,0.03044050996888208
"Salt Lake City-Provo-Orem CSA, UT, USA",0.004588010099580674,0.004686324601714545,0.059438564608268844,0.020075523413002838,0.07475253792928804,0.10569032421441499,0.11321808688916529,0.05715424204732503,0.020322799282006213,0.020201395768007568,0.10339110551678422,0.04440687307746736,0.04601863506699538,0.0013361834608194365,0.08660539389109434,0.04758570864646254,0.11373200360486507,0.04598809798678713,0.005849712876965359,0.024958477018985126
"Sacramento-Roseville CSA, CA, USA",0.014163019443882775,0.0006375845492554448,0.07098305427458859,0.025809129036676603,0.07355785223692707,0.09066908872698336,0.13488337583896995,0.043893864186337755,0.021790389595141964,0.015650988500649,0.05752610672284803,0.048117250331022154,0.04522936737262985,0.0013999139016260852,0.07619379961255732,0.09372492874055038,0.10712806480859419,0.043729983758715826,0.01261879292688813,0.02229344543515553
"Pittsburgh-New Castle-Weirton CSA, PA-OH-WV, USA",0.004204075277863622,0.007900495936592722,0.0625649668663688,0.017480987751290707,0.06197067210598556,0.09401699208210035,0.16919016080597343,0.05844069902536198,0.015371720717873677,0.015469244052113735,0.10153067509048848,0.04856092526715532,0.03584814705730395,0.001399031731044626,0.07671872788077275,0.03194295074938146,0.11501288355700374,0.04552335699891045,0.012694180986002623,0.024159106060411925
"Columbus-Marion-Zanesville CSA, OH, USA",0.006061629205512849,0.0018506673894969276,0.06677937112182147,0.01760709895403608,0.05494778106168865,0.09047742463186778,0.15275416558678045,0.07188515241652776,0.015465555790686744,0.017939188733992917,0.10090139786812628,0.04077967388625093,0.04103884657848454,0.0017698245313690103,0.06889396666579484,0.04715357844570887,0.11360640782685678,0.05436523693694336,0.009448310899440203,0.02627472146861355
"Las Vegas-Henderson CSA, NV-AZ, USA",0.002042780521179336,0.002965355151351869,0.15509356909649724,0.08561687540545426,0.07280363428822614,0.06501625362028565,0.09903719012659036,0.034556224764349094,0.025700926296833293,0.015561467753313647,0.03950852739009752,0.045692702000418306,0.059408134254549064,0.001135271951249774,0.05662623054262632,0.03828285907738992,0.11723610466126179,0.05986366101718949,0.006584754565016253,0.017267477516120684
"Kansas City-Overland Park-Kansas City CSA, MO-KS, USA",0.008160720687021712,0.001058275276258163,0.06372874487617088,0.0192570252957404,0.06617025919172083,0.08607097769673167,0.14102258381259644,0.06490936861956641,0.017241782391172206,0.02003943205373981,0.09654618849456835,0.044495098268418506,0.03683234363554184,0.001046585932264148,0.08777216689266065,0.04584015211732984,0.10968423185424167,0.05492355169027914,0.00727466841227537,0.027925842801701968
"Indianapolis-Carmel-Muncie CSA, IN, USA",0.006436140791903545,0.0007013690952827429,0.06353459069288912,0.019783333156837047,0.06192087155496217,0.08544402528838814,0.14390855645858297,0.0471913059557722,0.018142732276582176,0.013638818539278705,0.14004980453714935,0.044522682081037865,0.04101746580112887,0.0014817542210444942,0.06982736219237715,0.03881479212674497,0.11100286005446404,0.05785684087393359,0.006765238485857352,0.027959455815783494
"San Juan-Carolina CSA, PR, USA",0.008217763279002463,0.0003231636249107305,0.08294304951531731,0.012485198203117212,0.05832175323135149,0.09326007020433125,0.12848117186842178,0.04830137441973878,0.012851390665054632,0.017460384874860867,0.079710146237855,0.05764709096686428,0.06292435122596719,0.0003381944911856482,0.0480311331814995,0.08280448683034508,0.134201533554439,0.03129514151578329,0.008988458032400783,0.03141414407755361
"Raleigh-Durham-Chapel Hill CSA, NC, USA",0.004950924943581773,0.001246261934012663,0.06473823178049591,0.01646892840340558,0.06911678540533951,0.1093420497730675,0.13307706757812768,0.04910777793222588,0.019136126775422063,0.022000301917047303,0.09382210740423362,0.04348665626494833,0.03926376680226069,0.0009428053541764284,0.12798240775690897,0.04692741493522654,0.0977147194567034,0.031518859118606836,0.007452097665467687,0.021704708798741708
"Cincinnati-Wilmington-Maysville CSA, OH-KY-IN, USA",0.003509572001905474,0.001057909263732272,0.06864302146663166,0.018675589517064863,0.05662245012492521,0.08226503941308573,0.148383042695521,0.059633558614094674,0.01659423921122568,0.015034331232539415,0.13818310049607724,0.040539931434752985,0.03898886146161168,0.0015749325881127057,0.07722118964857438,0.034082884583601786,0.11232663147372858,0.05312701893189168,0.006252005122508014,0.027284690718414956
"Nashville-Davidson--Murfreesboro CSA, TN, USA",0.005010946597417407,0.0007967807135207839,0.07489373211355221,0.023409088417074498,0.06899828582497872,0.08369395579694519,0.1416661488810348,0.05025200931283146,0.020353544029444337,0.021319366522783177,0.10787972266183238,0.047805929071896666,0.042527256844821476,0.004352140525802172,0.07110262754887592,0.03979152122982007,0.11085211676857906,0.05209410784317309,0.006203376449647479,0.02699734284596913
"Milwaukee-Racine-Waukesha CSA, WI, USA",0.00808784074012126,0.000903372385924135,0.06376008934512843,0.018021043707420633,0.055396588444161184,0.08702114721391291,0.1545458303301333,0.050845964394995766,0.014242817028627229,0.01510775214398227,0.17730317204749788,0.04326036293477331,0.039661905948258996,0.002155009738519768,0.05944407228962406,0.030764839359703283,0.10553959095337231,0.04036277962136997,0.006603565555892719,0.026972255816580457
"Virginia Beach-Norfolk CSA, VA-NC, USA",0.0038922001862921824,0.0005522195884858832,0.07818425105629953,0.02036446158370076,0.06263673671272095,0.09744040498152844,0.1377887511806139,0.03935742139108545,0.02139587458857139,0.01420546280836118,0.0858932299226995,0.046964125403067936,0.04578767185161789,0.0008608128879338768,0.08086346213531388,0.0854648292185395,0.11046835413109574,0.041795475692415145,0.007167253398457535,0.018917001281199185
"Jacksonville-St. Marys-Palatka CSA, FL-GA, USA",0.005474812223105189,0.0008398645671307891,0.08013362508897669,0.01994082030538932,0.07378630782229018,0.07270917209942289,0.1358873250752928,0.08098980989433273,0.021335572972179015,0.014555141691052868,0.05580014989511108,0.05174017678584207,0.054309986604850626,0.0013884756520876724,0.07124411686797053,0.04762245514131443,0.11917665653556493,0.06284296039078183,0.00776341178346308,0.022459158603841282
"Greensboro--Winston-Salem--High Point CSA, NC, USA",0.006685072356114412,0.0007722767007070676,0.06680062822317198,0.015718633568821985,0.06702911426496555,0.08937131445877153,0.14875211186466225,0.04695131200133878,0.014894046343857149,0.012172288784359709,0.1534635485105316,0.04911863774616952,0.04563319745072327,0.0014594637063877526,0.04808945420859276,0.032057009476759955,0.11570731739773343,0.05161210847548099,0.005868356014454623,0.02784410844639562
"Louisville/Jefferson County--Elizabethtown--Madison CSA, KY-IN, USA",0.005490147055421124,0.0009334704398177098,0.06775328610728099,0.017580801934009963,0.05934104900473454,0.08223880677188265,0.1396283628345296,0.05606504457644552,0.015749661767265277,0.01622810454353613,0.1456924513692104,0.04457033558203548,0.038803429880066034,0.001664070173254582,0.05398967491468533,0.03711450563445738,0.11212650682145595,0.07192185421595622,0.009648559574665233,0.023459876799290003
"Greenville-Spartanburg-Anderson CSA, SC, USA",0.00505987076260533,0.00043243074944469167,0.07162957146154858,0.014094943796683954,0.06639315298443088,0.09208899544724188,0.1309559571901141,0.031384934369773555,0.01718517151115416,0.014596333602518496,0.18730991593813254,0.04972661968469449,0.04579886997191803,0.001298728895342197,0.05468129980147657,0.028370905116391266,0.10959600181267264,0.042046347986703626,0.010717386680589368,0.02663256223656377
"New Orleans-Metairie-Hammond CSA, LA-MS, USA",0.005840634547788969,0.010226927607927691,0.09117182706426147,0.024947308759971105,0.08113556185061062,0.09856505189872114,0.14523007551259196,0.035297429218653364,0.018923421371199803,0.014929975460512765,0.061099407563605566,0.053043634339382646,0.04185788092582094,0.000866419432164478,0.06807769741357338,0.051345933078907856,0.1056371238725509,0.055185374385301376,0.009392807617390543,0.027225508079063487
"Oklahoma City-Shawnee CSA, OK, USA",0.007323235149290478,0.02598034826984198,0.07309945610815166,0.02081421504991271,0.06998131071220735,0.09134948968172255,0.1358442633958548,0.04539986122924034,0.017672288374591522,0.015387886655624692,0.07001488428309235,0.05252165495322082,0.03587475938940866,0.0011526926003849768,0.0658083956309593,0.0747907247414835,0.11913721518420699,0.04226912574421415,0.009558675410716684,0.02601951743587448
"Grand Rapids-Wyoming-Muskegon CSA, MI, USA",0.013866128655933901,0.0005380107327651281,0.06669274371748947,0.014556484264558543,0.06192201589327624,0.07920972811243326,0.1427924404002141,0.03655453534812863,0.01421199269842577,0.011821138880882777,0.21514802157532836,0.04854037139210277,0.036632766500597026,0.0014026708389947983,0.051226307626851125,0.02403343352410755,0.10625162981567643,0.034902073811778594,0.005798712617175169,0.03389879359328036
"Hartford-West Hartford CSA, CT, USA",0.0035234607886990565,0.00045941608087846217,0.05838817234564453,0.0289670661306696,0.056051902076286,0.1058612716858236,0.1564485461560563,0.07844911330968157,0.01338932731397159,0.0174444414755928,0.11577628914577767,0.042680785857780325,0.034371568874597545,0.0010624714058444175,0.07108646268584003,0.0436474547312982,0.10413374395841672,0.03858620863906693,0.008467695381559157,0.02120460195651544
"Birmingham-Hoover-Talladega CSA, AL, USA",0.005038350340168364,0.005883400222840864,0.06677342632568062,0.013600670512426586,0.07014587745911287,0.08431329453205018,0.149545921975175,0.06190767634228129,0.01698900927226164,0.0160559477707775,0.11412575547939519,0.051971366508255415,0.03984086907487711,0.0014760417610385442,0.05610875629298467,0.043787641463016815,0.11203556638414923,0.042233433324518156,0.017872658456565636,0.030294336502424187
"Memphis-Forrest City CSA, TN-MS-AR, USA",0.006474024948681509,0.000622042308446856,0.07042475919785252,0.01765483669794423,0.054232519414897436,0.08398049658115977,0.14171878264725257,0.03317718476411039,0.017021629527550892,0.010965489411723425,0.10113450947179038,0.05058320453867588,0.0501366100608166,0.0010893715299210326,0.04613639952341989,0.047957867000974534,0.10464665604409802,0.12428245824740378,0.005915781851357408,0.03184537623192289
"Harrisburg-York-Lebanon CSA, PA, USA",0.012383138917238646,0.001311411503329572,0.060000568201449216,0.015894965911902374,0.061855171267945375,0.0794614914024923,0.15334875085584124,0.048212751428257566,0.01316067402157961,0.012527471780918705,0.12124948959751178,0.04788684524331275,0.03616568895652814,0.0014712640297709282,0.058949887032509425,0.06302740068504062,0.11235369633272424,0.061662373964978624,0.007978658625582639,0.031098300241086348
"Buffalo-Cheektowaga CSA, NY, USA",0.004903319298409635,0.001205378458785072,0.06900207351806899,0.020332831370558715,0.052220267053100095,0.11218868012728263,0.16656260121339206,0.062337432510492806,0.0163928131396269,0.014943687790284182,0.11043236691586726,0.04308810615344034,0.036974399898494444,0.0009616315682274258,0.05945754630356171,0.04600639084313051,0.11305515023823755,0.04091274863017586,0.007773188509838359,0.02124938645902548
"Albany-Schenectady CSA, NY, USA",0.00896878443296725,0.001292815950752338,0.060427929139383836,0.019438177851622856,0.059110431100735064,0.11116571306774349,0.15634212752146773,0.050881251418912254,0.015677800497231376,0.01639093788434945,0.08468570515581274,0.04531482399288315,0.029544159349195798,0.00112045240573187,0.07876733804474391,0.09029621440557065,0.1073889246767138,0.03659824804081633,0.00752539563238212,0.019062769430984127
"Albuquerque-Santa Fe-Las Vegas CSA, NM, USA",0.009579236620631136,0.004070332650886088,0.07906148206562358,0.025519655791841726,0.07031017320923158,0.1015354126433186,0.1537154663275035,0.03609914903261698,0.017873499380927315,0.015095633149328573,0.03910928459173983,0.05559478742673682,0.04363853647845983,0.00045517295635771725,0.10528356525925191,0.08007110438445819,0.1055945064557761,0.030599610761562424,0.0077566716554621695,0.019036719158285927
"Rochester-Batavia-Seneca Falls CSA, NY, USA",0.012808656398967727,0.00125390920076792,0.0621000939158512,0.019714722191269265,0.05452859045550863,0.1364762230966457,0.16356977591814836,0.0370991138288027,0.014777346017926513,0.020047471980591,0.12057090248568228,0.04263004664662784,0.03658348293397238,0.0011652138204084693,0.07317654653367335,0.0368213336191577,0.10749738408709365,0.031598164034330564,0.006215633125581895,0.021365389708992842
"Tulsa-Muskogee-Bartlesville CSA, OK, USA",0.00752484008332258,0.01789776393164599,0.06694379412686416,0.02370084981657972,0.07240584732796283,0.0829852342064999,0.13863070768890445,0.04025660405183697,0.01850056224307335,0.0194056814201707,0.11848028462403451,0.05350157612402529,0.04011097387873984,0.001972459306505429,0.0535863734400059,0.040758014268070124,0.11266429479971243,0.050412004350470996,0.013471712721440817,0.026790421590134016
"Fresno-Madera CSA, CA, USA",0.09617610152805631,0.0005712360968234853,0.06740896395030278,0.014405267474877116,0.06402001014381015,0.0986207240748555,0.14556172746418436,0.027888869501619472,0.01561308401908323,0.011665020515945269,0.0682043821823788,0.04552184994304863,0.04585276315203423,0.0005754518613756882,0.04400577211092284,0.06114755694742614,0.10386339192095466,0.04983876853614202,0.008146964997131995,0.030912093579027352
"Knoxville-Morristown-Sevierville CSA, TN, USA",0.0054441083420692865,0.0024060595945142593,0.089005451609697,0.019246601417381014,0.07689076339413807,0.08698571179419283,0.1351931692661987,0.040638590345381136,0.017834471351387843,0.015090850784923027,0.1125578307581807,0.043911056434568496,0.047826763709194975,0.0014421354857221086,0.0630357608343007,0.03580771776902203,0.12776870322201947,0.044062958871946244,0.010391251919878029,0.024460043095284087
"Cape Coral-Fort Myers-Naples CSA, FL, USA",0.009501742262202288,0.0008125808816986886,0.09404578309344615,0.03091488020224606,0.12072377221929385,0.06302756648254117,0.13018045096705205,0.03533505914389021,0.03773919859818549,0.015478422050112519,0.03581963115102252,0.05026348321054106,0.06681192229897662,0.0007441748380862989,0.07024620849331162,0.03197304119739719,0.13864192956818938,0.04050466946018463,0.006606413076957736,0.020629070804664477
"Tucson-Nogales CSA, AZ, USA",0.005041385131588341,0.006003048767684743,0.0813235683180125,0.024432135523182814,0.06251653515531498,0.11062281368501946,0.14666840242053678,0.036230362534592594,0.02167312675062676,0.016241196998265647,0.06674113610690004,0.048811778489810144,0.0574163583603845,0.0011275401148117196,0.065447719513373,0.061034145358188206,0.11618072557311374,0.04340294546233344,0.008858643844302877,0.02022643189195772
"Dayton-Springfield-Sidney CSA, OH, USA",0.009108762778603414,0.0010357986908601045,0.071583675499347,0.014338665053248668,0.05375775625248425,0.08287955952122213,0.15628028830056567,0.03689518852906796,0.014969151212902645,0.013964681026870067,0.16867462802295596,0.042356138526816224,0.03538946226579495,0.0022967710101680578,0.06286651903108767,0.05365006451713963,0.10642488893066022,0.046056818159567824,0.0055333971651619195,0.021937785505475635
"El Paso-Las Cruces CSA, TX-NM, USA",0.007774109294443016,0.008090433605943382,0.08026729404321781,0.013443783238765545,0.07381120271335966,0.12425834030784506,0.14436909775080234,0.030448411678517844,0.014671736642437103,0.015996344696844883,0.06165688038327963,0.04501251018718052,0.05670991962287113,0.0011334954495429773,0.04703786445942591,0.07194840399007972,0.11354724764898545,0.058610062188480964,0.008977899035430519,0.02223496306254654
"North Port-Sarasota CSA, FL, USA",0.009182551111210241,0.0005085792728771369,0.0870883137455153,0.026935829306746505,0.09082007098277388,0.0660567133918991,0.14487211770801678,0.039799985978796776,0.030661351402701525,0.014851920977983487,0.058519427946862816,0.05847021059787471,0.05794522554200154,0.0013241810561086744,0.07028237435502112,0.037679396175325945,0.13706774674498176,0.03732315631598344,0.007117766136994768,0.023493081250324517
"Omaha-Council Bluffs-Fremont CSA, NE-IA, USA",0.01294047575164375,0.0009312486298034483,0.05917309001876078,0.018351418311064203,0.07405754728511924,0.09140593321783264,0.1516615997687399,0.08459617761239492,0.016853660098130323,0.01867735533149541,0.08370955131276955,0.04302368669691931,0.04133191835277638,0.0013600110197754527,0.071587798314828,0.03700161222419035,0.10718283708775272,0.05141850507433498,0.009196080219309052,0.02553949367235957
"Chattanooga-Cleveland-Dalton CSA, TN-GA-AL, USA",0.008510264365718303,0.0009756273418999273,0.07054258849931391,0.01483269005017834,0.06926954127489483,0.08216449572684237,0.12594605434221762,0.048391566794422025,0.01458484014807905,0.010589950362424152,0.1974868019927132,0.05246757109349123,0.03841898800631792,0.001173907263579358,0.04268876586521021,0.029699177814279307,0.10831941994110185,0.04886698797026703,0.015483859338421016,0.01958690180862833
"Columbia-Orangeburg-Newberry CSA, SC, USA",0.00853962122042374,0.0008483611805470931,0.072606407862967,0.014871382755778985,0.062061020539807735,0.10313850692218605,0.13677307392982083,0.053857498148831374,0.016292050073844423,0.01616763175142765,0.10501677599924228,0.05559032420299827,0.0486164383144875,0.0007216262700172644,0.047984989621957436,0.06832251021955588,0.10935970732407237,0.04278714655541462,0.011848555840482453,0.02459637126613704
"McAllen-Edinburg CSA, TX, USA",0.01575864203929435,0.018254810938318575,0.07699742538808282,0.010805525750321477,0.0908342134826739,0.13050957144898262,0.16272163654548155,0.02542394249006155,0.012287538486105781,0.009970667914284194,0.052427951488596344,0.05545080922377832,0.05662745449604563,0.0008404609087623653,0.029867179161051922,0.045183178455064754,0.12691800183220478,0.045981616318389006,0.007505315915247922,0.02563405771725214
"Little Rock-North Little Rock CSA, AR, USA",0.009168100879613126,0.0030591949360308157,0.0655900836208973,0.012427762161714595,0.06714559071052402,0.09562209337088645,0.17501875439638695,0.050529303294036085,0.014152313659442818,0.0186671349495825,0.08536831330114707,0.04970243687680082,0.03596353310493036,0.0009987727340559107,0.051924573304452944,0.06053244892652778,0.11648416539327022,0.050061348057482226,0.011298987461480597,0.026285088860737396
"Madison-Janesville-Beloit CSA, WI, USA",0.016170422401557076,0.0005996523227946625,0.0638316773910884,0.016721617970994595,0.0575242233291001,0.11240755360023583,0.1472136357303947,0.052781518594269584,0.013735470545360569,0.024113291889349003,0.12219783680976888,0.04121650679303111,0.026045504929465137,0.0017888618114345824,0.0900629332084226,0.04537571145618601,0.10466053015726236,0.030138081556753963,0.007607710277071677,0.025807259225459178
"Boise City-Mountain Home-Ontario CSA, ID-OR, USA",0.03017107698464309,0.0023135410934920714,0.06620229103096394,0.01721524686108749,0.08557851032964835,0.0786979140613276,0.13264469011054975,0.04286679005552499,0.023105397428842978,0.018560852383572607,0.09897703966785053,0.04547046170776849,0.04110099544795158,0.0009554299434745636,0.06870841878845481,0.05361412635686059,0.11270321644740133,0.04085838627382322,0.011260067030163573,0.02899554799659847
"Des Moines-Ames-West Des Moines CSA, IA, USA",0.018371499879089842,0.0008372458035050258,0.05636694635695416,0.017659726879924807,0.06142920368114395,0.10099191955140051,0.1296065629120641,0.12207135068051886,0.015296275510902447,0.01809317838582659,0.09355708556332727,0.04277025701392976,0.0352875152278358,0.0013368556971497141,0.06373334063356922,0.03572552938116813,0.11160235615113313,0.03893078920112606,0.007213545587691802,0.029118815901738825
"Modesto-Merced CSA, CA, USA",0.06921951774938033,0.0005167596542089636,0.06705029502013027,0.012837244065292729,0.08624631042365533,0.09194818389636779,0.12627912612147063,0.018253002023245427,0.012883956802396363,0.008968845523897944,0.11782704025178166,0.04614342562018457,0.04380778876500282,0.00046128827889839686,0.03466377047696624,0.040783139037542444,0.11300978923796928,0.06649558126702461,0.008533833159620342,0.03407110262496387
"Huntsville-Decatur-Albertville CSA, AL, USA",0.009970427624893821,0.0013304676517281327,0.0611284216653062,0.011826079875988322,0.069065144294361,0.0782949549049242,0.11995433432441754,0.026765561787194702,0.011815278925071672,0.015552482431549174,0.16618357047104285,0.04257480656550233,0.03677100171871295,0.0005628901603465177,0.10459581509009465,0.06670097908408656,0.11212736472009747,0.034613472200662666,0.011028839342035399,0.01913810716198369
"Spokane-Spokane Valley-Coeur d'Alene CSA, WA-ID, USA",0.013456354069054998,0.0034253586102501263,0.07205651265047214,0.022377279607871406,0.07692352050746054,0.08878829380811648,0.16639803935702444,0.04413176674115188,0.02439558855330498,0.01750162185540258,0.07626612845094788,0.04844518128739278,0.037079218626108267,0.0006862250414474159,0.0595141642038492,0.04626829092481799,0.11794997477113818,0.04200389245296619,0.010890218409860881,0.031442370071361636
"Lexington-Fayette--Richmond--Frankfort CSA, KY, USA",0.01775708904641562,0.001227634801490342,0.07227830478746913,0.018240064904806657,0.05569054699251878,0.12180449210024864,0.14146764359266117,0.03185738161221463,0.015341333788780198,0.013170416122002176,0.12345018022682876,0.04926053128313686,0.03800199578154624,0.0011975591159304449,0.06081356489145725,0.05252652267287109,0.1210912305660729,0.03648727489062052,0.007075988566273953,0.021260244256654563
"Syracuse-Auburn CSA, NY, USA",0.011179179248666597,0.0014201751645783439,0.06406118033621418,0.0193386785139935,0.060792752768039984,0.13769046544722502,0.16307139634167506,0.04502331285504379,0.014974026124281236,0.01707681094026587,0.0911139263938542,0.0434469473464996,0.03272476947462196,0.0008764013744750269,0.06024608656415952,0.042509805282704524,0.11090960628463666,0.04118797218654912,0.01569712956856756,0.026659377783948262
"South Bend-Elkhart-Mishawaka CSA, IN-MI, USA",0.009693630558565204,0.0006281841444016691,0.06381544065100625,0.014312801124968303,0.05590838885174854,0.10340256806288757,0.13491551211415662,0.029928075797044654,0.012405196062610941,0.012572327623965512,0.24285368496277002,0.04728094239147975,0.029101062726203924,0.0008039604416883745,0.03897623273934392,0.02408135272827866,0.1046848705594873,0.037045575047834206,0.011307314599230043,0.026282878812328547
"Springfield-Greenfield Town CSA, MA, USA",0.007163700832129233,0.0008905563971585821,0.060625700220729786,0.019589392378449803,0.04854055264451562,0.15168191181481244,0.18045142744022866,0.04639896187679023,0.014291298026535821,0.014263945536921748,0.10294958853416562,0.042130373844903576,0.030203181418330293,0.0007463937108132505,0.05049710144498158,0.04738792646990143,0.10571753263583412,0.04204434434035284,0.010599769759725873,0.023826340672719375
"Wichita-Arkansas City-Winfield CSA, KS, USA",0.011661789713970555,0.0035451105357498505,0.06873898855575812,0.01671747889632773,0.06739999693594595,0.09803440932698053,0.147292142233389,0.032861979685321646,0.015320270249567202,0.012360394037350819,0.17590734300553063,0.046313176964441656,0.03819649778622095,0.0016515251329033444,0.048497847502029935,0.040390360485958975,0.10464357391264383,0.03852435156956169,0.007540637016836977,0.02440212645351064
"Charleston-Huntington-Ashland CSA, WV-OH-KY, USA",0.0029292197227267563,0.015618464305789118,0.07045632845739168,0.013352292511203881,0.05645674835425085,0.08944133744725997,0.2011330541627157,0.03764811329983297,0.012000051474074836,0.015705764663199017,0.07995431799264327,0.044857652594530284,0.040454294020580976,0.0006585067593726817,0.04256407868525388,0.06420031006697952,0.1325549446393486,0.04389492330797352,0.013961428622527392,0.02215816891234512
"Jackson-Vicksburg-Brookhaven CSA, MS, USA",0.00822618297698892,0.004564487278386563,0.06782390174393732,0.015135233462576256,0.06795864675584541,0.09459099835947948,0.17592645617250055,0.046557770239542946,0.01409769687088396,0.015475464617644185,0.0910505731715944,0.0515601788066308,0.03603081618422338,0.0005255055464415527,0.04829934951845501,0.06991581805381042,0.10672141805650533,0.04815449863065382,0.011379216255638237,0.026005787298261453
"Portland-Lewiston-South Portland CSA, ME, USA",0.01082179594573253,0.0003197096591622166,0.06624113478287291,0.017892045002169205,0.06753740980261976,0.09892402826578878,0.16647814877301328,0.06872966616917985,0.015598161611701907,0.020529758967263716,0.09678403244471358,0.041226465180652656,0.03367930503511896,0.001015714757869343,0.0751275840913795,0.03579774038584746,0.12340635076976135,0.03399220213074254,0.005418636679441806,0.02048010954496867
"Reno-Carson City-Fernley CSA, NV, USA",0.004986227619882309,0.004986227619882309,0.08538562664329535,0.054019030925253536,0.0808908225867034,0.07765744334543634,0.1131588831851759,0.030127081507449607,0.023885689245023163,0.015149618129460373,0.08984912983598348,0.046024790284211844,0.04341429823463128,0.0012332540378114437,0.06647051458620258,0.05781582571678978,0.11295229748341054,0.055934643796168776,0.008344810316764742,0.027713784900463254
"Toledo-Port Clinton CSA, OH, USA",0.006224316813656662,0.00106103638947826,0.07808874388585947,0.01846009815615064,0.055312568741463945,0.09393420791339879,0.15804664236233576,0.0309550739668269,0.015393090233980958,0.013616096159201257,0.17393815064856194,0.04159327147447149,0.03509482671824445,0.002054347051968546,0.05014928831728554,0.02963285942736485,0.11157195948242284,0.05060724323310899,0.006446844202331434,0.027819334821887504
"Mobile-Daphne-Fairhope CSA, AL, USA",0.01017115139706631,0.004071312616701622,0.07940421614726781,0.017571921499049563,0.07994870092682056,0.08412778247963848,0.13160902741217234,0.037026035635028286,0.02554990219946972,0.015358331657399811,0.1116527347576132,0.05140121305394394,0.04939618546309853,0.0002673804257903867,0.052226223773719126,0.04494892879344143,0.12454306506399408,0.04652775915987116,0.010265145688336938,0.023932981849576523
"Fort Wayne-Huntington-Auburn CSA, IN, USA",0.010185486895960638,0.001614388494490898,0.06112343990827345,0.012617278801603378,0.05889983244802695,0.0735343595392396,0.1478053669719028,0.04230976579126145,0.015085741199014945,0.013269953743825183,0.23642154904118315,0.04669826255086251,0.030374118833141648,0.00042197877479762085,0.03972837354138633,0.02551373183075615,0.10750868330639385,0.04426425350356333,0.006352059284264186,0.026271375540051878
"Youngstown-Warren CSA, OH-PA, USA",0.006225262403070801,0.0032514781043706895,0.08116392370802078,0.015765274916867612,0.06641100089283831,0.0808616241221009,0.17635314215813783,0.0313337035917409,0.012376707465393728,0.013192213325084539,0.16201851760719332,0.04883192846045148,0.03928840083519049,0.0004956307164500186,0.03127746180831394,0.0358998333837166,0.11644158236257672,0.04743291409770604,0.009529467179404259,0.021849932861371033
"Visalia-Porterville-Hanford CSA, CA, USA",0.15369442176625991,0.0009217965943227866,0.06714319336735237,0.01608764463485515,0.05401594597407655,0.09187251529805993,0.12325417595392639,0.01701881401093717,0.011311820650694105,0.010690337878956117,0.08206981558371607,0.04138069403621098,0.03714298041830052,0.0005964566198559207,0.027805016756699087,0.07657585373381014,0.10645369828288509,0.044588260603215336,0.0061898015654978066,0.031186756270368668
"Lafayette-Opelousas-Morgan City CSA, LA, USA",0.010311696141091203,0.06790599311547096,0.06645266771152139,0.019185517824859877,0.0730129561872881,0.09258167086594156,0.15077997850092031,0.03239269460897266,0.014851837843758,0.01223832503253442,0.07304282610637043,0.05070324166593425,0.03508895646026438,0.0011153060861192766,0.05520181774223888,0.038123189852804364,0.1294055479046137,0.04036131250373732,0.008013680766931099,0.029230783078627774
"Savannah-Hinesville-Statesboro CSA, GA, USA",0.0064785714848334475,0.0004883543246926125,0.09679261482234142,0.018797703159337414,0.06416345691848421,0.10268043510794994,0.12720448655844105,0.029376087966791906,0.019798041856691637,0.013736934552643808,0.09666264955851193,0.04245138117630379,0.042415936104350294,0.0014808163393905023,0.05403798136376883,0.056511259717857226,0.12229731326354593,0.07704577140291595,0.005868128578967682,0.021712075742180422
"Springfield-Branson CSA, MO, USA",0.010935137896677242,0.0016689401295968897,0.08769208584618153,0.023950821997448943,0.06669023359399015,0.09479389958781154,0.1512473149306766,0.04770008370818707,0.017627223157783662,0.01473370935511427,0.08531107106996437,0.054046190731418337,0.0423174921392578,0.0011598368331831596,0.04930783951276597,0.03265607422472376,0.1336387109278,0.05040505418929322,0.00839106307026683,0.02572721709785867
"Myrtle Beach-Conway CSA, SC-NC, USA",0.005308358295525055,0.0006889089834247448,0.13414597777699935,0.031123488284501365,0.0935737363474299,0.07785097834326139,0.12334497623063409,0.03305458377133295,0.03237270237175921,0.014115202801115431,0.05575954598629846,0.05103168613388007,0.056753852376565925,0.0007503403577428749,0.04735634505926584,0.035740659233481416,0.14676643140718998,0.028553684836475232,0.014905418832577864,0.0168031225705389
"Pensacola-Ferry Pass CSA, FL-AL, USA",0.006476183866364184,0.002385734177160282,0.09525152144775026,0.0188429623010623,0.07570585198905165,0.08245097316265936,0.1467269895938613,0.06785027999843843,0.022972451276801555,0.012453532404776674,0.05129328480894607,0.04833497442926732,0.044170783865496645,0.0005942646950381067,0.0638032072942738,0.06037208777766693,0.1286821638175217,0.04149876158707713,0.010557958158560232,0.019576033348226097
"Lansing-East Lansing-Owosso CSA, MI, USA",0.009347127541367609,0.0005555722394065888,0.07071909066338329,0.015357067779813207,0.047313733145139494,0.13634043064356288,0.132327547373795,0.05671341481726178,0.016839845040391602,0.011621970629748641,0.1217904441574822,0.048237184299828824,0.037144508844109435,0.000540556773476681,0.054498633592600376,0.07644373704916063,0.09933856872578756,0.03652512087450074,0.007706687888525181,0.02063875792065828
