longname,Architecture and engineering occupations %,Computer and mathematical occupations %,"Life, physical, and social science occupations %","Arts, design, entertainment, sports, and media occupations %",Community and social service occupations %,"Educational instruction, and library occupations %",Legal occupations %,Health diagnosing and treating practitioners and other technical occupations %,Health technologists and technicians %,Business and financial operations occupations %,Management occupations %,Construction and extraction occupations %,"Farming, fishing, and forestry occupations %","Installation, maintenance, and repair occupations %",Material moving occupations %,Production occupations %,Transportation occupations %,Office and administrative support occupations %,Sales and related occupations %,Building and grounds cleaning and maintenance occupations %,Food preparation and serving related occupations %,Healthcare support occupations %,Personal care and service occupations %,"Firefighting and prevention, and other protective service workers including supervisors %",Law enforcement workers including supervisors %
"New York-Newark CSA, NY-NJ-CT-PA, USA",0.015448059210084557,0.03552202543442657,0.011157200135208547,0.031637898528593715,0.019651853437789805,0.07313832000240394,0.018314715971313605,0.04448253908277218,0.017541586023551554,0.06646425004894954,0.1148855710581371,0.04427486760500764,0.0012273504992621877,0.02221252625886381,0.027397495871049535,0.03159072426531572,0.04062725843343309,0.10879221170157737,0.09513435086791559,0.03645297081916834,0.04419431544412007,0.042451511848066524,0.03076326756853076,0.015013440979630458,0.011623688904827767
"Los Angeles-Long Beach CSA, CA, USA",0.01997599739183234,0.026578625228897444,0.008499406660683747,0.036165410465777204,0.017407854227220958,0.053720708786970224,0.012681008709274546,0.03482010264558219,0.017016635884623932,0.05531377908471264,0.10382982737075828,0.05027523447669437,0.005519922113696655,0.026868730971366727,0.04265057622868733,0.052726706532188174,0.038329653200417216,0.11463198441982163,0.1017542168153636,0.04023218795038108,0.055082622988301695,0.036864059567881226,0.028532826683628377,0.013158692406414011,0.0073632291888243995
"Chicago-Naperville CSA, IL-IN-WI, USA",0.01825858207644372,0.03625344914342353,0.009224561221127999,0.02070800971170667,0.016807187082337537,0.06075442980485627,0.014978793732009383,0.04331155153265852,0.016702489720230057,0.06812723214072958,0.11321496511764552,0.04011333026751481,0.0016674360114819521,0.02605912490570884,0.04237864828133856,0.05703601275747136,0.04265972482630154,0.11053782200943249,0.10016956030162495,0.03150444917460575,0.04980117595186912,0.03054523270232606,0.027066163621124403,0.012822398702694434,0.009297669203336847
"Washington-Baltimore-Arlington CSA, DC-MD-VA-WV-PA, USA",0.02330978144171632,0.07412130717177644,0.020442511875830124,0.025778242541944354,0.017683569281384197,0.06455662013358295,0.02469278466884871,0.03836859218052132,0.01522179894394764,0.0845650627138781,0.1329935178603713,0.04265354247427454,0.0017092219068721335,0.024039487446836684,0.024596478090555044,0.023804201090069577,0.03142089727294877,0.09970600679956848,0.0789157686362495,0.03067646839793748,0.04292687710712104,0.023355302931643635,0.026802853020120875,0.015869054725922038,0.011790051286078535
"San Jose-San Francisco-Oakland CSA, CA, USA",0.03678828994686889,0.07566732002070538,0.018496198494244706,0.028342802878970768,0.015662801763169115,0.05538318837215847,0.014352444515074848,0.037409506750753115,0.014095562738101822,0.06971458066003162,0.13361248219376962,0.04182084764726496,0.007563742871184489,0.020836302816758117,0.02700149949295524,0.03716963042003591,0.029068090567301315,0.09382343952204006,0.08752852232532103,0.032279690242545664,0.04800192373787567,0.03230732112081795,0.02569235281386373,0.011392152697521035,0.005989305390666597
"Boston-Worcester-Providence CSA, MA-RI-NH-CT, USA",0.026479359530960672,0.04631708270730739,0.020388951634644784,0.022493184436304287,0.02011493482466946,0.07106274793058892,0.013485392129379083,0.048647253345737176,0.018820063277316654,0.06756885101430254,0.12238068496322516,0.04427808424487894,0.002080458050492033,0.02338002137714048,0.02521444425330516,0.042079176336441246,0.02983033223012326,0.10184286722842854,0.09259545694858433,0.03183848995126283,0.04936003876460043,0.03228746496487026,0.027610717497924327,0.011506534858191633,0.0083374074993204
"Dallas-Fort Worth CSA, TX-OK, USA",0.021213686523107466,0.043857883397248706,0.006045688512353107,0.017278611317090787,0.013369684429268553,0.0589328822008398,0.010667033729850377,0.034905537967111336,0.016540291351468426,0.06851204722090247,0.11735069186969849,0.0601127633888023,0.0018000403572156283,0.031047920986689518,0.043562604747449184,0.04718834041558065,0.03934828523769561,0.11591894810742913,0.10361863121941449,0.032340782643831785,0.04919066021543254,0.023726638574492365,0.02544749393038331,0.010669500552321552,0.0073533511043224154
"Philadelphia-Reading-Camden CSA, PA-NJ-DE-MD, USA",0.01859683957754621,0.03692818210031508,0.014547027372254237,0.018871198719273365,0.021458385867377573,0.06731610067996845,0.015297105441601795,0.0517484784179796,0.021356051092076382,0.06707089790069544,0.11013736837493816,0.040034606489941296,0.0030674787173930644,0.02691672057442001,0.03507515078197396,0.04295088096181078,0.035565222341707815,0.11345172794008847,0.0940401244145262,0.03050687572802951,0.04835220704181206,0.03549303201983079,0.02734517969913006,0.01289785276926481,0.010975304976044598
"Houston-The Woodlands CSA, TX, USA",0.030060034675711354,0.029062860292485157,0.011289775858099973,0.015858860923170917,0.012743007186330571,0.06141446908107421,0.011598680437106918,0.03879889494129276,0.017784090181784677,0.06087114468146269,0.10810181606313203,0.07208959472645893,0.0019496132955055137,0.03393600417281369,0.035543305767106195,0.051355332739298445,0.04256688728946923,0.10343170558514257,0.10278739555351114,0.037372241446171725,0.052031248052282604,0.024638177631988608,0.024203444160282316,0.011201067479553446,0.009310347778764405
"Miami-Fort Lauderdale-Port St. Lucie CSA, FL, USA",0.012553827069310249,0.02292931668691247,0.0060067864030028135,0.019510160328779134,0.013993863999675317,0.04795663929871731,0.016715727462851698,0.04237072410244335,0.018853810597683006,0.05301113687784335,0.11344829835430865,0.057016879774249025,0.0038667944733985545,0.032819608537930506,0.02900217739823491,0.029458331167082637,0.04551227226586975,0.11639601474479014,0.12122271760054537,0.0517522752846344,0.056507000340813365,0.03228331552979958,0.030888648996722733,0.01669455757356659,0.009229115130834943
"Atlanta--Athens-Clarke County--Sandy Springs CSA, GA, USA",0.019029705680967627,0.04364613006224998,0.010078521350192549,0.02277576256965275,0.014815944676211239,0.0639853990683804,0.01272360517650122,0.036186628171746005,0.01631762770653469,0.06751332770345057,0.1213945283244165,0.045422657048346415,0.0020399111760489004,0.029489698008647126,0.04096726315552515,0.04898880680198075,0.041994008430661166,0.11086762335301414,0.10570474359390078,0.032641721428914146,0.04909842503522626,0.020810819635981904,0.024370482380213523,0.01137694623446277,0.007759713226773537
"Detroit-Warren-Ann Arbor CSA, MI, USA",0.04192229829284582,0.034109182643121544,0.008297627085494367,0.019067050982636745,0.015852732616212655,0.05184506277130571,0.010735601871799495,0.048291068505247434,0.020902278087792686,0.05638132500417292,0.10348895428888204,0.03924811984469516,0.001983564031599371,0.027867631996549746,0.04057567754789831,0.07921252178857942,0.03437117647038336,0.10986192564486234,0.09270643865911363,0.03219695282366592,0.054625307662325276,0.03512753657334152,0.024396967554760843,0.009924520056374996,0.007008477196338815
"Seattle-Tacoma CSA, WA, USA",0.030784859052510848,0.07327822424212901,0.01259125857481108,0.02381388478253331,0.017538962190623862,0.05519305683482445,0.011721163995087922,0.03950833908632946,0.01512104626793095,0.06574924966357773,0.12486258509347259,0.04757753109635188,0.004357909370581074,0.02755440441915526,0.03270017323497159,0.04197095931325725,0.03538143423526108,0.09868207360103662,0.08925592999330606,0.028435128508487863,0.05062687233490145,0.03127314372134591,0.025500584349523667,0.010691763249036399,0.005829462788952517
"Minneapolis-St. Paul CSA, MN-WI, USA",0.02522751954096963,0.04519961274836792,0.01248209789842793,0.023510390929878083,0.01928570211915768,0.061568037653453984,0.012149720724913694,0.043862738355174936,0.018095681352489675,0.07535018144939465,0.11890217937226749,0.03940418859688495,0.003342646339178476,0.026196108977360143,0.031508159123039864,0.06388224825076154,0.03200304203374319,0.10559236103342601,0.09527946153056466,0.02794316074119189,0.047265691356029815,0.034472853025299795,0.024991817168616044,0.006696341227061026,0.005788058452346919
"Denver-Aurora CSA, CO, USA",0.03070720189807559,0.05266852963058601,0.013918027883098589,0.024366136327029424,0.01550418911214344,0.05509021228073315,0.01364344097787709,0.04049466549741392,0.0146441236101275,0.07409602360322448,0.1335458782562453,0.0525406958758274,0.0032607834163826625,0.02541130510593583,0.029074509182298605,0.034898615049100946,0.03414439589602514,0.10462016756448574,0.10039296096212798,0.02749141596336796,0.051402464123456726,0.023584305082925756,0.026211544410724742,0.011256017774005261,0.007032390516780737
"Cleveland-Akron-Canton CSA, OH, USA",0.019610511026038672,0.028559152546553085,0.008398828769834847,0.015864325824264603,0.01727865316814291,0.05469893856165677,0.01041949139278268,0.049921071625961023,0.02195263957125231,0.054462434632139706,0.10479770575928814,0.039956147983047925,0.0021528741898211223,0.029945493557945995,0.04203160595827081,0.0791794985624228,0.0369791813285897,0.1191788186286487,0.09625890888345189,0.03402937552573136,0.058166263852692995,0.03367067538438845,0.023645284617507173,0.010125683542650872,0.008716435106915513
"Orlando-Deltona-Daytona Beach CSA, FL, USA",0.017985457483587385,0.02960631445818049,0.005241983278029903,0.021927960119472786,0.01380217237914799,0.051564682672908806,0.010603116643591681,0.041065201782534956,0.020145052820102604,0.0530366827126255,0.10651521366651504,0.05219208235256883,0.0028651872611180373,0.02996500586752124,0.03184348146626594,0.03182672598520677,0.04448766393221353,0.12536512985808107,0.11928785482058293,0.04520008216391453,0.06817867300313452,0.02537710692417152,0.030024580911287176,0.013945524828209776,0.007947062609026985
"Portland-Vancouver-Salem CSA, OR-WA, USA",0.031357854861125196,0.03850766213226774,0.011509026078479461,0.025120213510750833,0.01948433121457597,0.05514547018034946,0.011818203610923126,0.04166459216533069,0.01761451401041369,0.05967556643106478,0.11487574197997784,0.04728019044844265,0.010283994622892537,0.025930344699141985,0.036039773876281045,0.054852273991531114,0.03528680672470353,0.10873706202666794,0.09323884671248395,0.0279071139721814,0.05557696645823307,0.0379938004680075,0.02439429170992386,0.010068861151013247,0.005636496963237377
"St. Louis-St. Charles-Farmington CSA, MO-IL, USA",0.020033993491809,0.0401719363004094,0.010913301450953476,0.01822279711778146,0.016755803779487013,0.060629987932241565,0.012436055681036685,0.049406215343056836,0.02236562485586498,0.06493459109711965,0.10701341221549038,0.046364148913247756,0.0022049646469062,0.028015373484387984,0.03833526890173761,0.05472965949370487,0.03464265873439298,0.11481924865984548,0.09762217658854865,0.030583128130956864,0.053607557597214986,0.031370664676714184,0.02547377826853482,0.010552576669505194,0.008795075969052017
"Charlotte-Concord CSA, NC-SC, USA",0.019825899190609,0.04020315448939803,0.005812854389814654,0.017499151303051658,0.018240420272605452,0.055666875526456355,0.010021565813635043,0.037947598980295635,0.01779388591607563,0.07141100021602079,0.11991392689341233,0.048544046730117585,0.003045275001091633,0.03274700871302523,0.041961642017556824,0.06306827043157749,0.03562006616243595,0.10618548828275638,0.10876354295553929,0.030709042290372468,0.05014389620748752,0.02401087523399895,0.024355775935083986,0.010063400477316548,0.0064453365702655425
"Salt Lake City-Provo-Orem CSA, UT, USA",0.021936050885202923,0.047928319790262394,0.010058616297863148,0.0235001452373327,0.014237727445387038,0.06264272360963184,0.009383076499109955,0.03536119407431683,0.01651236751748434,0.06067047511227963,0.1130080513618793,0.053035460253383286,0.002089183170344771,0.03115973872176251,0.03600694159969612,0.05862821477249875,0.032427399953821975,0.13216895198230338,0.09886119035028265,0.030727005951006605,0.04429217282497784,0.023791364709562574,0.025531233474598364,0.00987315939611062,0.0061692350089004415
"Sacramento-Roseville CSA, CA, USA",0.022673387123075015,0.04112420342697619,0.01416465009490389,0.02044999445578653,0.017176462530900837,0.058694468179475975,0.013774109175347165,0.04199007911918754,0.018405158075309985,0.06288850260578033,0.10849128906224521,0.047474773828703375,0.0077178712829309975,0.027990124777416137,0.03434232583016444,0.033600379615557716,0.035385942483677185,0.11605506382368097,0.09772246971881053,0.03376426004317964,0.056988807211391074,0.037156014167096074,0.028615479444013228,0.013264530731249145,0.01008965319314083
"Pittsburgh-New Castle-Weirton CSA, PA-OH-WV, USA",0.023931698664351367,0.035791285889235025,0.010347622832088269,0.017719823548875933,0.021901568658917386,0.057507046900079926,0.013246347658992429,0.056240809059706125,0.022310888168373903,0.060382720570848335,0.10297334316762634,0.04781906678067369,0.0019020192288574228,0.030521655861083446,0.0342118546070379,0.0505428689466922,0.03762051236050118,0.11228676325562979,0.09783889175599174,0.03027729712490354,0.05434738033655889,0.03650308190494406,0.024426229604053655,0.011116247805358463,0.008232975308619205
"Columbus-Marion-Zanesville CSA, OH, USA",0.018660433840820414,0.042168268861153976,0.009362712579069466,0.01807154909975137,0.018367180335846594,0.05848267466218385,0.01147572296896189,0.04932048407435324,0.02167777463388885,0.06617463483994303,0.11126275751818766,0.03632222061064891,0.002277866414310137,0.026768496964826225,0.05117511434905252,0.05854370309430002,0.03737793322855465,0.11534611443068794,0.09091254942708568,0.030371552190801825,0.05116639600160735,0.03078844771408893,0.02309173207408693,0.012084422136042678,0.00874925794974586
"Las Vegas-Henderson CSA, NV-AZ, USA",0.011440457157442102,0.02152319641534115,0.00428230606435512,0.02174652860247225,0.010774891790237901,0.04612430031443754,0.010203267739842817,0.033573385893204674,0.015650977875933652,0.04296663133527833,0.08758078067006746,0.05273121085039934,0.0013825325870020666,0.0309040345136853,0.037077574257952224,0.031508449401079795,0.04816530835794123,0.11803460585413927,0.11044662892470869,0.058597225717942084,0.0981500650499307,0.025038019646142558,0.04962405748499597,0.02328060803074185,0.009192955464725922
"Kansas City-Overland Park-Kansas City CSA, MO-KS, USA",0.0205748040086657,0.03948192827418525,0.00954162185751469,0.01851670017611945,0.01690201212574617,0.05821760882779258,0.011473480774925578,0.04649865182899269,0.020848334658125654,0.064906251461168,0.1116449244868378,0.046295257243496826,0.002933246052898178,0.029093997911503872,0.043091597699537104,0.056160284284845936,0.03626424151743271,0.11494365736194885,0.09972802792973925,0.030301117501285828,0.05102086937547731,0.026113215193030035,0.025945667929115818,0.010627172269758888,0.008875329249855832
"Indianapolis-Carmel-Muncie CSA, IN, USA",0.02260917449427704,0.03184753327430211,0.01041789704944367,0.01659010800758228,0.018635564219260523,0.05643618152181616,0.01048958169565143,0.04965383647265923,0.01940210117473214,0.06244547282948259,0.10782348307549941,0.04339853649277981,0.0021806795215701543,0.02951696767429755,0.05417159838025284,0.06971494763355135,0.03587572163222681,0.11759458911256852,0.09196244050378015,0.02996499671309605,0.05186221233480966,0.027355838510784058,0.02245765921933791,0.009537316338641527,0.008055562117597033
"San Juan-Carolina CSA, PR, USA",0.014291581149877953,0.01365554201076273,0.00815877158545655,0.012608696732627094,0.014710067972500287,0.06355031752197748,0.01145935214142729,0.04696008749796006,0.02139342739348419,0.0561535648520991,0.0719027787297241,0.045857473220713055,0.004987606429043352,0.03647520974269491,0.029963356724816644,0.05057175589226746,0.03009439734860216,0.14594266605148423,0.11795184819626205,0.05300868912305444,0.05682486010454877,0.0222662514169461,0.02367495885728275,0.030306432439202623,0.017230306865184654
"Raleigh-Durham-Chapel Hill CSA, NC, USA",0.02342738718453181,0.06062138319328986,0.02082945151658468,0.021165376071908076,0.017898501556639808,0.07077606041139468,0.012622195188917268,0.04716346545993238,0.020881524871485743,0.0730270734560547,0.1274413330520456,0.045550291486819564,0.0024741972038662065,0.02511481198045445,0.02848971974576981,0.0417259840305446,0.027196462653140317,0.0981627358324917,0.09612849843790303,0.030141177450359758,0.04672503749990521,0.02412116852570117,0.02205344126676814,0.008766775711969295,0.00749594621152201
"Cincinnati-Wilmington-Maysville CSA, OH-KY-IN, USA",0.023616918417254613,0.035644560163397045,0.01131264709755479,0.01781830297920329,0.017509856585684023,0.05665338314433258,0.00951853197192696,0.05045440605509436,0.021022963789807482,0.06304591255500554,0.11167615426561919,0.03947495176658474,0.0015979114025296138,0.026893167072773023,0.045285940412399014,0.06532876938726992,0.03414475062241654,0.11607041062257563,0.09780667216390612,0.029897205157506514,0.055258745869337156,0.02844423704591432,0.022197534726733286,0.011619325889965063,0.0077067408352092
"Nashville-Davidson--Murfreesboro CSA, TN, USA",0.015790329713707186,0.0346855457399644,0.00798059948611299,0.028087433890958,0.015672457337509733,0.060378068793608214,0.011189652084604955,0.04483810366190182,0.019847332429340538,0.06113373123636244,0.11516496650231542,0.048914294903892895,0.002089721894291322,0.02878278953658795,0.04167108307352678,0.06185924028055453,0.037784035877061854,0.11564742087930965,0.10123501010595722,0.030909974744244357,0.05490020138815282,0.02148566708455013,0.022656167192371374,0.009254352140525801,0.008041820022587636
"Milwaukee-Racine-Waukesha CSA, WI, USA",0.02452442010116866,0.03003788394247435,0.008938119755740636,0.018759318588726412,0.01721447880179219,0.05822129667459788,0.009874803799307651,0.047849890804334765,0.019233236685338002,0.058260425725944844,0.10393175406946235,0.04047446843235226,0.0036827577138632468,0.028086228794381284,0.04180114630262849,0.0902304501634065,0.03286729628220053,0.11101100739372399,0.092316297912065,0.030497162027275343,0.05120747294158208,0.040570944501391586,0.022980497325963228,0.009312720655746141,0.008115920604532484
"Virginia Beach-Norfolk CSA, VA-NC, USA",0.026072005019461247,0.039000439112659026,0.008645245547367184,0.017121061826059002,0.020715103789297445,0.06575601344307481,0.00930165959742118,0.04139423874590446,0.021543301841949768,0.05599553046250238,0.09954687518961956,0.050511245470162086,0.0022042180408153754,0.03849293312180997,0.03306211456262845,0.048087058624090254,0.034994672726998854,0.11373126683886844,0.09789407034369513,0.03365977821817045,0.05773808052329837,0.02943696474156568,0.02812027438090194,0.016083760055049464,0.010892087776629313
"Jacksonville-St. Marys-Palatka CSA, FL-GA, USA",0.014563929511635702,0.03586435120148338,0.005920480266948881,0.02017055904348339,0.016105564322452755,0.05108360104801037,0.010583046787612186,0.04469360008135011,0.020299865546345084,0.06290573053780206,0.10872793786257606,0.04690813086822412,0.0038829612946719443,0.03551534918405086,0.04189781773306869,0.035381021069427546,0.04033233026638395,0.12753261850689906,0.10726790424288532,0.033740209426318515,0.060993751859565605,0.026450084551388035,0.025400567693209652,0.01379185670328677,0.009986730390919922
"Greensboro--Winston-Salem--High Point CSA, NC, USA",0.01686418794136284,0.023528792341497615,0.008183875750886195,0.014952756732962617,0.019052892687031742,0.06126995246229691,0.006578376441262696,0.04094062387824423,0.023920099616831263,0.048569399884426316,0.09843948432789082,0.04809400126423621,0.0035184552803749283,0.03851223194246606,0.047528136324712554,0.08382636565201403,0.04012684030733914,0.11457293118123885,0.09951156867579954,0.0363304660088943,0.05181089979061587,0.03066884565590051,0.024962487297979546,0.009195000296039334,0.009041328257695864
"Louisville/Jefferson County--Elizabethtown--Madison CSA, KY-IN, USA",0.017661374256019262,0.0268260742377957,0.005734743824164196,0.015192761788964938,0.01660594445373239,0.051896250453168695,0.011218882658093239,0.04707483163400111,0.0224876994754962,0.05389200647152129,0.09917178305337546,0.04333446325566485,0.0024543377615093473,0.03370246301747559,0.06319466199919392,0.09029083310315629,0.04200546349616698,0.11682099772382955,0.09338927669353173,0.02955384069739005,0.04991017162667387,0.025319059727726086,0.024796634509987196,0.01024695960072622,0.0072184844806358105
"Greenville-Spartanburg-Anderson CSA, SC, USA",0.027082232750105923,0.02091182088799372,0.005808363853836839,0.015655142447504336,0.017975284158192387,0.060856246283242973,0.00868453116409688,0.04515520458410772,0.021325553622618423,0.04180786458335539,0.09446816066606362,0.047686572291675625,0.0029479996606661374,0.037972017071669924,0.044478591371454004,0.10554172778609518,0.03569636821080483,0.10274860947476179,0.10169872296382639,0.03748930367694096,0.05527334527408076,0.027954238597349985,0.023397233174273252,0.010152784406397462,0.007232081038885641
"New Orleans-Metairie-Hammond CSA, LA-MS, USA",0.019577245842464258,0.0173694372796696,0.010121420913136303,0.021144445803905693,0.020333735235399844,0.06389947847577487,0.0184088473937214,0.049234907292405795,0.023449033532099532,0.04806648717830243,0.09811795468655184,0.06169610047920455,0.003969989547041296,0.033011784237332295,0.0306662634213478,0.03973361399315371,0.04547016092726471,0.1050199535803763,0.09982580977931908,0.03833209626532082,0.06687983046364318,0.030169281716603706,0.02837047182952111,0.01502233489236786,0.012109315234071903
"Oklahoma City-Shawnee CSA, OK, USA",0.0211275683781727,0.03012528537535252,0.009062066341376069,0.015801960696539684,0.017423284390527777,0.06106193204709253,0.01298737633734724,0.047212834057030306,0.021561227002103944,0.05524111419490577,0.0986797193249474,0.05904192219884507,0.002967064326961816,0.039141188056761714,0.03816895339988361,0.04785352970141904,0.036779846904516765,0.11962962755718698,0.10105365056627423,0.033118928779264964,0.0573800304400376,0.02611744035095573,0.028906844531984423,0.011033114732082905,0.008523490308429204
"Grand Rapids-Wyoming-Muskegon CSA, MI, USA",0.02606332605920863,0.025194548523901676,0.006712781872332249,0.017066743525342775,0.019502889062735895,0.049886770700374686,0.0061335968487942795,0.04387944167661712,0.018448827218951153,0.0496754093410741,0.09993823856384074,0.043205555784301616,0.0078080180068898315,0.032894140898423026,0.04390414625108083,0.11421199269842577,0.03624847312005051,0.1091928466532164,0.09343681805080907,0.03393310550225773,0.05513649277391197,0.030297415627015826,0.02332111829373739,0.007182168787142641,0.006725134159564101
"Hartford-West Hartford CSA, CT, USA",0.03254471386094021,0.03857246011461087,0.010675414348437967,0.02043128285249901,0.02037250094698449,0.07149943429304284,0.013138987405303622,0.046842729510960614,0.019453614561970787,0.06861812520410059,0.11200647419787754,0.0410371630611615,0.0010519354376543441,0.023868096337938096,0.02766602776420126,0.050483668161849904,0.031033461105701418,0.10819733380218602,0.0938041228742983,0.03235932110645807,0.049206740730408594,0.035683776211466754,0.031004152587314412,0.011586535784066834,0.008861927738566032
"Birmingham-Hoover-Talladega CSA, AL, USA",0.01677639672557012,0.0241645927697295,0.007108642680326322,0.015479269117384734,0.018044878837888675,0.05736594770633676,0.012723671673887452,0.05103898896257405,0.02370932014862995,0.054976686916695515,0.09807386181398833,0.05156082242536915,0.0031821160043168616,0.03962031271498419,0.04257198369229135,0.07078680143036094,0.038411131586962556,0.11160162511931129,0.10793347244105164,0.03158314032196219,0.05039319665285678,0.02769016004961269,0.022739669338077573,0.012889806244393955,0.009573504625437225
"Memphis-Forrest City CSA, TN-MS-AR, USA",0.01381571916863248,0.02220372045099662,0.007549041656099922,0.013019824009876118,0.019222702311285922,0.05881011281295507,0.009041943196372377,0.04518100633685664,0.021020245084669528,0.05073951260592663,0.09524265232460401,0.04181081300929714,0.002789620506342439,0.0328948732548922,0.07657819311064219,0.05940982539750896,0.048681988047217795,0.12327921565249846,0.09125679660970992,0.035859941591822216,0.05139185953965679,0.02781326608896481,0.023923109190754858,0.01572491056148091,0.012739107480935999
"Harrisburg-York-Lebanon CSA, PA, USA",0.018563068628786997,0.03353061517919907,0.007033511163419669,0.014919051812434529,0.02046931076406744,0.05230347194348128,0.008580821540720951,0.04318170094271717,0.023789320113435472,0.05585992217673525,0.09612258327836731,0.04300498887807439,0.005408602472311903,0.037723014734418324,0.06300137074307308,0.06488460607242928,0.04175255209323775,0.12084660790518363,0.09038003536846981,0.030318516300579537,0.05198184460698975,0.03132898100718821,0.025827482748708143,0.009229051932047025,0.0099589675939241
"Buffalo-Cheektowaga CSA, NY, USA",0.020892113619440985,0.022666791322610697,0.007951824929630607,0.015315986123122231,0.022057424096216582,0.07492044836071869,0.013982056222056756,0.04914337993462241,0.02297564868393374,0.05583306343095452,0.0969661859621825,0.03943190279507564,0.002290552971541716,0.0273864657034769,0.032516836899940234,0.060497644336557695,0.0312997719464024,0.1285197217946449,0.10074092376732523,0.03370051186847017,0.05550584157787713,0.035473520072389485,0.025192743688458082,0.012332590962666657,0.01240604892968403
"Albany-Schenectady CSA, NY, USA",0.028082049972329413,0.033606514472995286,0.014009814427437182,0.020555083535254547,0.021482726118953983,0.0709277536719605,0.01506257329288312,0.05032376866318035,0.020085311653946173,0.06183068751770159,0.10406950655472173,0.041781603664020506,0.004412497617629432,0.028440427772178065,0.03157036832280067,0.041275687388005945,0.034965631885538466,0.1231391787886287,0.0904572010351869,0.03191342928751011,0.04871823945608073,0.03243394749387325,0.026939747296010643,0.010766706434304763,0.013149543676867895
"Albuquerque-Santa Fe-Las Vegas CSA, NM, USA",0.027913528377130462,0.030713872285586377,0.020840552726073918,0.022335318237075803,0.020883634940050164,0.06782826305625225,0.016693421345925826,0.04740354735203601,0.019323309538214862,0.051899082723470255,0.1023183850538434,0.052024583085922796,0.003997280201100282,0.03223486175292163,0.0271811307395343,0.026825234189295756,0.03047785667858608,0.11620022365288472,0.09429385441583328,0.03910741145200173,0.057874398488001605,0.03945768858302598,0.025476573577865484,0.015904829516186738,0.010791158031180284
"Rochester-Batavia-Seneca Falls CSA, NY, USA",0.02300599675381887,0.03330560638861585,0.01143822581615896,0.01820342247494843,0.0231846468324739,0.07838379102308028,0.01153104669393598,0.05006646680066879,0.023161597796594904,0.04859514022764117,0.1094773625415849,0.04007537317551319,0.005730417221262547,0.030792024672815905,0.028568603880091106,0.05811197612511046,0.03240368288276162,0.11252844788664768,0.09363213179853236,0.030855557614458302,0.0524027323298846,0.034958153737359166,0.026596810288655116,0.013322477815735638,0.009668307221650305
"Tulsa-Muskogee-Bartlesville CSA, OK, USA",0.02044352683097683,0.02403266540085166,0.005565284716205505,0.015473666746548197,0.019914465316054345,0.0569874831787933,0.01010194112116799,0.04199863586926466,0.023488856526628202,0.05119730123324792,0.10380666211956421,0.056298044131472706,0.0033199992626320347,0.03960956366250668,0.03906022452854536,0.07190443711172968,0.03283499548362121,0.12061312146293804,0.09918152155879588,0.035627776651243385,0.05451361365605471,0.029793352627795085,0.026132320681327998,0.01066418419451767,0.007436355927516729
"Fresno-Madera CSA, CA, USA",0.011728256984228313,0.014367325593907293,0.008172259584445214,0.01356211456443655,0.022434215372909763,0.06292354673480251,0.008939528732946131,0.034539758976197904,0.017701509187453196,0.03851048829089454,0.08146940688769669,0.047703483790451286,0.07607136346222422,0.03080400123700395,0.04562511186621528,0.04945665149822543,0.04003500806999431,0.10960777047499785,0.09648813755738313,0.041358758139386005,0.05298472553494077,0.04912841220909585,0.02266605811491859,0.011922182153629644,0.01179992498161576
"Knoxville-Morristown-Sevierville CSA, TN, USA",0.0204993276910642,0.022196509244482285,0.01178650393727367,0.01669239006295512,0.015649701727374506,0.05699717011385182,0.008864726191168279,0.04466681794399113,0.024480671821347732,0.04435363637557034,0.09754199352258001,0.055714438420439695,0.0036250297710023875,0.03261026522915702,0.0380862543296883,0.07070964692997672,0.03609089391771389,0.11409748385802186,0.1099042264509027,0.04081862286375477,0.06451915377215009,0.028295110804389043,0.022989777528566097,0.009988054092270417,0.00882159340030793
"Cape Coral-Fort Myers-Naples CSA, FL, USA",0.01192743337889158,0.01848828796905766,0.00607777332944019,0.01714877805028248,0.011668412711943667,0.04480668395669556,0.012312787688697624,0.04359537888521713,0.020631286170199693,0.04406549727836128,0.10573485663008118,0.08362203026108572,0.006623841970963758,0.03292173135976026,0.029493309992656456,0.02502529369487422,0.03850858364583275,0.11278097200273414,0.12691487662859968,0.06065317855056666,0.0744233300014107,0.02583501307278598,0.027163625839194343,0.011742683575259706,0.007834353355407494
"Tucson-Nogales CSA, AZ, USA",0.028152807931835267,0.030697647073644956,0.01158825678518786,0.019924074766198153,0.0181918203998673,0.06804295150947595,0.009826606587185937,0.04249587408505474,0.019890479530002645,0.047659041947851796,0.09270605428150289,0.049183425790222945,0.0027191144295738864,0.032188435679820604,0.032877138021828504,0.03259367821642891,0.030573764640174025,0.12839049422791848,0.09850543192975236,0.04236359284253493,0.06369446812441995,0.03768965560683495,0.028350179944483873,0.01534462413229804,0.016350381515901045
"Dayton-Springfield-Sidney CSA, OH, USA",0.02708740848650035,0.03147731522545754,0.007544295568778795,0.014685236637903182,0.019541154886169837,0.05467803108179285,0.007661777461882021,0.044977942774569867,0.02565021332753756,0.045958916581981805,0.09631165596602424,0.038643710704754294,0.0032581645020627863,0.030746969456665826,0.04862575555542502,0.09592592375033532,0.03990859908716569,0.11411603686581806,0.08566192235621685,0.03210780138511152,0.0578461261324765,0.03594162716338011,0.023425889484783156,0.010557706126876528,0.0076598194303303
"El Paso-Las Cruces CSA, TX-NM, USA",0.015701987351420935,0.01819963139430924,0.0070140522681990825,0.012092814825066066,0.014880422820163039,0.08036834208716931,0.007807059743557638,0.03657499851722979,0.018821296534271763,0.03609611865676396,0.08222455072062632,0.058594685312227474,0.004430737057612762,0.03817199695098511,0.032743959633503135,0.041669137950350266,0.049838652634168736,0.12801469150691192,0.1048065918471802,0.0372010570504076,0.061024231760278894,0.04768149656546485,0.025128012494810305,0.01791186413870821,0.0230016101786134
"North Port-Sarasota CSA, FL, USA",0.012219964648762174,0.017699496169438424,0.005254537925302032,0.020439261929776548,0.01503238459093989,0.048427527721015114,0.011071559839039607,0.0467984507718685,0.024911009637839116,0.04763301908734991,0.1100487088169035,0.057232745823316514,0.00593420607799498,0.03189987319415074,0.029249167398648242,0.03635052775264697,0.03479432205130864,0.11968721800594298,0.12447642312027517,0.045762759825801726,0.07168389695953968,0.03156707016765971,0.028091387855785084,0.014394902737379608,0.009339577891315164
"Omaha-Council Bluffs-Fremont CSA, NE-IA, USA",0.016820678375824787,0.04404417998707893,0.009572459873854612,0.015961213494568686,0.018322316791382846,0.06455687115981197,0.010713239445363837,0.050011931623069356,0.01773446609381942,0.06617685575540755,0.10834495777369495,0.051996655265337956,0.004372988357452026,0.03026558046861207,0.03641376152662692,0.05152715074781205,0.03380626536317727,0.12111082440725054,0.09486901405991421,0.028878408030467352,0.04995954888764291,0.028459346147055798,0.02815863044368177,0.010243734927837932,0.0076789209932542676
"Chattanooga-Cleveland-Dalton CSA, TN-GA-AL, USA",0.016556373460232483,0.01862704673322563,0.0052634306482176214,0.013866075431991113,0.017705495733601914,0.05775353355099061,0.006387767931377122,0.0439235090138503,0.020057816622616978,0.04543314023572779,0.09179008465200747,0.052255772086242755,0.0038529393871798512,0.037001737202495624,0.05227154435273998,0.1099326974856754,0.03981596018178664,0.11523668539060018,0.09472372622049179,0.0355326632373253,0.05391861961123616,0.026296874612734528,0.022270440294085175,0.010894129787727825,0.008631936135839771
"Columbia-Orangeburg-Newberry CSA, SC, USA",0.018400774304153024,0.02375258882501967,0.00886084670739067,0.012993797162944092,0.022549868294102673,0.06829638055728846,0.01149399083999285,0.04482702638388814,0.02277403902163842,0.05139405165617691,0.0997840026550156,0.04375272225565615,0.004703012587353894,0.03398026485884565,0.038381921389915113,0.06521920152506257,0.04035451733805008,0.12074350599110512,0.0996550055931691,0.03694471738281285,0.054515983783568665,0.03129704492209722,0.02316216733136918,0.00968200763534135,0.012480560998042288
"McAllen-Edinburg CSA, TX, USA",0.005992486279475665,0.008911687169243614,0.0030592777078950095,0.010200393896012573,0.015565336030279006,0.07980736635971167,0.0049082917071722135,0.03182825461483077,0.019795655937716244,0.02706284126214816,0.07325177127136522,0.09040277688284255,0.012576096731447526,0.03615662829495696,0.036750554003815696,0.04079597251132521,0.04788385950855449,0.099846755960969,0.11984692405315074,0.06045435316727694,0.05543680154196561,0.07300803760782414,0.020372772428399733,0.010774708850333523,0.015310396221287754
"Little Rock-North Little Rock CSA, AR, USA",0.01400981151197965,0.024814657183048035,0.008338879041396534,0.013934516815110027,0.0203312763444539,0.06552108438487074,0.012115862948232718,0.06096084955812765,0.02670823238967081,0.04942116894484579,0.09850164938533523,0.048480445401039046,0.004303394218088567,0.03411113364421209,0.03758665779984455,0.05807974938651359,0.04208737671294117,0.11755297145128475,0.10177605238733159,0.034433150637398775,0.04997533591000543,0.03140494179889259,0.023117828746636544,0.011513893074748288,0.010919080323992046
"Madison-Janesville-Beloit CSA, WI, USA",0.02252229515412276,0.053667873374427355,0.024329328248066273,0.021006002580322116,0.017678638849798197,0.07070446024224339,0.008433494115533013,0.050623174038486776,0.02018223777325066,0.06175409409090083,0.11321920421896799,0.03981126094567392,0.0059218190665210274,0.028135202417991993,0.035611675654721404,0.06610510673609443,0.02851074225650986,0.10542372402263737,0.08108833868040147,0.027598140068283643,0.05109158932093917,0.030913389610468273,0.021339142759652485,0.007448206797271077,0.006880858976714511
"Boise City-Mountain Home-Ontario CSA, ID-OR, USA",0.025976689510279625,0.03278725426441899,0.00826621979890951,0.01930118553349007,0.01954129358211195,0.05611275073783203,0.010032014406482917,0.03887499374718623,0.01700265119303687,0.05425441448651893,0.11038967535390926,0.06176779550797859,0.017973087889550297,0.034090340653293985,0.03493572107448352,0.04903206442899305,0.03647891551198039,0.11874093342003902,0.09745385423440549,0.03201690760842379,0.05440948426792056,0.02944074833675154,0.024711120004001802,0.00759341703766695,0.008816467410334651
"Des Moines-Ames-West Des Moines CSA, IA, USA",0.019441440701552667,0.047942017876452636,0.013489467128406587,0.017296996409196474,0.01631146456419873,0.06894160267553645,0.011212706060564582,0.03922507996039622,0.015779916138540226,0.07881745303895132,0.1066016945672557,0.04381966592295514,0.006228013742694061,0.028922622062225387,0.03661980827755497,0.05525366038390116,0.031133224742324488,0.11352551204310789,0.09738286543383932,0.031365919761282286,0.049787608762108124,0.025788083277440903,0.031215352396074297,0.008100980512932824,0.005796843560507549
"Modesto-Merced CSA, CA, USA",0.011304482379079701,0.012069403449151726,0.007065301486924813,0.010049077569419506,0.01589400879951185,0.05785664444892108,0.0036961453233251293,0.028757528779425376,0.020276247449046624,0.03077201556701964,0.07934742306266222,0.06753202012151151,0.05406999319745766,0.03841538717560194,0.06733641053489003,0.07108218814138778,0.051889092283931695,0.10252277975820319,0.08964758159401376,0.04207649794609934,0.05058405519109889,0.03846501945877455,0.026293431897208622,0.011894230685013094,0.011103033700320274
"Huntsville-Decatur-Albertville CSA, AL, USA",0.053151253665092615,0.04873694459790731,0.007761921808541018,0.014632450914653738,0.015230316136966347,0.0582869079637122,0.005631594857820903,0.04318353791688368,0.02158640572764185,0.05185034663312538,0.09518474403858798,0.047653818722170456,0.003829807693840901,0.033799038601306654,0.03796110356434756,0.09395074005194302,0.03346076864757697,0.09725130115086811,0.09173723879579128,0.03441440415745361,0.04612712526022232,0.024201397417252874,0.019819500513982107,0.012741618755972312,0.00781571240633885
"Spokane-Spokane Valley-Coeur d'Alene CSA, WA-ID, USA",0.018133064225473942,0.022584877099401716,0.009039140777048944,0.016201254234844663,0.02308945433576011,0.05950551430836877,0.010921934693289123,0.04873062783824696,0.020745332660563685,0.0521905860304188,0.09808116485259137,0.05459814027247171,0.00720247963670439,0.031537518921646364,0.03778562675701002,0.047121747278887044,0.038748648453831185,0.11799322424854033,0.10443883803070712,0.03265623873711526,0.05713255964823758,0.047173646651769624,0.02591220356087364,0.011022850140560802,0.0074533266056368485
"Lexington-Fayette--Richmond--Frankfort CSA, KY, USA",0.02172558158717652,0.02427381240006961,0.011601012166422096,0.01875355702321215,0.020134304405734695,0.07087215699183391,0.011800605352410504,0.05305209689778931,0.02086158916563766,0.050747117607717204,0.1032696725188828,0.038906111577823435,0.006433462556585244,0.027845580602570363,0.04108673743228843,0.07407490262280865,0.031248106015773096,0.11260856810643272,0.09760150333955696,0.03367576974175386,0.053902856536004705,0.02689392423103158,0.028159660947998152,0.011820449344166827,0.00865086082831947
"Syracuse-Auburn CSA, NY, USA",0.02184929367255562,0.02364259021438571,0.008920204088716115,0.015243020605555749,0.023032290907408052,0.08336514988488193,0.011153147524672289,0.05072136799602004,0.02479955572524383,0.04678190043154814,0.09686982981037336,0.04315192114123078,0.00415061377020351,0.03157358879131813,0.0320248053405528,0.0501891638610253,0.039255839783416055,0.12386183517869333,0.09519512223340622,0.03598741221524186,0.05443522728587461,0.032302477063158745,0.026659377783948262,0.013010077169599574,0.01182418752097
"South Bend-Elkhart-Mishawaka CSA, IN-MI, USA",0.02087703727610134,0.018730261186288295,0.005570091518937735,0.014379077433781322,0.019292169021876946,0.06425055902625694,0.0048439337006385575,0.03852094331358492,0.020415984693054244,0.041402521957629265,0.09355045067889993,0.045459784688443715,0.003999631157933562,0.035616312040388204,0.0456470873003066,0.13152101247147238,0.038105995988842525,0.10890638327301229,0.09466562161414509,0.0329652596878674,0.05499204684294244,0.028210654925194218,0.02283074759676341,0.008296064916203693,0.00695036768943498
