longname,Silent %,Boomer %,Gen X %,Millennial %,Gen Z %,Gen Alpha %
"Historical Congressional District CA-1, 40th-42nd Congress, USA",0.05677509361507956,0.20074591447049914,0.19322665189002666,0.22464094127613773,0.20237264880033495,0.12223874994792196
"Historical Congressional District CA-1, 39th Congress, USA",0.05677386887028522,0.20074479212482826,0.19322587502594166,0.22464280587863375,0.20237435812847418,0.12223829997183695
"Historical Congressional District CA-4, 43rd-47th Congress, USA",0.056446355272217835,0.2006015965178768,0.19297867582453176,0.2219133463950833,0.20459093696508002,0.12346908902521034
"Historical Congressional District CA-4, 48th Congress, USA",0.056446355272217835,0.2006015965178768,0.19297867582453176,0.2219133463950833,0.20459093696508002,0.12346908902521034
"Historical Congressional District CA-6, 49th-52nd Congress, USA",0.05609034393571765,0.20022389477724473,0.1922118607013958,0.22163987148943518,0.20597831524821578,0.12385571384799081
"Historical Congressional District TX-2, 29th-31st Congress, USA",0.04687372287299107,0.1867298507555303,0.18885255587142036,0.21739509379076077,0.21940872105582088,0.14074005565347678
"Historical Congressional District TX-2, 32nd-36th Congress, USA",0.04733973019666761,0.18723741147097256,0.18852270762378223,0.21738568855995535,0.21926724730224345,0.14024721484637867
"Historical Congressional District CA-7, 53rd-57th Congress, USA",0.05405688630756464,0.19569660688749974,0.18755748134592248,0.2177125915063509,0.21319177980986945,0.13178465414279283
"Historical Congressional District CA-8, 58th-62nd Congress, USA",0.05644137361690449,0.20142114605291003,0.18851431221668663,0.21489435910034116,0.21166383452146414,0.12706497449169352
"Historical Congressional District FL-2, 48th-57th Congress, USA",0.08273591143263155,0.23997260761895614,0.1945839851698493,0.19622687920882784,0.17750894836309408,0.10897166820664105
"Historical Congressional District FL-2, 44th-47th Congress, USA",0.08021655192848122,0.23697326676440558,0.19581062605617855,0.19812275273455446,0.17893720152972217,0.1099396009866579
"Historical Congressional District FL-2, 58th-62nd Congress, USA",0.07854919119758433,0.23465332992206095,0.19711848383525873,0.19940022438004595,0.17999417234357057,0.1102845983214794
"Historical Congressional District FL-2, 63rd Congress, USA",0.07854919119758433,0.23465332992206095,0.19711848383525873,0.19940022438004595,0.17999417234357057,0.1102845983214794
"Historical Congressional District CA-6, 53rd-57th Congress, USA",0.058082452974457896,0.20518409665748377,0.19662641632680217,0.22476613402667328,0.19997618457435123,0.11536471544023164
"Historical Congressional District FL-4, 64th-68th Congress, USA",0.07918839419348893,0.23541159139511766,0.1985287380864828,0.19919574370429483,0.17740228554487947,0.1102732470757363
"Historical Congressional District FL-4, 69th-72nd Congress, USA",0.07918839419348893,0.23541159139511766,0.1985287380864828,0.19919574370429483,0.17740228554487947,0.1102732470757363
"Historical Congressional District FL-4, 73rd-74th Congress, USA",0.07918839419348893,0.23541159139511766,0.1985287380864828,0.19919574370429483,0.17740228554487947,0.1102732470757363
"Historical Congressional District CA-11, 63rd-72nd Congress, USA",0.0565774844683168,0.2020846653037371,0.19178924820466994,0.2178503339754893,0.20692018172008816,0.12477808632769863
"Historical Congressional District IL-3, 23rd-27th Congress, USA",0.062473121061023915,0.2211762514808855,0.19331375618522487,0.2069251978436059,0.19630916155222222,0.11980251187703757
"Historical Congressional District CA-7, 58th-62nd Congress, USA",0.05672089312879872,0.20172002404387748,0.20034785446503126,0.2320587766029655,0.19436916694802947,0.11478328481129776
"Historical Congressional District TX-2, 41st-42nd Congress, USA",0.0470999800351308,0.1925986077970002,0.19527789476562854,0.21430659129130558,0.21410407405685108,0.13661285205408372
"Historical Congressional District TX-2, 43rd Congress, USA",0.0470999800351308,0.1925986077970002,0.19527789476562854,0.21430659129130558,0.21410407405685108,0.13661285205408372
"Historical Congressional District TX-4, 41st-42nd Congress, USA",0.050060321921812555,0.18391269414903133,0.18477352902705485,0.22038651117900826,0.22002298864514083,0.14084395507795217
"Historical Congressional District TX-4, 43rd Congress, USA",0.050060321921812555,0.18391269414903133,0.18477352902705485,0.22038651117900826,0.22002298864514083,0.14084395507795217
"Historical Congressional District IL-4, 28th-32nd Congress, USA",0.059060973109801206,0.2152126711776521,0.1941730241459142,0.21133418287567635,0.2007272617857264,0.11949188690522979
"Historical Congressional District TX-3, 47th Congress, USA",0.04575791710102341,0.19020907469201753,0.19626101692911457,0.21588252997074597,0.21492981879794773,0.1369596425091509
"Historical Congressional District TX-3, 44th-46th Congress, USA",0.04572445661178198,0.19023559446179697,0.1962115524828633,0.21584739112652457,0.21495663199783108,0.13702437331920214
"Historical Congressional District NY-1, 13th-16th Congress, USA",0.06666780871704388,0.22342174809404433,0.19536926013924377,0.21808331062194716,0.17830409239155529,0.11815378003616561
"Historical Congressional District NY-1, 17th Congress, USA",0.06666780871704404,0.22342174809404353,0.19536926013924458,0.21808331062194702,0.178304092391555,0.11815378003616592
"Historical Congressional District NY-1, 1st-2nd Congress, USA",0.06681645827763155,0.22388484727693633,0.19525191168692316,0.2172739138395714,0.17842757222700653,0.11834529669193086
"Historical Congressional District NY-1, 6th-7th Congress, USA",0.06681645827763155,0.22388484727693633,0.19525191168692316,0.2172739138395714,0.17842757222700653,0.11834529669193086
"Historical Congressional District FL-1, 44th-47th Congress, USA",0.10286939444409166,0.2702170599388132,0.17835641979763964,0.1799777657989426,0.16793246265167067,0.10064689736884229
"Historical Congressional District FL-1, 48th-57th Congress, USA",0.09979015253138024,0.26686013155239824,0.17953932890118574,0.18224089160410314,0.16976858525691993,0.1018009101540128
"Historical Congressional District NY-1, 11th-12th Congress, USA",0.06693964760464526,0.22301737340813954,0.19480586603363012,0.21876921616240763,0.17791255308432927,0.11855534370684813
"Historical Congressional District NY-2, 3rd-5th Congress, USA",0.06693964760464537,0.22301737340813935,0.19480586603363043,0.2187692161624075,0.17791255308432866,0.11855534370684874
"Historical Congressional District TX-3, 41st-42nd Congress, USA",0.0428247695347352,0.18711452002857085,0.19410708423563414,0.21779468430978158,0.21730756803962997,0.14085137385164823
"Historical Congressional District TX-3, 43rd Congress, USA",0.0428247695347352,0.18711452002857085,0.19410708423563414,0.21779468430978158,0.21730756803962997,0.14085137385164823
"Historical Congressional District CA-19, 73rd-77th Congress, USA",0.056287795984284024,0.20198388927332206,0.193809828008845,0.2109795970665605,0.21002702094246034,0.12691186872452798
"Historical Congressional District NY-1, 33rd Congress, USA",0.06936481997992211,0.23173399231114414,0.19634986049228664,0.20619263088135384,0.17998311633385314,0.11637558000144013
"Historical Congressional District NY-1, 34th-37th Congress, USA",0.06936481997992211,0.23173399231114414,0.19634986049228664,0.20619263088135384,0.17998311633385314,0.11637558000144013
"Historical Congressional District TX-1, 32nd-36th Congress, USA",0.05025004820861553,0.19966173701272208,0.1973284831636272,0.21111906546717854,0.20763903580676038,0.13400163034109633
"Historical Congressional District TX-4, 44th-46th Congress, USA",0.04138766560779854,0.18216099131281788,0.19268556900503409,0.22132787734055673,0.2200646814920246,0.14237321524176827
"Historical Congressional District TX-4, 47th Congress, USA",0.04138766560779854,0.18216099131281788,0.19268556900503409,0.22132787734055673,0.2200646814920246,0.14237321524176827
"Historical Congressional District FL-1, 58th-62nd Congress, USA",0.11209237047886214,0.27888920130290307,0.17717896127904112,0.17418864423578562,0.15942432425375988,0.09822649844964805
"Historical Congressional District FL-1, 63rd Congress, USA",0.11209237047886214,0.27888920130290307,0.17717896127904112,0.17418864423578562,0.15942432425375988,0.09822649844964805
"Historical Congressional District FL-4, 75th-77th Congress, USA",0.09187366388373891,0.24041702566284792,0.20048500889485962,0.1904354231679306,0.17038037063693992,0.10640850775368295
"Historical Congressional District FL-4, 78th Congress, USA",0.09187366388373891,0.24041702566284792,0.20048500889485962,0.1904354231679306,0.17038037063693992,0.10640850775368295
"Historical Congressional District IL-2, 33rd-37th Congress, USA",0.060804262951877616,0.21509961186640952,0.1918753545706548,0.2216142268090171,0.19141291907571653,0.11919362472632439
"Historical Congressional District TX-6, 44th-46th Congress, USA",0.052485672288403416,0.1838100016173332,0.17950415061538183,0.20975003364028919,0.22842534766408584,0.1460247941745066
"Historical Congressional District TX-6, 47th Congress, USA",0.05247558964081643,0.18381254331110614,0.17935284940406043,0.20967203140150753,0.2285299006853363,0.1461570855571733
"Historical Congressional District CA-9, 63rd-72nd Congress, USA",0.056716541208633675,0.20344762046593037,0.20109359896806028,0.2233552057304086,0.19912722908337552,0.11625980454359161
"Historical Congressional District FL-1, 64th-68th Congress, USA",0.11181213522921542,0.27761543036082004,0.1776157417959812,0.17475866757003897,0.1598410072013502,0.09835701784259421
"Historical Congressional District FL-1, 69th-72nd Congress, USA",0.11181213522921542,0.27761543036082004,0.1776157417959812,0.17475866757003897,0.1598410072013502,0.09835701784259421
"Historical Congressional District FL-1, 73rd-74th Congress, USA",0.11181213522921542,0.27761543036082004,0.1776157417959812,0.17475866757003897,0.1598410072013502,0.09835701784259421
"Historical Congressional District TX-1, 29th-31st Congress, USA",0.052321136703967666,0.20336569894323306,0.1975628646449816,0.21010582020328727,0.20532889192465148,0.13131558757987907
"Historical Congressional District TX-1, 48th-49th Congress, USA",0.04222987721016143,0.18442449966829372,0.1918733832260253,0.22311575722272597,0.21688594353542032,0.14147053913737315
"Historical Congressional District TX-1, 50th Congress, USA",0.04222987721016143,0.18442449966829372,0.1918733832260253,0.22311575722272597,0.21688594353542032,0.14147053913737315
"Historical Congressional District TX-1, 51st-52nd Congress, USA",0.04222987721016143,0.18442449966829372,0.1918733832260253,0.22311575722272597,0.21688594353542032,0.14147053913737315
"Historical Congressional District TX-8, 58th-61st Congress, USA",0.039758622871593534,0.18238204741017894,0.1977695247341873,0.2226514436864979,0.2141662327409578,0.14327212855658455
"Historical Congressional District TX-8, 62nd Congress, USA",0.039758622871593534,0.18238204741017894,0.1977695247341873,0.2226514436864979,0.2141662327409578,0.14327212855658455
"Historical Congressional District TX-8, 63rd Congress, USA",0.039758622871593534,0.18238204741017894,0.1977695247341873,0.2226514436864979,0.2141662327409578,0.14327212855658455
"Historical Congressional District TX-8, 64th-65th Congress, USA",0.039758622871593534,0.18238204741017894,0.1977695247341873,0.2226514436864979,0.2141662327409578,0.14327212855658455
"Historical Congressional District CA-2, 39th Congress, USA",0.061005878870796997,0.2197823265188434,0.19674384383696095,0.21522214986433946,0.1871424192724242,0.12010338163663486
"Historical Congressional District CA-2, 40th-42nd Congress, USA",0.06100019661578677,0.21977907473801594,0.19674034706537435,0.2152304166799199,0.18714914688743986,0.12010081801346312
"Historical Congressional District CA-2, 43rd-47th Congress, USA",0.060955875965559056,0.21949079622267137,0.1968313321659742,0.21536357206836979,0.1872267545065701,0.12013166907085535
"Historical Congressional District CA-2, 48th Congress, USA",0.060955875965559056,0.21949079622267137,0.1968313321659742,0.21536357206836979,0.1872267545065701,0.12013166907085535
"Historical Congressional District FL-1, 75th-77th Congress, USA",0.10400638034629638,0.2697502546490319,0.1809503322431718,0.18080082351570406,0.1635538032426042,0.10093840600319173
"Historical Congressional District FL-1, 78th Congress, USA",0.10400638034629638,0.2697502546490319,0.1809503322431718,0.18080082351570406,0.1635538032426042,0.10093840600319173
"Historical Congressional District NY-1, 38th-42nd Congress, USA",0.07056308832394356,0.23756140762262917,0.20102917234303522,0.1993650164706862,0.17977105584453554,0.1117102593951703
"Historical Congressional District NY-1, 43rd Congress, USA",0.07056308832394356,0.23756140762262917,0.20102917234303522,0.1993650164706862,0.17977105584453554,0.1117102593951703
"Historical Congressional District NY-1, 44th-47th Congress, USA",0.07056308832394356,0.23756140762262917,0.20102917234303522,0.1993650164706862,0.17977105584453554,0.1117102593951703
"Historical Congressional District NY-1, 48th Congress, USA",0.07056308832394356,0.23756140762262917,0.20102917234303522,0.1993650164706862,0.17977105584453554,0.1117102593951703
"Historical Congressional District NY-1, 49th-52nd Congress, USA",0.07056308832394356,0.23756140762262917,0.20102917234303522,0.1993650164706862,0.17977105584453554,0.1117102593951703
"Historical Congressional District CA-22, 78th-82nd Congress, USA",0.061136065541108245,0.2073131123845274,0.19639130718841238,0.2073681367338548,0.20559538766006613,0.122195990492031
"Historical Congressional District TX-8, 66th-72nd Congress, USA",0.03828416419590203,0.1787274985062175,0.1970770576967006,0.2265736325541556,0.21452892701772694,0.1448087200292974
"Historical Congressional District TX-8, 73rd Congress, USA",0.03828416419590203,0.1787274985062175,0.1970770576967006,0.2265736325541556,0.21452892701772694,0.1448087200292974
"Historical Congressional District TX-1, 53rd-54th Congress, USA",0.04026692996744461,0.18097187524047617,0.19459638276673089,0.22673508776556098,0.21375067364557981,0.14367905061420758
"Historical Congressional District TX-1, 55th-57th Congress, USA",0.04026692996744461,0.18097187524047617,0.19459638276673089,0.22673508776556098,0.21375067364557981,0.14367905061420758
"Historical Congressional District NY-6, 1st-2nd Congress, USA",0.07441519048356811,0.2516766868930137,0.17932878066605037,0.18766509213104698,0.19828532652164685,0.10862892330467395
"Historical Congressional District FL-6, 83rd-87th Congress, USA",0.10896678680289197,0.2640550048418725,0.18615860829964617,0.17598467830675193,0.16395026454405462,0.10088465720478283
"Historical Congressional District CA-3, 49th-52nd Congress, USA",0.05931620970678338,0.21612216461347816,0.19863300810307077,0.21907452917855216,0.18870443433650555,0.11814965406161002
"Historical Congressional District NY-1, 53rd-57th Congress, USA",0.07109745704674178,0.23752155212764473,0.20089139607416037,0.19996603081958075,0.17911586072331176,0.11140770320856051
"Historical Congressional District NY-1, 18th-22nd Congress, USA",0.0710978500997381,0.2375225201727176,0.20089241520423742,0.19995916249503184,0.1791175610547189,0.11141049097355617
"Historical Congressional District NY-1, 23rd-27th Congress, USA",0.0710978500997381,0.2375225201727176,0.20089241520423742,0.19995916249503184,0.1791175610547189,0.11141049097355617
"Historical Congressional District NY-1, 28th-32nd Congress, USA",0.0710978500997381,0.2375225201727176,0.20089241520423742,0.19995916249503184,0.1791175610547189,0.11141049097355617
"Historical Congressional District NY-1, 8th Congress, USA",0.0710978500997381,0.2375225201727176,0.20089241520423742,0.19995916249503184,0.1791175610547189,0.11141049097355617
"Historical Congressional District NY-1, 9th-10th Congress, USA",0.0710978500997381,0.2375225201727176,0.20089241520423742,0.19995916249503184,0.1791175610547189,0.11141049097355617
"Historical Congressional District TX-6, 48th-49th Congress, USA",0.04223698556529296,0.184789245901855,0.19338612883691683,0.2242330910684818,0.21443051669503194,0.14092403193242156
"Historical Congressional District TX-6, 50th Congress, USA",0.04223698556529296,0.184789245901855,0.19338612883691683,0.2242330910684818,0.21443051669503194,0.14092403193242156
"Historical Congressional District TX-6, 51st-52nd Congress, USA",0.04223698556529296,0.184789245901855,0.19338612883691683,0.2242330910684818,0.21443051669503194,0.14092403193242156
"Historical Congressional District IL-1, 38th-42nd Congress, USA",0.06052821532159066,0.21045390141274234,0.19070746278043527,0.23271214686085168,0.1873592034683545,0.11823907015602558
"Historical Congressional District FL-6, 79th-82nd Congress, USA",0.10516457519436355,0.26158189415534633,0.1877890299912927,0.17847439741276097,0.1650500673420854,0.10194003590415088
"Historical Congressional District NC-4, 1st Congress, USA",0.06559151939308318,0.23267526128384897,0.19981615672834047,0.1937511526490873,0.19244172471649698,0.11572418522914295
"Historical Congressional District NC-1, 2nd Congress, USA",0.06570487997411527,0.23288759874001502,0.1999654978870915,0.19372118298910235,0.19214038346170428,0.11558045694797173
"Historical Congressional District CA-8, 63rd-72nd Congress, USA",0.06244874966557134,0.21176006208847376,0.19434200682176012,0.2145158532032415,0.2003464297917543,0.11658689842919903
"Historical Congressional District MI-3, 28th-32nd Congress, USA",0.07343402404680487,0.25863722093980757,0.1878215693278471,0.18400545387959827,0.18811638068569014,0.10798535112025208
"Historical Congressional District FL-5, 75th-77th Congress, USA",0.08647269093340448,0.2542978240320059,0.18675926501852486,0.19117547450176767,0.1757967629761829,0.10549798253811421
"Historical Congressional District FL-5, 78th Congress, USA",0.08647269093340448,0.2542978240320059,0.18675926501852486,0.19117547450176767,0.1757967629761829,0.10549798253811421
"Historical Congressional District FL-5, 79th-82nd Congress, USA",0.08647269093340448,0.2542978240320059,0.18675926501852486,0.19117547450176767,0.1757967629761829,0.10549798253811421
"Historical Congressional District NY-2, 9th-10th Congress, USA",0.06502858954532548,0.20373066483349586,0.18688278591235488,0.2629307390977225,0.16714775934467585,0.1142794612664253
"Historical Congressional District NY-3, 9th-10th Congress, USA",0.06502858954532548,0.20373066483349586,0.18688278591235488,0.2629307390977225,0.16714775934467585,0.1142794612664253
"Historical Congressional District FL-5, 83rd-87th Congress, USA",0.08639822141761894,0.25370858110596844,0.1870793006654587,0.19156567283630876,0.1759474541771958,0.10530076979744933
"Historical Congressional District CA-28, 83rd-87th Congress, USA",0.061689978859153866,0.21315179206013055,0.19971145635680237,0.2114383125375243,0.1954139879700424,0.11859447221634671
"Historical Congressional District FL-1, 79th-82nd Congress, USA",0.0975807819754578,0.2615361110581482,0.18443024276072012,0.18596728805925028,0.16685066133650778,0.10363491480991564
"Historical Congressional District GA-5, 29th-31st Congress, USA",0.04614721040206206,0.20163323166990815,0.20929409597877785,0.21527418741942328,0.2021716259705374,0.12547964855929114
"Historical Congressional District NY-10, 3rd-5th Congress, USA",0.07479846612237241,0.2523032946885721,0.17789922703094993,0.1874005121560627,0.19821503675621296,0.10938346324582988
"Historical Congressional District FL-6, 88th-89th Congress, USA",0.10491842752961139,0.25640596250689635,0.18947415019398595,0.1798804950248031,0.16643785211163184,0.1028831126330715
"Historical Congressional District TX-8, 74th-82nd Congress, USA",0.038299054435665614,0.17573478080365273,0.1935469333541042,0.23321840252874157,0.21349058049073197,0.14571024838710403
"Historical Congressional District TX-8, 83rd-85th Congress, USA",0.038299054435665614,0.17573478080365273,0.1935469333541042,0.23321840252874157,0.21349058049073197,0.14571024838710403
"Historical Congressional District MN-2, 38th-42nd Congress, USA",0.06284156789612198,0.22924551162694445,0.18401188686076128,0.20581778533678308,0.19172504651945943,0.1263582017599298
"Historical Congressional District MI-4, 33rd-37th Congress, USA",0.07394520041390247,0.25859356861144084,0.1867124458707877,0.18414468491133934,0.1888552385378746,0.10774886165465519
"Historical Congressional District TX-10, 48th-49th Congress, USA",0.04798981017715266,0.19047940805972305,0.19456711833639814,0.23524927115836383,0.20277355028663813,0.12894084198172434
"Historical Congressional District NJ-1, 6th Congress, USA",0.06126966518178057,0.21312477297626747,0.20512069306808572,0.2110719850913095,0.18741453927108934,0.12199834441146751
"Historical Congressional District TX-10, 50th Congress, USA",0.047850141691106796,0.1907008036179824,0.19487265936377937,0.23555419731930405,0.2023485323361904,0.12867366567163696
"Historical Congressional District TX-10, 51st-52nd Congress, USA",0.04784829647307042,0.19069607123108817,0.1948604296577531,0.23556609570706785,0.20234820536791842,0.12868090156310202
"Historical Congressional District VA-2, 1st-2nd Congress, USA",0.06332290390638015,0.23437491730239804,0.18932377282560886,0.1924402519751375,0.19807361223698725,0.1224645417534883
"Historical Congressional District OH-6, 13th-17th Congress, USA",0.07746309721105453,0.2560749791824299,0.18452543492673582,0.18278087931762524,0.18670508908919473,0.11245052027295986
"Historical Congressional District AZ-1, 81st-87th Congress, USA",0.0621528370900625,0.20619753772795502,0.1902902692946926,0.21190739299860276,0.2041181667096378,0.12533379617904936
"Historical Congressional District AZ-1, 88th-89th Congress, USA",0.0621528370900625,0.20619753772795502,0.1902902692946926,0.21190739299860276,0.2041181667096378,0.12533379617904936
"Historical Congressional District NJ-1, 13th Congress, USA",0.06313800772504963,0.21904760488200692,0.20579849434629882,0.20605645899802502,0.18620614750006237,0.11975328654855721
"Historical Congressional District CA-3, 63rd-72nd Congress, USA",0.05771036803751565,0.21197273674421327,0.1923505704419464,0.2105246709811455,0.2023569525741079,0.1250847012210713
"Historical Congressional District NY-1, 58th-62nd Congress, USA",0.07370400088026778,0.24548222731580796,0.19987895720400498,0.18409997185011767,0.1848486557447112,0.11198618700509043
"Historical Congressional District TX-7, 48th-49th Congress, USA",0.0493524725356345,0.18330220278998327,0.18824935676671858,0.1978094911139026,0.22982450536598212,0.15146197142777887
"Historical Congressional District TX-7, 50th Congress, USA",0.0493524725356345,0.18330220278998327,0.18824935676671858,0.1978094911139026,0.22982450536598212,0.15146197142777887
"Historical Congressional District TX-7, 51st-52nd Congress, USA",0.0493524725356345,0.18330220278998327,0.18824935676671858,0.1978094911139026,0.22982450536598212,0.15146197142777887
"Historical Congressional District NY-2, 1st-2nd Congress, USA",0.06789885652381104,0.20519181533286482,0.19240656581809173,0.24359435632736176,0.18062443938671283,0.11028396661115784
"Historical Congressional District MN-3, 43rd-47th Congress, USA",0.06311803843132928,0.2290584148102546,0.18249340392053395,0.2079190071399563,0.19183283808945267,0.125578297608473
"Historical Congressional District OH-5, 13th-17th Congress, USA",0.06165007887862194,0.22309939511780003,0.18645914771005553,0.20548440618552472,0.19775319368582034,0.12555377842217746
"Historical Congressional District MA-1, 3rd Congress, USA",0.06347223666013188,0.21991518960968912,0.19158444178552914,0.2260665022455635,0.19351275436840437,0.10544887533068197
"Historical Congressional District MD-5, 38th-42nd Congress, USA",0.0589657364869164,0.223305090439091,0.20049564422351607,0.20317652016122964,0.1901336810613128,0.12392332762793418
"Historical Congressional District NY-10, 6th-7th Congress, USA",0.07508072717100236,0.25262918636025716,0.17759686204748423,0.18867351938010218,0.19783615164739363,0.10818355339376039
"Historical Congressional District WA-1, 61st-62nd Congress, USA",0.054815076849537334,0.2145996877399108,0.19780533740967632,0.24271418600317338,0.1755585677719863,0.11450714422571591
"Historical Congressional District WA-1, 63rd Congress, USA",0.054815076849537334,0.2145996877399108,0.19780533740967632,0.24271418600317338,0.1755585677719863,0.11450714422571591
"Historical Congressional District CO-2, 64th-67th Congress, USA",0.04795320113842919,0.19984148052243492,0.1941177347254248,0.22337463985417383,0.2092112751090014,0.12550166865053594
"Historical Congressional District GA-4, 20th Congress, USA",0.043289400267563616,0.19274752252096855,0.20052045328814733,0.22375019478670002,0.2124690749511254,0.12722335418549513
"Historical Congressional District CA-6, 58th-62nd Congress, USA",0.050463462204425484,0.18800246098736237,0.17886809290869513,0.21098716674933576,0.2280812777867241,0.14359753936345712
"Historical Congressional District NC-5, 1st Congress, USA",0.06311984289569939,0.22980287536166527,0.19210896465631913,0.20732593038006158,0.19110801941341438,0.11653436729284018
"Historical Congressional District NY-3, 6th-7th Congress, USA",0.06897958894939535,0.20996357294925602,0.19083511334909228,0.2233471763344521,0.1891325538539141,0.11774199456389003
"Historical Congressional District CO-1, 53rd-57th Congress, USA",0.04988016514062843,0.20370766223366868,0.19219221197129094,0.24323698229640944,0.19429544489875678,0.11668753345924576
"Historical Congressional District CO-1, 58th-62nd Congress, USA",0.04988016514062843,0.20370766223366868,0.19219221197129094,0.24323698229640944,0.19429544489875678,0.11668753345924576
"Historical Congressional District CO-1, 63rd Congress, USA",0.04988016514062843,0.20370766223366868,0.19219221197129094,0.24323698229640944,0.19429544489875678,0.11668753345924576
"Historical Congressional District CA-5, 49th-52nd Congress, USA",0.062180983619847814,0.20889023889650774,0.2045191480108027,0.24236412969584564,0.17422196382740235,0.10782353594959386
"Historical Congressional District CO-2, 68th-88th Congress, USA",0.05045966632460301,0.20823225042155633,0.19714762314804268,0.22338442654156618,0.2002530323332364,0.12052300123099542
"Historical Congressional District CA-2, 53rd-57th Congress, USA",0.06326710118422592,0.2240367893869077,0.1851823341138822,0.20635305962668493,0.19607412372275823,0.12508659196554112
"Historical Congressional District NJ-5, 28th Congress, USA",0.061090474173602395,0.2112026691439538,0.20446647878511592,0.2138763780398912,0.1861081653917382,0.12325583446569838
"Historical Congressional District NJ-5, 29th Congress, USA",0.061090474173602395,0.2112026691439538,0.20446647878511592,0.2138763780398912,0.1861081653917382,0.12325583446569838
"Historical Congressional District CA-3, 53rd-57th Congress, USA",0.05919191757950961,0.21656660010720613,0.20031919251302796,0.21980957653660305,0.18846902667902085,0.11564368658463244
"Historical Congressional District NJ-5, 30th-32nd Congress, USA",0.06109444317607781,0.2112136237647714,0.20449465403258277,0.21369065334541554,0.1862567878171863,0.12324983786396629
"Historical Congressional District GA-4, 33rd Congress, USA",0.04532559103984491,0.19795381039310678,0.20208187125993568,0.2276907061170637,0.20190628520612283,0.12504173598392623
"Historical Congressional District GA-4, 34th-35th Congress, USA",0.04532559103984504,0.19795381039310683,0.20208187125993418,0.22769070611706405,0.201906285206124,0.1250417359839259
"Historical Congressional District GA-4, 36th Congress, USA",0.04532559103984504,0.19795381039310683,0.20208187125993418,0.22769070611706405,0.201906285206124,0.1250417359839259
"Historical Congressional District IL-3, 43rd-47th Congress, USA",0.06024838576328416,0.21216711148067116,0.19670877764025313,0.2249587178611453,0.1870116245740115,0.11890538268063477
"Historical Congressional District FL-4, 90th Congress, USA",0.1029772893282207,0.27576354732554204,0.18228982067972957,0.17265738271270786,0.16503933780040572,0.10127262215339414
"Historical Congressional District NY-2, 18th-22nd Congress, USA",0.06058763448243949,0.2019247036722238,0.18462310455117048,0.23897458959094958,0.18130297923426913,0.13258698846894768
"Historical Congressional District NY-2, 23rd-27th Congress, USA",0.06058763448243949,0.2019247036722238,0.18462310455117048,0.23897458959094958,0.18130297923426913,0.13258698846894768
"Historical Congressional District NY-1, 63rd-64th Congress, USA",0.07656038351402421,0.24906503417874334,0.20077519966386073,0.17850885668990793,0.18535809666191544,0.10973242929154839
"Historical Congressional District NY-1, 65th Congress, USA",0.07656038351402421,0.24906503417874334,0.20077519966386073,0.17850885668990793,0.18535809666191544,0.10973242929154839
"Historical Congressional District NY-1, 66th-67th Congress, USA",0.07656038351402421,0.24906503417874334,0.20077519966386073,0.17850885668990793,0.18535809666191544,0.10973242929154839
"Historical Congressional District NY-1, 68th-72nd Congress, USA",0.07656038351402421,0.24906503417874334,0.20077519966386073,0.17850885668990793,0.18535809666191544,0.10973242929154839
"Historical Congressional District NY-1, 73rd-78th Congress, USA",0.07656038351402421,0.24906503417874334,0.20077519966386073,0.17850885668990793,0.18535809666191544,0.10973242929154839
"Historical Congressional District FL-9, 90th Congress, USA",0.12949769102308165,0.2815744198059656,0.17435834154647578,0.1629835977775893,0.1566188981681752,0.09496705167871237
"Historical Congressional District GA-5, 32nd Congress, USA",0.0472710466768326,0.20900629126561607,0.21557311744826696,0.19465189648540382,0.20705065709676657,0.1264469910271139
"Historical Congressional District CA-7, 63rd-72nd Congress, USA",0.04632357851517003,0.17599495598409032,0.17396995985018587,0.21694718623022757,0.23273281716555488,0.15403150225477136
"Historical Congressional District CA-20, 73rd-77th Congress, USA",0.05700545082200366,0.20159047197626756,0.18737278386276401,0.23352772502029193,0.20038274738820103,0.12012082093047177
"Historical Congressional District CA-8, 73rd-77th Congress, USA",0.060197522284065184,0.20616249715811408,0.20118303586342534,0.2251094346283042,0.1900650233957087,0.1172824866703824
"Historical Congressional District CA-35, 88th-90th Congress, USA",0.062299637451276264,0.2164333911079152,0.20085672536783422,0.20692565626680456,0.19488155967730952,0.11860303012886027
"Historical Congressional District CA-5, 58th-62nd Congress, USA",0.06257048404090168,0.20699583043188327,0.20662493627790535,0.24397268824137755,0.1703410504048345,0.10949501060309753
"Historical Congressional District CA-5, 53rd-57th Congress, USA",0.06330662524412375,0.20628386168669618,0.2059281956990969,0.24674513604376833,0.16895226945769035,0.1087839118686245
"Historical Congressional District MD-6, 33rd-37th Congress, USA",0.056506047753358,0.22107119208637785,0.20429868943675888,0.20265151768117265,0.1911992061774391,0.12427334686489358
"Historical Congressional District CA-3, 58th-62nd Congress, USA",0.05917038759179645,0.21744738003890976,0.2039406399948289,0.22262308862620953,0.1813730402686188,0.11544546347963668
"Historical Congressional District CA-23, 78th-82nd Congress, USA",0.05719030807702495,0.20292920702977413,0.18840339467394418,0.23464007753843133,0.19839451928504476,0.11844249339578065
"Historical Congressional District CA-2, 58th-62nd Congress, USA",0.0645864103159119,0.22775901122606923,0.18577587004823895,0.20520138270250282,0.1971689615468191,0.119508364160458
"Historical Congressional District NY-2, 8th Congress, USA",0.059661872924190555,0.2005210616013324,0.18613712808773927,0.24747142788725693,0.17711940683446833,0.12908910266501258
"Historical Congressional District CA-21, 78th-82nd Congress, USA",0.04528374679658637,0.1919095825134929,0.1896631702662288,0.21491122084130637,0.2211055895072713,0.13712669007511416
"Historical Congressional District TX-6, 53rd-54th Congress, USA",0.04260435952767329,0.18417625149568176,0.19131089247010638,0.22714623390148178,0.21290759628898184,0.14185466631607502
"Historical Congressional District TX-6, 55th-57th Congress, USA",0.04260435952767329,0.18417625149568176,0.19131089247010638,0.22714623390148178,0.21290759628898184,0.14185466631607502
"Historical Congressional District NY-2, 28th-32nd Congress, USA",0.05973496150711984,0.2013278983730421,0.18592242046033616,0.2459128146511004,0.1772863186678476,0.12981558634055385
"Historical Congressional District GA-7, 40th-42nd Congress, USA",0.04903011227122146,0.20284477982355476,0.20073101539559754,0.22856193832947963,0.19633969870824924,0.12249245547189751
"Historical Congressional District CA-35, 91st-92nd Congress, USA",0.06240685318605899,0.21534402614698767,0.20130136905095763,0.2087080454026357,0.19435645361344303,0.11788325259991704
"Historical Congressional District FL-5, 88th-89th Congress, USA",0.10442082637610912,0.2741489850647639,0.18052026580163616,0.1751385944991726,0.1644089739164947,0.10136235434182368
"Historical Congressional District MI-6, 64th-72nd Congress, USA",0.06322404513730791,0.23358599786917397,0.18900009041095142,0.19698826186757823,0.1978414961094859,0.11936010860550261
"Historical Congressional District FL-10, 93rd-97th Congress, USA",0.1275193586148371,0.2883890935823619,0.17222539105791868,0.16058373012018068,0.1567897405162631,0.09449268610843856
"Historical Congressional District PA-2, 8th-12th Congress, USA",0.07804511760658628,0.25610831663750183,0.19397697983517478,0.1799184264404509,0.18521327874007112,0.10673788074021497
"Historical Congressional District TX-11, 51st-52nd Congress, USA",0.056358768372332,0.192408135653929,0.17233441862949037,0.2100124875704335,0.2281748512690767,0.14071133850473844
"Historical Congressional District TX-11, 50th Congress, USA",0.05635710566932978,0.19240162322737314,0.17231457668817055,0.21002648648449368,0.2281772746477772,0.14072293328285557
"Historical Congressional District VA-8, 74th-82nd Congress, USA",0.04803705775791478,0.19932198647857186,0.21262281487080453,0.2177476357332388,0.19393744068136093,0.12833306447810913
"Historical Congressional District CA-3, 73rd-77th Congress, USA",0.05539132191179393,0.20639101379066624,0.1865273902621201,0.21672621820799334,0.20682277619369105,0.12814127963373542
"Historical Congressional District CA-3, 78th-82nd Congress, USA",0.05539132191179393,0.20639101379066624,0.1865273902621201,0.21672621820799334,0.20682277619369105,0.12814127963373542
"Historical Congressional District FL-1, 83rd-87th Congress, USA",0.08377716539732946,0.25003802835959515,0.1925770222699559,0.1978759196219947,0.16957929846550313,0.10615256588562162
"Historical Congressional District FL-4, 79th-82nd Congress, USA",0.08397486115136457,0.22801320561470823,0.20950858963492244,0.19890514536446396,0.17180776737607403,0.10779043085846698
"Historical Congressional District TX-11, 48th-49th Congress, USA",0.05628429739886503,0.1927494685197836,0.17241342295252912,0.21007898550731202,0.22795482229729747,0.14051900332421285
"Historical Congressional District TX-5, 44th-46th Congress, USA",0.0468081351229684,0.1964492089655117,0.20163760148157012,0.23565251237582246,0.19400099309291438,0.12545154896121288
"Historical Congressional District TX-5, 47th Congress, USA",0.0468081351229684,0.1964492089655117,0.20163760148157012,0.23565251237582246,0.19400099309291438,0.12545154896121288
"Historical Congressional District AZ-1, 90th-91st Congress, USA",0.06678008911478397,0.2195888204769359,0.19254195295685594,0.21263486039881446,0.19302771477993164,0.11542656227267803
"Historical Congressional District VA-7, 41st-42nd Congress, USA",0.04661466765411078,0.19725623936083633,0.21419827379260178,0.21806563243407417,0.19387177991082716,0.12999340684754976
"Historical Congressional District PA-8, 2nd Congress, USA",0.08365541073331459,0.2662633890066289,0.18181162409253618,0.18939682035122685,0.17563522388945488,0.1032375319268386
"Historical Congressional District IL-1, 43rd-47th Congress, USA",0.06267242815406468,0.22540351129892364,0.18972588453784422,0.20375597595679235,0.19820767737870157,0.12023452267367349
"Historical Congressional District WA-2, 64th-72nd Congress, USA",0.05863510833793045,0.22489061841309843,0.20019384141412308,0.2216741288149496,0.1748468220874899,0.11975948093240849
"Historical Congressional District TX-12, 53rd-54th Congress, USA",0.053044841258686956,0.1932603207756655,0.18115122242456488,0.21975481913432754,0.21320492902081117,0.13958386738594397
"Historical Congressional District TX-12, 55th-57th Congress, USA",0.053044841258686956,0.1932603207756655,0.18115122242456488,0.21975481913432754,0.21320492902081117,0.13958386738594397
"Historical Congressional District CA-8, 78th-82nd Congress, USA",0.060987999825771425,0.20798700403766476,0.20377569687644398,0.22766432399265077,0.18570500898677614,0.11387996628069293
"Historical Congressional District MI-6, 53rd-62nd Congress, USA",0.06382544395511705,0.23457247613169732,0.1901024108332378,0.19605300743691895,0.1973854827520459,0.11806117889098308
"Historical Congressional District MI-6, 63rd Congress, USA",0.06382544395511705,0.23457247613169732,0.1901024108332378,0.19605300743691895,0.1973854827520459,0.11806117889098308
"Historical Congressional District FL-9, 91st-92nd Congress, USA",0.11955811247572053,0.2635020453106485,0.1817222054598779,0.17239821109514125,0.16285299917588292,0.09996642648272878
"Historical Congressional District CA-10, 63rd-72nd Congress, USA",0.05673110029354163,0.19766805143910696,0.19859875597312548,0.25247247408989043,0.18320942085332823,0.11132019735100718
"Historical Congressional District FL-4, 91st-92nd Congress, USA",0.10621435126723772,0.2843222399357386,0.17717520882777166,0.17363900865846957,0.1606088314789071,0.09804035983187535
"Historical Congressional District TN-3, 10th Congress, USA",0.055469321272749075,0.21623418760726365,0.1919367163752033,0.21517067868135387,0.19629302572208424,0.1248960703413458
"Historical Congressional District TN-3, 9th Congress, USA",0.055469321272749075,0.21623418760726365,0.1919367163752033,0.21517067868135387,0.19629302572208424,0.1248960703413458
"Historical Congressional District MD-1, 28th Congress, USA",0.05680260947399501,0.22152697862591345,0.2032121205231922,0.20383897507362775,0.1903423484317698,0.12427696787150172
"Historical Congressional District MD-1, 29th-32nd Congress, USA",0.05680260947399501,0.22152697862591345,0.2032121205231922,0.20383897507362775,0.1903423484317698,0.12427696787150172
"Historical Congressional District NY-3, 3rd-5th Congress, USA",0.0641618496395778,0.21203082337606197,0.1963922173030948,0.20165299002088063,0.20050995101287003,0.12525216864751484
"Historical Congressional District TX-5, 58th-61st Congress, USA",0.04174318938397353,0.1820452489439042,0.19209198390656843,0.229540325385417,0.21318814738231,0.14139110499782687
"Historical Congressional District TX-5, 62nd Congress, USA",0.04174318938397353,0.1820452489439042,0.19209198390656843,0.229540325385417,0.21318814738231,0.14139110499782687
"Historical Congressional District TX-5, 63rd Congress, USA",0.04174318938397353,0.1820452489439042,0.19209198390656843,0.229540325385417,0.21318814738231,0.14139110499782687
"Historical Congressional District TX-5, 64th-65th Congress, USA",0.04174318938397353,0.1820452489439042,0.19209198390656843,0.229540325385417,0.21318814738231,0.14139110499782687
"Historical Congressional District KY-1, 2nd-6th Congress, USA",0.06514810867931337,0.23632899264626164,0.18823130282039408,0.19061670350171686,0.19776236984538914,0.121912522506925
"Historical Congressional District CA-10, 73rd-77th Congress, USA",0.05589226209656361,0.19919986908530762,0.1760158785498903,0.20356486710288896,0.2296466910401059,0.13568043212524367
