longname,PW Mean PM2.5 Pollution,Utility gas heating %,Electricity heating %,"Bottled, tank, or LP gas heating %","Fuel oil, kerosene, etc. heating %",Other fuel heating %,No heating %
"Historical Congressional District CA-1, 40th-42nd Congress, USA",10.243516973044583,0.6420588370412895,0.27619968282940927,0.026295644995004547,0.0009397617161101337,0.017105530520813605,0.03740054289737307
"Historical Congressional District CA-1, 39th Congress, USA",10.243603005055489,0.642074835443376,0.2762037925034161,0.02629117145483042,0.0009360269137477055,0.017093289847538613,0.03740088383709154
"Historical Congressional District CA-4, 43rd-47th Congress, USA",10.302468054530864,0.6435723656843496,0.27428756463966425,0.026846710620128923,0.0010093136243195058,0.017677465890950855,0.036606579540586826
"Historical Congressional District CA-4, 48th Congress, USA",10.302468054530864,0.6435723656843496,0.27428756463966425,0.026846710620128923,0.0010093136243195058,0.017677465890950855,0.036606579540586826
"Historical Congressional District CA-6, 49th-52nd Congress, USA",10.552166245782312,0.6466055721123445,0.26871274945245394,0.026499064924662263,0.0009907610104199463,0.01730407183177723,0.039887780668342275
"Historical Congressional District TX-2, 29th-31st Congress, USA",7.697797796286669,0.3490161625740382,0.6118813438799743,0.02760056981530329,0.0008971797465136599,0.004966342355129976,0.0056384016290405735
"Historical Congressional District TX-2, 32nd-36th Congress, USA",7.683396661679231,0.3493545707219259,0.6105726000148418,0.028472037505097206,0.0009201070615989104,0.005083106286822919,0.0055975784097133455
"Historical Congressional District CA-7, 53rd-57th Congress, USA",10.551056590753767,0.6433806072983832,0.2734376329909739,0.032857812463595676,0.0009126821228174612,0.023213303670680755,0.026197961453549
"Historical Congressional District CA-8, 58th-62nd Congress, USA",9.984435216765569,0.6611797472684777,0.2569283229123439,0.029966967658593937,0.0009239872623078142,0.02055711616116352,0.03044385873711288
"Historical Congressional District FL-2, 48th-57th Congress, USA",6.9971843680746995,0.044085127364099676,0.9178491891355495,0.007631896748368932,0.0016130929052062789,0.0036214783895548493,0.025199215457220807
"Historical Congressional District FL-2, 44th-47th Congress, USA",6.994698079739131,0.04004869760942237,0.9215216869176241,0.007491905341810967,0.0016504064775957126,0.0035243617637631675,0.025762941889783775
"Historical Congressional District FL-2, 58th-62nd Congress, USA",7.001153003658133,0.038053350874041394,0.9235097618059618,0.0069608652954079525,0.001629771302867131,0.0034357260672862946,0.026410524654435556
"Historical Congressional District FL-2, 63rd Congress, USA",7.001153003658133,0.038053350874041394,0.9235097618059618,0.0069608652954079525,0.001629771302867131,0.0034357260672862946,0.026410524654435556
"Historical Congressional District CA-6, 53rd-57th Congress, USA",10.530659826006826,0.6504703756054349,0.2639762352727658,0.02048845270192767,0.000849189186085456,0.01079495616622122,0.05342079106756502
"Historical Congressional District FL-4, 64th-68th Congress, USA",7.008280271185184,0.03476005086006975,0.9265970659375207,0.006278219535922322,0.0015873905823308094,0.0031400349904430937,0.02763723809371361
"Historical Congressional District FL-4, 69th-72nd Congress, USA",7.008280271185184,0.03476005086006975,0.9265970659375207,0.006278219535922322,0.0015873905823308094,0.0031400349904430937,0.02763723809371361
"Historical Congressional District FL-4, 73rd-74th Congress, USA",7.008280271185184,0.03476005086006975,0.9265970659375207,0.006278219535922322,0.0015873905823308094,0.0031400349904430937,0.02763723809371361
"Historical Congressional District CA-11, 63rd-72nd Congress, USA",9.961675163580903,0.6540230490945688,0.2659247579843952,0.028285763954589472,0.0009756217446138059,0.019807665429096757,0.030983141792735952
"Historical Congressional District IL-3, 23rd-27th Congress, USA",8.212677973259389,0.8067005243883667,0.1481041164047573,0.028715707681763958,0.001152834506770091,0.007567256352953278,0.007759560665388576
"Historical Congressional District CA-7, 58th-62nd Congress, USA",11.204609093175529,0.6469982296508138,0.27129448157254665,0.015702838510490584,0.000862241005220854,0.007608638686645522,0.05753357057428264
"Historical Congressional District TX-2, 41st-42nd Congress, USA",7.554219361989524,0.36572628298861265,0.5979726174281386,0.025803540594149917,0.0008686132861623656,0.005099757852078702,0.0045291878508578
"Historical Congressional District TX-2, 43rd Congress, USA",7.554219361989524,0.36572628298861265,0.5979726174281386,0.025803540594149917,0.0008686132861623656,0.005099757852078702,0.0045291878508578
"Historical Congressional District TX-4, 41st-42nd Congress, USA",7.644289116424542,0.29460241382602964,0.6613065436444162,0.03152680803188063,0.0009213967555374265,0.006052595793260124,0.005590241948875995
"Historical Congressional District TX-4, 43rd Congress, USA",7.644289116424542,0.29460241382602964,0.6613065436444162,0.03152680803188063,0.0009213967555374265,0.006052595793260124,0.005590241948875995
"Historical Congressional District IL-4, 28th-32nd Congress, USA",8.34330228320016,0.8182273123495708,0.14589376742560498,0.020114478326180334,0.0010277975549733284,0.006581410402521468,0.008155233941149125
"Historical Congressional District TX-3, 47th Congress, USA",7.573720838413458,0.37150536900894876,0.594923041003881,0.023633505540621345,0.000879120854071433,0.0044754693751593196,0.004583494217318177
"Historical Congressional District TX-3, 44th-46th Congress, USA",7.579479152014331,0.371049876423667,0.595424929407467,0.023564074594553643,0.0008808851915901764,0.004486325015286749,0.004593909367435338
"Historical Congressional District NY-1, 13th-16th Congress, USA",7.32003350606982,0.6745476819936219,0.08505463330938896,0.026197631826075787,0.18907675359815726,0.011943436259401204,0.013179863013354859
"Historical Congressional District NY-1, 17th Congress, USA",7.320033506069835,0.6745476819936208,0.08505463330938928,0.02619763182607584,0.189076753598158,0.011943436259401247,0.013179863013354927
"Historical Congressional District NY-1, 1st-2nd Congress, USA",7.317721134721431,0.6771703740778697,0.08146277361638214,0.02632711653032582,0.19013910383065447,0.011872018198361974,0.013028613746405772
"Historical Congressional District NY-1, 6th-7th Congress, USA",7.317721134721431,0.6771703740778697,0.08146277361638214,0.02632711653032582,0.19013910383065447,0.011872018198361974,0.013028613746405772
"Historical Congressional District FL-1, 44th-47th Congress, USA",7.285864118221549,0.059812337879377224,0.9090271985697531,0.010305866439470046,0.0009593913130636258,0.004933903473597754,0.014961302324738239
"Historical Congressional District FL-1, 48th-57th Congress, USA",7.296318558276909,0.054538113503976436,0.9141140962846562,0.010234742673755319,0.000981448873873448,0.004856063693622919,0.015275534970115611
"Historical Congressional District NY-1, 11th-12th Congress, USA",7.311848353553877,0.6655913505595711,0.08310973619053472,0.026741884143919786,0.1990683951675396,0.012125086074362712,0.013363547864072185
"Historical Congressional District NY-2, 3rd-5th Congress, USA",7.311848353553891,0.6655913505595713,0.08310973619053463,0.026741884143919734,0.19906839516753946,0.012125086074362735,0.013363547864072201
"Historical Congressional District TX-3, 41st-42nd Congress, USA",8.025727277593372,0.4188651261683385,0.5441985541694805,0.026370949968591257,0.0007712926783602457,0.0037139590107777166,0.006080118004451594
"Historical Congressional District TX-3, 43rd Congress, USA",8.025727277593372,0.4188651261683385,0.5441985541694805,0.026370949968591257,0.0007712926783602457,0.0037139590107777166,0.006080118004451594
"Historical Congressional District CA-19, 73rd-77th Congress, USA",10.47266909395511,0.701697913226785,0.23300401049398387,0.024159404013749344,0.0006413092621425124,0.015735715472995678,0.024761647530343597
"Historical Congressional District NY-1, 33rd Congress, USA",7.276461757000738,0.6770618489457529,0.0707112348409369,0.026141496946368616,0.20316644808455744,0.01132896602268549,0.011590005159698581
"Historical Congressional District NY-1, 34th-37th Congress, USA",7.276461757000738,0.6770618489457529,0.0707112348409369,0.026141496946368616,0.20316644808455744,0.01132896602268549,0.011590005159698581
"Historical Congressional District TX-1, 32nd-36th Congress, USA",7.72371052815469,0.35218423038969243,0.6039925123721032,0.031733568370374374,0.0007286283202727386,0.006844814069024401,0.004516246478532972
"Historical Congressional District TX-4, 44th-46th Congress, USA",8.024192155203412,0.40303440452811906,0.5636087202626487,0.022850906282149162,0.000691295848266774,0.003920153031282467,0.005894520047533929
"Historical Congressional District TX-4, 47th Congress, USA",8.024192155203412,0.40303440452811906,0.5636087202626487,0.022850906282149162,0.000691295848266774,0.003920153031282467,0.005894520047533929
"Historical Congressional District FL-1, 58th-62nd Congress, USA",7.27104833205078,0.049399067851040535,0.9209554732078917,0.00830109942470261,0.0010245786273202447,0.004415913119292682,0.015903867769751976
"Historical Congressional District FL-1, 63rd Congress, USA",7.27104833205078,0.049399067851040535,0.9209554732078917,0.00830109942470261,0.0010245786273202447,0.004415913119292682,0.015903867769751976
"Historical Congressional District FL-4, 75th-77th Congress, USA",6.8799418638466925,0.02770437428623474,0.9249147222480946,0.005050004537081849,0.0013148565312524573,0.0018372907101182276,0.039178751687218495
"Historical Congressional District FL-4, 78th Congress, USA",6.8799418638466925,0.02770437428623474,0.9249147222480946,0.005050004537081849,0.0013148565312524573,0.0018372907101182276,0.039178751687218495
"Historical Congressional District IL-2, 33rd-37th Congress, USA",8.487046189030501,0.8205584341445964,0.1461737833517178,0.01538419761647307,0.0010628189136635412,0.006936110265106472,0.009884655708442762
"Historical Congressional District TX-6, 44th-46th Congress, USA",7.732685914573407,0.27088499275112393,0.6873221626395692,0.028856242558491074,0.0009684218697227026,0.005661288449537565,0.00630689173155545
"Historical Congressional District TX-6, 47th Congress, USA",7.741176035993043,0.2697224569310703,0.6885066187514364,0.028786449593195238,0.0009713552901139319,0.005682661792691108,0.006330457641493247
"Historical Congressional District CA-9, 63rd-72nd Congress, USA",11.261275143868346,0.6629674646098875,0.2575484536907244,0.01586299211950515,0.0008875088580617184,0.008816594867838253,0.053916985853982725
"Historical Congressional District FL-1, 64th-68th Congress, USA",7.315306906477053,0.04762881962118459,0.9243064093471701,0.00752598224374077,0.000980332628505978,0.004189828429299766,0.015368627730098764
"Historical Congressional District FL-1, 69th-72nd Congress, USA",7.315306906477053,0.04762881962118459,0.9243064093471701,0.00752598224374077,0.000980332628505978,0.004189828429299766,0.015368627730098764
"Historical Congressional District FL-1, 73rd-74th Congress, USA",7.315306906477053,0.04762881962118459,0.9243064093471701,0.00752598224374077,0.000980332628505978,0.004189828429299766,0.015368627730098764
"Historical Congressional District TX-1, 29th-31st Congress, USA",7.680116948247646,0.35373390232132707,0.5986396704129031,0.03513356407813618,0.0007773874678574785,0.007494760907722607,0.00422071481205357
"Historical Congressional District TX-1, 48th-49th Congress, USA",8.071174961601216,0.3933196711051762,0.5743075319997738,0.02157615783531038,0.0007041514936753175,0.0037513900582876783,0.006341097507776702
"Historical Congressional District TX-1, 50th Congress, USA",8.071174961601216,0.3933196711051762,0.5743075319997738,0.02157615783531038,0.0007041514936753175,0.0037513900582876783,0.006341097507776702
"Historical Congressional District TX-1, 51st-52nd Congress, USA",8.071174961601216,0.3933196711051762,0.5743075319997738,0.02157615783531038,0.0007041514936753175,0.0037513900582876783,0.006341097507776702
"Historical Congressional District TX-8, 58th-61st Congress, USA",8.164226570607298,0.43528037260983776,0.534689692405474,0.020127632859935955,0.0007108473058410557,0.003045825154192734,0.006145629664718489
"Historical Congressional District TX-8, 62nd Congress, USA",8.164226570607298,0.43528037260983776,0.534689692405474,0.020127632859935955,0.0007108473058410557,0.003045825154192734,0.006145629664718489
"Historical Congressional District TX-8, 63rd Congress, USA",8.164226570607298,0.43528037260983776,0.534689692405474,0.020127632859935955,0.0007108473058410557,0.003045825154192734,0.006145629664718489
"Historical Congressional District TX-8, 64th-65th Congress, USA",8.164226570607298,0.43528037260983776,0.534689692405474,0.020127632859935955,0.0007108473058410557,0.003045825154192734,0.006145629664718489
"Historical Congressional District CA-2, 39th Congress, USA",8.88570499582414,0.6176747015354099,0.28380671781195776,0.051847506022982465,0.001793836685963748,0.03282240088797028,0.01205483705571583
"Historical Congressional District CA-2, 40th-42nd Congress, USA",8.885954179588921,0.6177477317257974,0.28382749077177494,0.05182980362687938,0.0017760857541733479,0.03276609750139164,0.012052790619983206
"Historical Congressional District CA-2, 43rd-47th Congress, USA",8.896142647521225,0.6201878880421549,0.28435902223942267,0.05105627004813417,0.0014453067969567625,0.030873964770608085,0.012077548102723242
"Historical Congressional District CA-2, 48th Congress, USA",8.896142647521225,0.6201878880421549,0.28435902223942267,0.05105627004813417,0.0014453067969567625,0.030873964770608085,0.012077548102723242
"Historical Congressional District FL-1, 75th-77th Congress, USA",7.372699674918514,0.041487506954622326,0.9322234786728243,0.0067069246809973,0.0010113757572473756,0.004113886607987918,0.01445682732632081
"Historical Congressional District FL-1, 78th Congress, USA",7.372699674918514,0.041487506954622326,0.9322234786728243,0.0067069246809973,0.0010113757572473756,0.004113886607987918,0.01445682732632081
"Historical Congressional District NY-1, 38th-42nd Congress, USA",7.151187802772709,0.6361400457121523,0.07176948588751605,0.02592972525404483,0.24697056728227593,0.010625964081695123,0.008564211782315801
"Historical Congressional District NY-1, 43rd Congress, USA",7.151187802772709,0.6361400457121523,0.07176948588751605,0.02592972525404483,0.24697056728227593,0.010625964081695123,0.008564211782315801
"Historical Congressional District NY-1, 44th-47th Congress, USA",7.151187802772709,0.6361400457121523,0.07176948588751605,0.02592972525404483,0.24697056728227593,0.010625964081695123,0.008564211782315801
"Historical Congressional District NY-1, 48th Congress, USA",7.151187802772709,0.6361400457121523,0.07176948588751605,0.02592972525404483,0.24697056728227593,0.010625964081695123,0.008564211782315801
"Historical Congressional District NY-1, 49th-52nd Congress, USA",7.151187802772709,0.6361400457121523,0.07176948588751605,0.02592972525404483,0.24697056728227593,0.010625964081695123,0.008564211782315801
"Historical Congressional District CA-22, 78th-82nd Congress, USA",10.450854246329971,0.6857097420681006,0.2520839630114508,0.021533353906313744,0.00047519901058065526,0.012208620518435753,0.02798912148511837
"Historical Congressional District TX-8, 66th-72nd Congress, USA",8.239505911197808,0.44313636769120834,0.5323929402694314,0.015156597582643554,0.0006444352344430785,0.0024858084203731403,0.006183850801900455
"Historical Congressional District TX-8, 73rd Congress, USA",8.239505911197808,0.44313636769120834,0.5323929402694314,0.015156597582643554,0.0006444352344430785,0.0024858084203731403,0.006183850801900455
"Historical Congressional District TX-1, 53rd-54th Congress, USA",8.19891808199892,0.4123174591204487,0.5587878630289584,0.018748512011307984,0.0007027759521131254,0.0030462124542610185,0.006397177432910721
"Historical Congressional District TX-1, 55th-57th Congress, USA",8.19891808199892,0.4123174591204487,0.5587878630289584,0.018748512011307984,0.0007027759521131254,0.0030462124542610185,0.006397177432910721
"Historical Congressional District NY-6, 1st-2nd Congress, USA",6.038988811396785,0.6372943197953002,0.1441669522167736,0.07269461439292492,0.08813062129722676,0.05258025101992425,0.005133241277850298
"Historical Congressional District FL-6, 83rd-87th Congress, USA",6.881577605328537,0.02652096291395741,0.9317260036376,0.005541864850565433,0.0011716964478602127,0.0021711407971271054,0.03286833135288976
"Historical Congressional District CA-3, 49th-52nd Congress, USA",8.642290136244588,0.6517798797644689,0.296423472585509,0.021293896715887318,0.0007254956728246408,0.0166068793311018,0.013170375930208237
"Historical Congressional District NY-1, 53rd-57th Congress, USA",7.126830548751374,0.6141598192884813,0.07340527861292141,0.026543555591085812,0.2663314141284675,0.010899791111813125,0.00866014126723069
"Historical Congressional District NY-1, 18th-22nd Congress, USA",7.12677863220609,0.6141514284493822,0.07340455194856942,0.026537921494802136,0.2663483901302894,0.010900596265957208,0.008657111710999638
"Historical Congressional District NY-1, 23rd-27th Congress, USA",7.12677863220609,0.6141514284493822,0.07340455194856942,0.026537921494802136,0.2663483901302894,0.010900596265957208,0.008657111710999638
"Historical Congressional District NY-1, 28th-32nd Congress, USA",7.12677863220609,0.6141514284493822,0.07340455194856942,0.026537921494802136,0.2663483901302894,0.010900596265957208,0.008657111710999638
"Historical Congressional District NY-1, 8th Congress, USA",7.12677863220609,0.6141514284493822,0.07340455194856942,0.026537921494802136,0.2663483901302894,0.010900596265957208,0.008657111710999638
"Historical Congressional District NY-1, 9th-10th Congress, USA",7.12677863220609,0.6141514284493822,0.07340455194856942,0.026537921494802136,0.2663483901302894,0.010900596265957208,0.008657111710999638
"Historical Congressional District TX-6, 48th-49th Congress, USA",7.909354823983737,0.3279060314405436,0.649455235003577,0.013893341913894996,0.0005630055981172688,0.003134627417781001,0.005047758626086084
"Historical Congressional District TX-6, 50th Congress, USA",7.909354823983737,0.3279060314405436,0.649455235003577,0.013893341913894996,0.0005630055981172688,0.003134627417781001,0.005047758626086084
"Historical Congressional District TX-6, 51st-52nd Congress, USA",7.909354823983737,0.3279060314405436,0.649455235003577,0.013893341913894996,0.0005630055981172688,0.003134627417781001,0.005047758626086084
"Historical Congressional District IL-1, 38th-42nd Congress, USA",8.571177469471257,0.8177808135679995,0.14874810854647297,0.013778914914032787,0.0010872173469919741,0.007472320589489304,0.011132625035013523
"Historical Congressional District FL-6, 79th-82nd Congress, USA",6.8750761433835335,0.025964316917379954,0.9327676703982093,0.005521917545858822,0.0012057376456607242,0.0022189942218172145,0.032321363271073864
"Historical Congressional District NC-4, 1st Congress, USA",6.8049078609285125,0.2909771406394454,0.5910194395154739,0.05024512861664166,0.03986611983590873,0.022560039984855146,0.005332131407675051
"Historical Congressional District NC-1, 2nd Congress, USA",6.794927028733709,0.29185645162156637,0.5898802620385466,0.04903748149864603,0.04092946092466069,0.022967386655545492,0.005328957261034938
"Historical Congressional District CA-8, 63rd-72nd Congress, USA",7.771786560961007,0.6438000061841375,0.2829626602901364,0.029805161220348462,0.0010243199015841902,0.01808858736429381,0.024319265039499674
"Historical Congressional District MI-3, 28th-32nd Congress, USA",7.030430088944132,0.7489813353228029,0.10412499725091921,0.0936401680329274,0.009542064253144298,0.038944564890680065,0.004766870249526129
"Historical Congressional District FL-5, 75th-77th Congress, USA",7.099355477507764,0.06359052385235289,0.9074458084287298,0.00971190620897119,0.0015275268521160658,0.005583643085942478,0.012140591571887469
"Historical Congressional District FL-5, 78th Congress, USA",7.099355477507764,0.06359052385235289,0.9074458084287298,0.00971190620897119,0.0015275268521160658,0.005583643085942478,0.012140591571887469
"Historical Congressional District FL-5, 79th-82nd Congress, USA",7.099355477507764,0.06359052385235289,0.9074458084287298,0.00971190620897119,0.0015275268521160658,0.005583643085942478,0.012140591571887469
"Historical Congressional District NY-2, 9th-10th Congress, USA",7.643772330193805,0.6555399235582444,0.159832757660291,0.023705500402590816,0.11518819284427728,0.02038564554565338,0.025347979988943194
"Historical Congressional District NY-3, 9th-10th Congress, USA",7.643772330193805,0.6555399235582444,0.159832757660291,0.023705500402590816,0.11518819284427728,0.02038564554565338,0.025347979988943194
"Historical Congressional District FL-5, 83rd-87th Congress, USA",7.106684203718711,0.06345901184442902,0.9080667444923757,0.00933604284142577,0.0015029532127111126,0.005502846367850372,0.012132401241208117
"Historical Congressional District CA-28, 83rd-87th Congress, USA",10.105109980838703,0.6616521748948228,0.2647610366968259,0.022046569298937932,0.0007053150769124321,0.014203145355211395,0.03663175867728952
"Historical Congressional District FL-1, 79th-82nd Congress, USA",7.412152176443027,0.046421373548211756,0.9283119295917657,0.006805035933471647,0.0010323719987113211,0.004371066053003063,0.013058222874836512
"Historical Congressional District GA-5, 29th-31st Congress, USA",7.844535381065028,0.5438710254021751,0.4131627049799391,0.0323961695872027,0.001701183456755154,0.005252006109756903,0.00361691046417124
"Historical Congressional District NY-10, 3rd-5th Congress, USA",5.918597134408167,0.6430702632665888,0.1403440511474836,0.07344971421656547,0.08251230049031043,0.05551095605608939,0.005112714822962362
"Historical Congressional District FL-6, 88th-89th Congress, USA",6.93654235862012,0.02657717900558169,0.9299185704468409,0.005234357406078894,0.0010796016722740202,0.002082642362796763,0.03510764910642763
"Historical Congressional District TX-8, 74th-82nd Congress, USA",8.316920092785066,0.4234248009215697,0.556052898510874,0.011081326744457609,0.0006288934754561433,0.0021821337369854156,0.0066299466106571215
"Historical Congressional District TX-8, 83rd-85th Congress, USA",8.316920092785066,0.4234248009215697,0.556052898510874,0.011081326744457609,0.0006288934754561433,0.0021821337369854156,0.0066299466106571215
"Historical Congressional District MN-2, 38th-42nd Congress, USA",6.5929894781623375,0.6623047646908957,0.1876748636999088,0.09617886340942736,0.015293234968742252,0.03018573698053424,0.008362536250491739
"Historical Congressional District MI-4, 33rd-37th Congress, USA",7.016997582465989,0.7489508418871965,0.10511759946586995,0.0928002657300883,0.008958364018101099,0.039422941714055484,0.004749987184688678
"Historical Congressional District TX-10, 48th-49th Congress, USA",7.565744993467484,0.32738146225348647,0.6308498554305978,0.029589337973039073,0.0007681319607859742,0.006293591616797131,0.005117620765293473
"Historical Congressional District NJ-1, 6th Congress, USA",7.279414947310111,0.7750059308278298,0.1451161026446867,0.020350249386239215,0.04361554158734899,0.0064836336276529166,0.009428541926242432
"Historical Congressional District TX-10, 50th Congress, USA",7.554280977268531,0.32901605464031114,0.6292418477248523,0.029599151589823073,0.0007754779149460347,0.006259007060228118,0.005108461069839455
"Historical Congressional District TX-10, 51st-52nd Congress, USA",7.554381665853014,0.3290393073022994,0.629250384610867,0.029574865309553704,0.0007755390433009642,0.0062510399810771665,0.005108863752901605
"Historical Congressional District VA-2, 1st-2nd Congress, USA",7.284799448114849,0.36737947352582295,0.5312433025371721,0.0615001651265318,0.007695907803805356,0.028695995720138465,0.0034851552865294818
"Historical Congressional District OH-6, 13th-17th Congress, USA",7.584388126453222,0.7528527960989754,0.16539130796176335,0.03282119203237524,0.019291714435915566,0.02448771209589167,0.005155277375078799
"Historical Congressional District AZ-1, 81st-87th Congress, USA",9.290479377765205,0.27320327592238713,0.697111970644873,0.009763189802904247,0.000564286025006262,0.010684060482148997,0.008673217122680352
"Historical Congressional District AZ-1, 88th-89th Congress, USA",9.290479377765205,0.27320327592238713,0.697111970644873,0.009763189802904247,0.000564286025006262,0.010684060482148997,0.008673217122680352
"Historical Congressional District NJ-1, 13th Congress, USA",7.232585005225494,0.7321346227100735,0.14140197309070163,0.025695951806264074,0.08205838749580072,0.009405843571029212,0.00930322132613092
"Historical Congressional District CA-3, 63rd-72nd Congress, USA",8.926843223263331,0.6380973537215452,0.3056166426150766,0.0245894397857216,0.000852980600604976,0.021148516815097846,0.009695066461953726
"Historical Congressional District NY-1, 58th-62nd Congress, USA",6.980905990081285,0.589060911059324,0.06941017609214814,0.025706451171213444,0.2994252489888667,0.01016695691579654,0.00623025577265116
"Historical Congressional District TX-7, 48th-49th Congress, USA",8.207871116133775,0.2773375140607779,0.6824975845599246,0.028536320974911895,0.000883472478182741,0.0032435493497686,0.007501558576434234
"Historical Congressional District TX-7, 50th Congress, USA",8.207871116133775,0.2773375140607779,0.6824975845599246,0.028536320974911895,0.000883472478182741,0.0032435493497686,0.007501558576434234
"Historical Congressional District TX-7, 51st-52nd Congress, USA",8.207871116133775,0.2773375140607779,0.6824975845599246,0.028536320974911895,0.000883472478182741,0.0032435493497686,0.007501558576434234
"Historical Congressional District NY-2, 1st-2nd Congress, USA",7.541461993819923,0.4972963779049069,0.1868424488356302,0.022245021432750558,0.24058779651568477,0.02243954572635337,0.030588809584674127
"Historical Congressional District MN-3, 43rd-47th Congress, USA",6.555737334316391,0.649857996807797,0.19457540217570382,0.09762265640273739,0.016552016496778073,0.032664890422982096,0.008727037694001797
"Historical Congressional District OH-5, 13th-17th Congress, USA",7.984370663737132,0.6305079530910561,0.2604986011319061,0.07318462848661926,0.011802400207030326,0.020117662984825816,0.0038887540985623813
"Historical Congressional District MA-1, 3rd Congress, USA",6.127011269550409,0.5792561446679816,0.18327181220617156,0.030175107425602688,0.19010254163309034,0.010813580711194893,0.006380813355958978
"Historical Congressional District MD-5, 38th-42nd Congress, USA",7.114851099578635,0.472806401088333,0.4304191174854852,0.0228272806001467,0.055591153827554425,0.013025158595129144,0.005330888403351598
"Historical Congressional District NY-10, 6th-7th Congress, USA",6.041519557660757,0.6923240960738939,0.13982128098040403,0.06374584061694759,0.05487772687691557,0.04427905423361673,0.004952001218222279
"Historical Congressional District WA-1, 61st-62nd Congress, USA",5.492251316327281,0.400440102860125,0.5076476264775677,0.03623139269997659,0.021375284725243582,0.02871793719469425,0.005587656042393033
"Historical Congressional District WA-1, 63rd Congress, USA",5.492251316327281,0.400440102860125,0.5076476264775677,0.03623139269997659,0.021375284725243582,0.02871793719469425,0.005587656042393033
"Historical Congressional District CO-2, 64th-67th Congress, USA",6.47365009344455,0.6974408351629543,0.2467690804903213,0.035589650712344746,0.0009521141542016651,0.014428586103022998,0.004819733377154738
"Historical Congressional District GA-4, 20th Congress, USA",7.915438342380985,0.5179612961630946,0.454340861128514,0.019352286287615306,0.0011042825122314116,0.0032654988818383137,0.003975775026706405
"Historical Congressional District CA-6, 58th-62nd Congress, USA",10.657419389850565,0.5870572127888771,0.30957030906088956,0.05235566925715658,0.001375053288361095,0.038064197949152445,0.011577557655562983
"Historical Congressional District NC-5, 1st Congress, USA",7.159080459641681,0.2868327293257358,0.6559186753467201,0.03143224967774897,0.005317065874419309,0.01672587734956249,0.0037734024258134855
"Historical Congressional District NY-3, 6th-7th Congress, USA",7.453245599856213,0.5080267848766057,0.17670826128823575,0.022066510665343892,0.24468595496486614,0.020329975072974342,0.02818251313197425
"Historical Congressional District CO-1, 53rd-57th Congress, USA",6.893996743559922,0.6909732165919461,0.2571478867042276,0.029291701408878216,0.0009651180905416109,0.01572576515994556,0.00589631204446103
"Historical Congressional District CO-1, 58th-62nd Congress, USA",6.893996743559922,0.6909732165919461,0.2571478867042276,0.029291701408878216,0.0009651180905416109,0.01572576515994556,0.00589631204446103
"Historical Congressional District CO-1, 63rd Congress, USA",6.893996743559922,0.6909732165919461,0.2571478867042276,0.029291701408878216,0.0009651180905416109,0.01572576515994556,0.00589631204446103
"Historical Congressional District CA-5, 49th-52nd Congress, USA",7.876920507210431,0.6213139188371847,0.3144987243518961,0.024023126808142076,0.0011356695837473664,0.014504225336609533,0.0245243350824203
"Historical Congressional District CO-2, 68th-88th Congress, USA",6.753602351274067,0.7001582831774672,0.24438885153580256,0.03374199686718061,0.0008585574526040813,0.01572463415140531,0.005127676815540251
"Historical Congressional District CA-2, 53rd-57th Congress, USA",9.385677301918514,0.5536679367262393,0.29624254688846585,0.08496965532798792,0.002818266350798411,0.05506264751126259,0.007238947195245915
"Historical Congressional District NJ-5, 28th Congress, USA",7.339699869122961,0.7698017427835889,0.1464417934936192,0.02150258403705213,0.04512951783427939,0.0065182151686578324,0.010606146682802516
"Historical Congressional District NJ-5, 29th Congress, USA",7.339699869122961,0.7698017427835889,0.1464417934936192,0.02150258403705213,0.04512951783427939,0.0065182151686578324,0.010606146682802516
"Historical Congressional District CA-3, 53rd-57th Congress, USA",8.334412707018243,0.6586676451167792,0.2738562969950091,0.025363109388844174,0.0028398889461853658,0.023886824775216132,0.015386234777965933
"Historical Congressional District NJ-5, 30th-32nd Congress, USA",7.3394014780543015,0.7702375121277145,0.14610489184770853,0.02153666912384719,0.0450774646843598,0.006515200494784142,0.01052826172158595
"Historical Congressional District GA-4, 33rd Congress, USA",7.991630709219039,0.5548884455570395,0.4156008116671528,0.02080172885490461,0.0010806878117800866,0.00348771333687726,0.004140612772245678
"Historical Congressional District GA-4, 34th-35th Congress, USA",7.991630709219067,0.5548884455570418,0.41560081166715057,0.02080172885490459,0.001080687811780088,0.003487713336877254,0.004140612772245681
"Historical Congressional District GA-4, 36th Congress, USA",7.991630709219067,0.5548884455570418,0.41560081166715057,0.02080172885490459,0.001080687811780088,0.003487713336877254,0.004140612772245681
"Historical Congressional District IL-3, 43rd-47th Congress, USA",8.33810363775818,0.8071404896248845,0.15793583697795005,0.013958999687198189,0.001183422728110477,0.00883227510009957,0.010948975881757235
"Historical Congressional District FL-4, 90th Congress, USA",7.1440696731728135,0.05974701640417035,0.9120736760802647,0.010208731348013193,0.0013955261604625343,0.005482190657287737,0.011092859349801523
"Historical Congressional District NY-2, 18th-22nd Congress, USA",7.5693133047890235,0.7787883038573442,0.09419338748229979,0.025154688279643768,0.07026525176968212,0.012993067992865755,0.018605300618164414
"Historical Congressional District NY-2, 23rd-27th Congress, USA",7.5693133047890235,0.7787883038573442,0.09419338748229979,0.025154688279643768,0.07026525176968212,0.012993067992865755,0.018605300618164414
"Historical Congressional District NY-1, 63rd-64th Congress, USA",6.818781869447817,0.544962932124738,0.07084567874687815,0.026170767093300382,0.3427715758109938,0.010528676331933709,0.004720369892155895
"Historical Congressional District NY-1, 65th Congress, USA",6.818781869447817,0.544962932124738,0.07084567874687815,0.026170767093300382,0.3427715758109938,0.010528676331933709,0.004720369892155895
"Historical Congressional District NY-1, 66th-67th Congress, USA",6.818781869447817,0.544962932124738,0.07084567874687815,0.026170767093300382,0.3427715758109938,0.010528676331933709,0.004720369892155895
"Historical Congressional District NY-1, 68th-72nd Congress, USA",6.818781869447817,0.544962932124738,0.07084567874687815,0.026170767093300382,0.3427715758109938,0.010528676331933709,0.004720369892155895
"Historical Congressional District NY-1, 73rd-78th Congress, USA",6.818781869447817,0.544962932124738,0.07084567874687815,0.026170767093300382,0.3427715758109938,0.010528676331933709,0.004720369892155895
"Historical Congressional District FL-9, 90th Congress, USA",6.823589692621114,0.028008381074528816,0.9363341231316287,0.005795033012396734,0.0012730060632107367,0.002317399382616758,0.026272057335618115
"Historical Congressional District GA-5, 32nd Congress, USA",7.665407301499556,0.5376899558599608,0.397479133514098,0.05132403534309632,0.002226285270520651,0.007969338475611184,0.0033112515367132115
"Historical Congressional District CA-7, 63rd-72nd Congress, USA",12.45508105448384,0.601266924638491,0.29913841919567086,0.049558695356511875,0.0014689868953302561,0.03851164202919889,0.010055331884797037
"Historical Congressional District CA-20, 73rd-77th Congress, USA",8.847276198507396,0.561014800215282,0.33484906906437534,0.034943159135175345,0.0009737895102193331,0.024135949850396698,0.04408323222455139
"Historical Congressional District CA-8, 73rd-77th Congress, USA",7.756370045035505,0.6058031918344371,0.3282658806473899,0.029368034713338386,0.0012132709600517647,0.018079205558156463,0.017270416286626362
"Historical Congressional District CA-35, 88th-90th Congress, USA",9.487679289346707,0.6403438931237753,0.27416047211429967,0.03505732475844994,0.0008256301370634413,0.019334585546150872,0.03027809432026109
"Historical Congressional District CA-5, 58th-62nd Congress, USA",7.92681376197193,0.6317585999530383,0.3158767692792749,0.018474198101845994,0.0010919693082345671,0.011005874981200255,0.02179258837640611
"Historical Congressional District CA-5, 53rd-57th Congress, USA",7.9330613037598265,0.6294732796219336,0.31719995547700286,0.01877208465579034,0.0011456275458743604,0.011501783197813052,0.021907269501585676
"Historical Congressional District MD-6, 33rd-37th Congress, USA",7.109316734842902,0.4514478744422102,0.44935485847372303,0.02342728678085418,0.05658173692754364,0.014176273427793897,0.005011969947875096
"Historical Congressional District CA-3, 58th-62nd Congress, USA",8.350624369645425,0.6792174326193454,0.26817841314405716,0.018306117003719966,0.000665900591338654,0.01728086900856508,0.0163512676329738
"Historical Congressional District CA-23, 78th-82nd Congress, USA",8.740999186512626,0.568240803093427,0.32633439772016226,0.035513878730306626,0.001001298766098262,0.0248662356463599,0.04404338604364589
"Historical Congressional District CA-2, 58th-62nd Congress, USA",8.875481518557164,0.5836962358177261,0.31106115715138155,0.0506374259556861,0.004565829340256691,0.04223898243298989,0.007800369301959644
"Historical Congressional District NY-2, 8th Congress, USA",7.634867736551371,0.7650718781320606,0.10261282852134439,0.025699562263156162,0.07304031186517604,0.013555912980177236,0.020019506238085835
"Historical Congressional District CA-21, 78th-82nd Congress, USA",9.906828430543824,0.7287382963342993,0.19969938932345122,0.029406386740433176,0.0010610148615326576,0.02375015192373471,0.017344760816548857
"Historical Congressional District TX-6, 53rd-54th Congress, USA",7.914307169480638,0.33236818584721844,0.6425005175708923,0.016432769229483876,0.0006037532053023601,0.0029225036237895065,0.005172270523313547
"Historical Congressional District TX-6, 55th-57th Congress, USA",7.914307169480638,0.33236818584721844,0.6425005175708923,0.016432769229483876,0.0006037532053023601,0.0029225036237895065,0.005172270523313547
"Historical Congressional District NY-2, 28th-32nd Congress, USA",7.632127079573736,0.773448951302733,0.0937738986185878,0.026005054619430017,0.07370869416454778,0.01335612937483714,0.0197072719198644
"Historical Congressional District GA-7, 40th-42nd Congress, USA",7.886244628835181,0.5132529520908945,0.4458297043487718,0.030212163858384298,0.001308782246842305,0.005453396096122685,0.003943001358984173
"Historical Congressional District CA-35, 91st-92nd Congress, USA",9.438311354288413,0.6407379793037644,0.27510340949585743,0.03326544094113919,0.0008893720672832256,0.01803578243437284,0.031968015757583
"Historical Congressional District FL-5, 88th-89th Congress, USA",7.164030592303358,0.06183715454323492,0.9098573092568963,0.009933163755262589,0.0014809314694968418,0.005400282242344126,0.011491158732765185
"Historical Congressional District MI-6, 64th-72nd Congress, USA",7.956400724627559,0.8421973365472546,0.11378718247976695,0.026025422189387453,0.0034743448049383355,0.009547892722181369,0.004967821256471063
"Historical Congressional District FL-10, 93rd-97th Congress, USA",6.900421860720982,0.02851793314176852,0.9374884389450383,0.007020205947937056,0.001116724884076735,0.0033413448369717567,0.02251535224420744
"Historical Congressional District PA-2, 8th-12th Congress, USA",7.041716493823504,0.4007328713994902,0.2892644600043171,0.0565918510307996,0.21063547389050674,0.03880088877033634,0.003974454904549983
"Historical Congressional District TX-11, 51st-52nd Congress, USA",6.406887850424502,0.48311513525609795,0.4638359372096119,0.03872677100824507,0.0019389125607188159,0.008469972544789709,0.003913271420536688
"Historical Congressional District TX-11, 50th Congress, USA",6.4069113795851855,0.4831680487865697,0.46382920860900434,0.03869154475893747,0.0019391410141316632,0.008458324327515145,0.003913732503841594
"Historical Congressional District VA-8, 74th-82nd Congress, USA",6.910677539307923,0.47522517981115936,0.44729751795712674,0.03819519959765063,0.022542801424525326,0.012066167579673123,0.004673133629864767
"Historical Congressional District CA-3, 73rd-77th Congress, USA",9.145317050767119,0.6239122715682086,0.31872384781565033,0.02759609842265936,0.0008915987196945605,0.020306703322645173,0.00856948015114196
"Historical Congressional District CA-3, 78th-82nd Congress, USA",9.145317050767119,0.6239122715682086,0.31872384781565033,0.02759609842265936,0.0008915987196945605,0.020306703322645173,0.00856948015114196
"Historical Congressional District FL-1, 83rd-87th Congress, USA",7.576154243841779,0.048856383287083076,0.9261178617317337,0.006794493205202999,0.0010097744336774411,0.004439560711860572,0.012781926630442026
"Historical Congressional District FL-4, 79th-82nd Congress, USA",6.9887391702966575,0.02743391835382814,0.9203093568823023,0.004651367589033886,0.001361735457016274,0.001554771310828653,0.044688850406990666
"Historical Congressional District TX-11, 48th-49th Congress, USA",6.372742655722053,0.4879063897680688,0.45896825364018085,0.0388384393498044,0.001967264918337019,0.008437271191351422,0.003882381132257463
"Historical Congressional District TX-5, 44th-46th Congress, USA",7.509111169689602,0.3961580791383512,0.548482820043336,0.043558430329175536,0.001013600875334126,0.006172593756281299,0.004614475857521868
"Historical Congressional District TX-5, 47th Congress, USA",7.509111169689602,0.3961580791383512,0.548482820043336,0.043558430329175536,0.001013600875334126,0.006172593756281299,0.004614475857521868
"Historical Congressional District AZ-1, 90th-91st Congress, USA",9.337150000182767,0.2615901534000422,0.7130333680494148,0.008959030283079494,0.0005776966257315082,0.008548394944106353,0.007291356697625524
