longname,Silent %,Boomer %,Gen X %,Millennial %,Gen Z %,Gen Alpha %
"Historical Congressional District CA-1, 40th-42nd Congress, USA",0.05677509361507899,0.20074591447050527,0.19322665189002358,0.22464094127613632,0.20237264880033534,0.12223874994792049
"Historical Congressional District CA-1, 39th Congress, USA",0.05677386887028458,0.20074479212483445,0.19322587502593852,0.22464280587863222,0.20237435812847462,0.1222382999718355
"Historical Congressional District CA-4, 48th Congress, USA",0.05644635527221753,0.20060159651788284,0.19297867582452927,0.2219133463950813,0.20459093696508054,0.12346908902520859
"Historical Congressional District CA-4, 43rd-47th Congress, USA",0.05644635527221753,0.20060159651788284,0.19297867582452927,0.2219133463950813,0.20459093696508054,0.12346908902520859
"Historical Congressional District CA-6, 49th-52nd Congress, USA",0.056090343935717414,0.20022389477724817,0.1922118607013955,0.22163987148943123,0.2059783152482182,0.12385571384798963
"Historical Congressional District TX-2, 29th-31st Congress, USA",0.046873722872989236,0.1867298507555319,0.18885255587142005,0.2173950937907584,0.219408721055827,0.1407400556534735
"Historical Congressional District TX-2, 32nd-36th Congress, USA",0.04733973019666603,0.1872374114709725,0.18852270762378437,0.2173856885599539,0.21926724730224872,0.1402472148463745
"Historical Congressional District CA-7, 53rd-57th Congress, USA",0.054056886307563376,0.1956966068874986,0.1875574813459165,0.21771259150635297,0.21319177980987794,0.13178465414279059
"Historical Congressional District CA-8, 58th-62nd Congress, USA",0.056441373616903545,0.20142114605290853,0.18851431221668122,0.21489435910034435,0.21166383452147047,0.12706497449169185
"Historical Congressional District FL-2, 48th-57th Congress, USA",0.08273591143263004,0.23997260761896425,0.1945839851698456,0.1962268792088263,0.17750894836309086,0.10897166820664304
"Historical Congressional District FL-2, 44th-47th Congress, USA",0.08021655192847936,0.23697326676441302,0.1958106260561749,0.19812275273455532,0.1789372015297186,0.10993960098665895
"Historical Congressional District FL-2, 63rd Congress, USA",0.0785491911975825,0.2346533299220679,0.19711848383525524,0.19940022438004262,0.17999417234357246,0.11028459832147933
"Historical Congressional District FL-2, 58th-62nd Congress, USA",0.0785491911975825,0.2346533299220679,0.19711848383525524,0.19940022438004262,0.17999417234357246,0.11028459832147933
"Historical Congressional District CA-6, 53rd-57th Congress, USA",0.058082452974458174,0.20518409665748144,0.19662641632680347,0.22476613402667545,0.19997618457435168,0.11536471544022982
"Historical Congressional District FL-4, 69th-72nd Congress, USA",0.07918839419348836,0.2354115913951211,0.19852873808648122,0.19919574370429174,0.1774022855448818,0.11027324707573578
"Historical Congressional District FL-4, 73rd-74th Congress, USA",0.07918839419348836,0.2354115913951211,0.19852873808648122,0.19919574370429174,0.1774022855448818,0.11027324707573578
"Historical Congressional District FL-4, 64th-68th Congress, USA",0.07918839419348836,0.2354115913951211,0.19852873808648122,0.19919574370429174,0.1774022855448818,0.11027324707573578
"Historical Congressional District CA-11, 63rd-72nd Congress, USA",0.056577484468315634,0.20208466530373823,0.19178924820466642,0.21785033397549033,0.2069201817200917,0.12477808632769767
"Historical Congressional District IL-3, 23rd-27th Congress, USA",0.062473121061023526,0.22117625148088704,0.1933137561852256,0.2069251978436059,0.19630916155222009,0.1198025118770379
"Historical Congressional District CA-7, 58th-62nd Congress, USA",0.056720893128798806,0.2017200240438762,0.20034785446503142,0.2320587766029663,0.19436916694802966,0.11478328481129757
"Historical Congressional District TX-2, 41st-42nd Congress, USA",0.047099980035130266,0.19259860779699953,0.19527789476562554,0.214306591291311,0.2141040740568519,0.13661285205408186
"Historical Congressional District TX-2, 43rd Congress, USA",0.047099980035130266,0.19259860779699953,0.19527789476562554,0.214306591291311,0.2141040740568519,0.13661285205408186
"Historical Congressional District TX-4, 43rd Congress, USA",0.050060321921814005,0.18391269414903216,0.18477352902705316,0.2203865111790094,0.22002298864513883,0.14084395507795236
"Historical Congressional District TX-4, 41st-42nd Congress, USA",0.050060321921814005,0.18391269414903216,0.18477352902705316,0.2203865111790094,0.22002298864513883,0.14084395507795236
"Historical Congressional District IL-4, 28th-32nd Congress, USA",0.059060973109801136,0.21521267117764972,0.19417302414591595,0.21133418287567798,0.2007272617857248,0.11949188690523038
"Historical Congressional District TX-3, 47th Congress, USA",0.04575791710102263,0.1902090746920171,0.19626101692911133,0.21588252997075275,0.21492981879794829,0.13695964250914802
"Historical Congressional District TX-3, 44th-46th Congress, USA",0.04572445661178132,0.19023559446179644,0.19621155248286073,0.215847391126531,0.21495663199783135,0.13702437331919912
"Historical Congressional District NY-1, 17th Congress, USA",0.0666678087170449,0.22342174809404342,0.19536926013924502,0.21808331062194525,0.17830409239155534,0.11815378003616599
"Historical Congressional District NY-1, 13th-16th Congress, USA",0.0666678087170449,0.22342174809404342,0.19536926013924502,0.21808331062194525,0.17830409239155534,0.11815378003616599
"Historical Congressional District NY-1, 6th-7th Congress, USA",0.06681645827763245,0.22388484727693608,0.19525191168692377,0.21727391383956965,0.17842757222700695,0.11834529669193102
"Historical Congressional District NY-1, 1st-2nd Congress, USA",0.06681645827763245,0.22388484727693608,0.19525191168692377,0.21727391383956965,0.17842757222700695,0.11834529669193102
"Historical Congressional District FL-1, 44th-47th Congress, USA",0.10286939444409257,0.2702170599388119,0.17835641979764053,0.17997776579894342,0.16793246265167028,0.10064689736884125
"Historical Congressional District FL-1, 48th-57th Congress, USA",0.09979015253138103,0.2668601315523951,0.17953932890118773,0.18224089160410453,0.16976858525691982,0.1018009101540118
"Historical Congressional District NY-2, 3rd-5th Congress, USA",0.0669396476046456,0.22301737340813893,0.19480586603363145,0.21876921616240602,0.17791255308432927,0.11855534370684873
"Historical Congressional District NY-1, 11th-12th Congress, USA",0.0669396476046456,0.22301737340813893,0.19480586603363145,0.21876921616240602,0.17791255308432927,0.11855534370684873
"Historical Congressional District TX-3, 41st-42nd Congress, USA",0.04282476953473482,0.18711452002857268,0.19410708423563744,0.21779468430978002,0.21730756803962722,0.14085137385164784
"Historical Congressional District TX-3, 43rd Congress, USA",0.04282476953473482,0.18711452002857268,0.19410708423563744,0.21779468430978002,0.21730756803962722,0.14085137385164784
"Historical Congressional District CA-19, 73rd-77th Congress, USA",0.05628779598428419,0.20198388927332273,0.19380982800884375,0.2109795970665627,0.21002702094245992,0.1269118687245268
"Historical Congressional District NY-1, 33rd Congress, USA",0.0693648199799222,0.2317339923111442,0.19634986049228745,0.20619263088135192,0.179983116333854,0.11637558000144003
"Historical Congressional District NY-1, 34th-37th Congress, USA",0.0693648199799222,0.2317339923111442,0.19634986049228745,0.20619263088135192,0.179983116333854,0.11637558000144003
"Historical Congressional District TX-1, 32nd-36th Congress, USA",0.05025004820861469,0.1996617370127217,0.19732848316362703,0.2111190654671785,0.20763903580676352,0.13400163034109455
"Historical Congressional District TX-4, 44th-46th Congress, USA",0.04138766560779758,0.18216099131281752,0.1926855690050373,0.22132787734055678,0.2200646814920228,0.1423732152417681
"Historical Congressional District TX-4, 47th Congress, USA",0.04138766560779758,0.18216099131281752,0.1926855690050373,0.22132787734055678,0.2200646814920228,0.1423732152417681
"Historical Congressional District FL-1, 63rd Congress, USA",0.11209237047886368,0.27888920130290706,0.17717896127903873,0.17418864423578612,0.1594243242537563,0.09822649844964802
"Historical Congressional District FL-1, 58th-62nd Congress, USA",0.11209237047886368,0.27888920130290706,0.17717896127903873,0.17418864423578612,0.1594243242537563,0.09822649844964802
"Historical Congressional District FL-4, 75th-77th Congress, USA",0.09187366388373891,0.2404170256628487,0.20048500889485943,0.1904354231679309,0.17038037063694125,0.10640850775368077
"Historical Congressional District FL-4, 78th Congress, USA",0.09187366388373891,0.2404170256628487,0.20048500889485943,0.1904354231679309,0.17038037063694125,0.10640850775368077
"Historical Congressional District IL-2, 33rd-37th Congress, USA",0.06080426295187733,0.21509961186640766,0.19187535457065436,0.22161422680901793,0.19141291907571867,0.11919362472632408
"Historical Congressional District TX-6, 44th-46th Congress, USA",0.05248567228840488,0.18381000161733402,0.17950415061538025,0.20975003364028982,0.2284253476640857,0.14602479417450542
"Historical Congressional District TX-6, 47th Congress, USA",0.05247558964081785,0.18381254331110705,0.17935284940405885,0.2096720314015071,0.22852990068533693,0.1461570855571722
"Historical Congressional District CA-9, 63rd-72nd Congress, USA",0.0567165412086335,0.20344762046592874,0.20109359896806156,0.22335520573040735,0.1991272290833779,0.1162598045435909
"Historical Congressional District FL-1, 73rd-74th Congress, USA",0.11181213522921706,0.27761543036082137,0.17761574179597844,0.17475866757003938,0.15984100720134983,0.09835701784259378
"Historical Congressional District FL-1, 69th-72nd Congress, USA",0.11181213522921706,0.27761543036082137,0.17761574179597844,0.17475866757003938,0.15984100720134983,0.09835701784259378
"Historical Congressional District FL-1, 64th-68th Congress, USA",0.11181213522921706,0.27761543036082137,0.17761574179597844,0.17475866757003938,0.15984100720134983,0.09835701784259378
"Historical Congressional District TX-1, 29th-31st Congress, USA",0.052321136703967125,0.20336569894323234,0.19756286464498218,0.21010582020328825,0.2053288919246548,0.1313155875798755
"Historical Congressional District TX-1, 48th-49th Congress, USA",0.04222987721016201,0.18442449966829141,0.19187338322602582,0.22311575722272792,0.21688594353541918,0.14147053913737365
"Historical Congressional District TX-1, 51st-52nd Congress, USA",0.04222987721016201,0.18442449966829141,0.19187338322602582,0.22311575722272792,0.21688594353541918,0.14147053913737365
"Historical Congressional District TX-1, 50th Congress, USA",0.04222987721016201,0.18442449966829141,0.19187338322602582,0.22311575722272792,0.21688594353541918,0.14147053913737365
"Historical Congressional District TX-8, 64th-65th Congress, USA",0.03975862287159325,0.1823820474101774,0.19776952473419102,0.22265144368649561,0.21416623274095842,0.14327212855658436
"Historical Congressional District TX-8, 58th-61st Congress, USA",0.03975862287159325,0.1823820474101774,0.19776952473419102,0.22265144368649561,0.21416623274095842,0.14327212855658436
"Historical Congressional District TX-8, 63rd Congress, USA",0.03975862287159325,0.1823820474101774,0.19776952473419102,0.22265144368649561,0.21416623274095842,0.14327212855658436
"Historical Congressional District TX-8, 62nd Congress, USA",0.03975862287159325,0.1823820474101774,0.19776952473419102,0.22265144368649561,0.21416623274095842,0.14327212855658436
"Historical Congressional District CA-2, 39th Congress, USA",0.06100587887079706,0.2197823265188442,0.1967438438369622,0.21522214986433802,0.1871424192724233,0.12010338163663507
"Historical Congressional District CA-2, 40th-42nd Congress, USA",0.0610001966157868,0.21977907473801683,0.1967403470653756,0.21523041667991852,0.18714914688743897,0.12010081801346327
"Historical Congressional District CA-2, 43rd-47th Congress, USA",0.06095587596555918,0.21949079622267223,0.1968313321659752,0.21536357206836892,0.1872267545065691,0.12013166907085532
"Historical Congressional District CA-2, 48th Congress, USA",0.06095587596555918,0.21949079622267223,0.1968313321659752,0.21536357206836892,0.1872267545065691,0.12013166907085532
"Historical Congressional District FL-1, 78th Congress, USA",0.10400638034629685,0.26975025464903124,0.18095033224317345,0.1808008235157026,0.163553803242604,0.10093840600319184
"Historical Congressional District FL-1, 75th-77th Congress, USA",0.10400638034629685,0.26975025464903124,0.18095033224317345,0.1808008235157026,0.163553803242604,0.10093840600319184
"Historical Congressional District NY-1, 44th-47th Congress, USA",0.0705630883239436,0.23756140762262912,0.20102917234303438,0.19936501647068508,0.17977105584453607,0.11171025939517165
"Historical Congressional District NY-1, 48th Congress, USA",0.0705630883239436,0.23756140762262912,0.20102917234303438,0.19936501647068508,0.17977105584453607,0.11171025939517165
"Historical Congressional District NY-1, 43rd Congress, USA",0.0705630883239436,0.23756140762262912,0.20102917234303438,0.19936501647068508,0.17977105584453607,0.11171025939517165
"Historical Congressional District NY-1, 49th-52nd Congress, USA",0.0705630883239436,0.23756140762262912,0.20102917234303438,0.19936501647068508,0.17977105584453607,0.11171025939517165
"Historical Congressional District NY-1, 38th-42nd Congress, USA",0.0705630883239436,0.23756140762262912,0.20102917234303438,0.19936501647068508,0.17977105584453607,0.11171025939517165
"Historical Congressional District CA-22, 78th-82nd Congress, USA",0.06113606554110798,0.20731311238452566,0.19639130718841394,0.20736813673385537,0.20559538766006794,0.12219599049202913
"Historical Congressional District TX-8, 66th-72nd Congress, USA",0.03828416419590153,0.1787274985062156,0.19707705769670272,0.22657363255415502,0.21452892701772763,0.14480872002929734
"Historical Congressional District TX-8, 73rd Congress, USA",0.03828416419590153,0.1787274985062156,0.19707705769670272,0.22657363255415502,0.21452892701772763,0.14480872002929734
"Historical Congressional District TX-1, 55th-57th Congress, USA",0.04026692996744446,0.18097187524047575,0.19459638276673394,0.22673508776555923,0.21375067364558012,0.1436790506142065
"Historical Congressional District TX-1, 53rd-54th Congress, USA",0.04026692996744446,0.18097187524047575,0.19459638276673394,0.22673508776555923,0.21375067364558012,0.1436790506142065
"Historical Congressional District NY-6, 1st-2nd Congress, USA",0.07441519048356762,0.2516766868930178,0.1793287806660495,0.1876650921310471,0.19828532652164438,0.10862892330467348
"Historical Congressional District FL-6, 83rd-87th Congress, USA",0.10896678680289211,0.2640550048418748,0.18615860829964656,0.17598467830675035,0.16395026454405467,0.10088465720478156
"Historical Congressional District CA-3, 49th-52nd Congress, USA",0.059316209706782794,0.2161221646134807,0.1986330081030719,0.21907452917855016,0.1887044343365044,0.11814965406160997
"Historical Congressional District NY-1, 53rd-57th Congress, USA",0.07109745704674153,0.23752155212764442,0.20089139607416004,0.1999660308195804,0.17911586072331195,0.11140770320856161
"Historical Congressional District NY-1, 18th-22nd Congress, USA",0.07109785009973783,0.2375225201727173,0.200892415204237,0.1999591624950314,0.17911756105471904,0.11141049097355724
"Historical Congressional District NY-1, 28th-32nd Congress, USA",0.07109785009973783,0.2375225201727173,0.200892415204237,0.1999591624950314,0.17911756105471904,0.11141049097355724
"Historical Congressional District NY-1, 8th Congress, USA",0.07109785009973783,0.2375225201727173,0.200892415204237,0.1999591624950314,0.17911756105471904,0.11141049097355724
"Historical Congressional District NY-1, 9th-10th Congress, USA",0.07109785009973783,0.2375225201727173,0.200892415204237,0.1999591624950314,0.17911756105471904,0.11141049097355724
"Historical Congressional District NY-1, 23rd-27th Congress, USA",0.07109785009973783,0.2375225201727173,0.200892415204237,0.1999591624950314,0.17911756105471904,0.11141049097355724
"Historical Congressional District TX-6, 51st-52nd Congress, USA",0.042236985565293025,0.1847892459018557,0.19338612883691533,0.22423309106848194,0.2144305166950325,0.14092403193242162
"Historical Congressional District TX-6, 50th Congress, USA",0.042236985565293025,0.1847892459018557,0.19338612883691533,0.22423309106848194,0.2144305166950325,0.14092403193242162
"Historical Congressional District TX-6, 48th-49th Congress, USA",0.042236985565293025,0.1847892459018557,0.19338612883691533,0.22423309106848194,0.2144305166950325,0.14092403193242162
"Historical Congressional District IL-1, 38th-42nd Congress, USA",0.060528215321590986,0.21045390141273967,0.19070746278043527,0.23271214686085057,0.18735920346835708,0.1182390701560263
"Historical Congressional District FL-6, 79th-82nd Congress, USA",0.10516457519436348,0.2615818941553484,0.1877890299912928,0.17847439741275944,0.16505006734208502,0.10194003590415092
"Historical Congressional District NC-4, 1st Congress, USA",0.06559151939308329,0.2326752612838509,0.19981615672834,0.19375115264908818,0.19244172471649554,0.11572418522914207
"Historical Congressional District NC-1, 2nd Congress, USA",0.06570487997411525,0.2328875987400178,0.19996549788709084,0.19372118298910251,0.19214038346170298,0.11558045694797069
"Historical Congressional District CA-8, 63rd-72nd Congress, USA",0.062448749665571325,0.2117600620884741,0.19434200682175967,0.21451585320324026,0.20034642979175524,0.11658689842919945
"Historical Congressional District MI-3, 28th-32nd Congress, USA",0.0734340240468049,0.2586372209398117,0.18782156932784638,0.18400545387959766,0.18811638068568723,0.10798535112025222
"Historical Congressional District FL-5, 79th-82nd Congress, USA",0.0864726909334033,0.25429782403200896,0.18675926501852572,0.19117547450176675,0.17579676297618174,0.10549798253811332
"Historical Congressional District FL-5, 78th Congress, USA",0.0864726909334033,0.25429782403200896,0.18675926501852572,0.19117547450176675,0.17579676297618174,0.10549798253811332
"Historical Congressional District FL-5, 75th-77th Congress, USA",0.0864726909334033,0.25429782403200896,0.18675926501852572,0.19117547450176675,0.17579676297618174,0.10549798253811332
"Historical Congressional District NY-2, 9th-10th Congress, USA",0.06502858954532557,0.20373066483349533,0.18688278591235516,0.2629307390977224,0.16714775934467593,0.1142794612664255
"Historical Congressional District NY-3, 9th-10th Congress, USA",0.06502858954532557,0.20373066483349533,0.18688278591235516,0.2629307390977224,0.16714775934467593,0.1142794612664255
"Historical Congressional District FL-5, 83rd-87th Congress, USA",0.08639822141761759,0.2537085811059721,0.18707930066545936,0.19156567283630832,0.17594745417719457,0.10530076979744785
"Historical Congressional District CA-28, 83rd-87th Congress, USA",0.061689978859153644,0.21315179206013005,0.19971145635680357,0.21143831253752365,0.19541398797004306,0.11859447221634609
"Historical Congressional District FL-1, 79th-82nd Congress, USA",0.09758078197545784,0.26153611105814933,0.18443024276072065,0.18596728805924742,0.16685066133650972,0.10363491480991513
"Historical Congressional District GA-5, 29th-31st Congress, USA",0.04614721040206193,0.20163323166990807,0.20929409597877746,0.21527418741942458,0.20217162597053664,0.12547964855929122
"Historical Congressional District NY-10, 3rd-5th Congress, USA",0.07479846612237241,0.2523032946885737,0.17789922703094935,0.18740051215606215,0.19821503675621335,0.10938346324582897
"Historical Congressional District FL-6, 88th-89th Congress, USA",0.10491842752961147,0.2564059625068983,0.18947415019398656,0.17988049502480036,0.16643785211163203,0.10288311263307127
"Historical Congressional District TX-8, 83rd-85th Congress, USA",0.03829905443566503,0.1757347808036524,0.19354693335410506,0.23321840252874157,0.21349058049073236,0.14571024838710347
"Historical Congressional District TX-8, 74th-82nd Congress, USA",0.03829905443566503,0.1757347808036524,0.19354693335410506,0.23321840252874157,0.21349058049073236,0.14571024838710347
"Historical Congressional District MN-2, 38th-42nd Congress, USA",0.06284156789612118,0.22924551162694495,0.18401188686075928,0.2058177853367856,0.1917250465194563,0.1263582017599326
"Historical Congressional District MI-4, 33rd-37th Congress, USA",0.07394520041390286,0.2585935686114454,0.18671244587078636,0.18414468491133792,0.1888552385378731,0.10774886165465454
"Historical Congressional District TX-10, 48th-49th Congress, USA",0.04798981017715231,0.19047940805972402,0.1945671183363985,0.23524927115836797,0.202773550286636,0.12894084198172132
"Historical Congressional District NJ-1, 6th Congress, USA",0.061269665181780855,0.21312477297626592,0.20512069306808656,0.21107198509131064,0.1874145392710877,0.12199834441146822
"Historical Congressional District TX-10, 50th Congress, USA",0.047850141691106435,0.19070080361798325,0.19487265936377954,0.2355541973193087,0.20234853233618802,0.1286736656716342
"Historical Congressional District TX-10, 51st-52nd Congress, USA",0.04784829647307004,0.19069607123108895,0.19486042965775327,0.2355660957070724,0.20234820536791598,0.12868090156309916
"Historical Congressional District VA-2, 1st-2nd Congress, USA",0.06332290390637951,0.23437491730239934,0.18932377282560672,0.1924402519751417,0.1980736122369848,0.12246454175348795
"Historical Congressional District OH-6, 13th-17th Congress, USA",0.07746309721105457,0.2560749791824296,0.18452543492673626,0.18278087931762435,0.18670508908919647,0.11245052027295871
"Historical Congressional District AZ-1, 81st-87th Congress, USA",0.06215283709006211,0.2061975377279557,0.19029026929468998,0.21190739299860367,0.20411816670963864,0.12533379617904986
"Historical Congressional District AZ-1, 88th-89th Congress, USA",0.06215283709006211,0.2061975377279557,0.19029026929468998,0.21190739299860367,0.20411816670963864,0.12533379617904986
"Historical Congressional District NJ-1, 13th Congress, USA",0.06313800772504985,0.21904760488200556,0.20579849434629818,0.20605645899802613,0.18620614750006256,0.11975328654855766
"Historical Congressional District CA-3, 63rd-72nd Congress, USA",0.05771036803751572,0.21197273674421455,0.19235057044194662,0.21052467098114586,0.20235695257410696,0.12508470122107035
"Historical Congressional District NY-1, 58th-62nd Congress, USA",0.073704000880268,0.24548222731580888,0.19987895720400414,0.18409997185011723,0.18484865574471068,0.11198618700509105
"Historical Congressional District TX-7, 48th-49th Congress, USA",0.04935247253563452,0.1833022027899803,0.18824935676671883,0.19780949111390497,0.22982450536598364,0.1514619714277777
"Historical Congressional District TX-7, 51st-52nd Congress, USA",0.04935247253563452,0.1833022027899803,0.18824935676671883,0.19780949111390497,0.22982450536598364,0.1514619714277777
"Historical Congressional District TX-7, 50th Congress, USA",0.04935247253563452,0.1833022027899803,0.18824935676671883,0.19780949111390497,0.22982450536598364,0.1514619714277777
"Historical Congressional District NY-2, 1st-2nd Congress, USA",0.06789885652381107,0.20519181533286493,0.19240656581809168,0.24359435632736207,0.18062443938671202,0.11028396661115816
"Historical Congressional District MN-3, 43rd-47th Congress, USA",0.06311803843132888,0.22905841481025568,0.18249340392053234,0.20791900713995942,0.19183283808945006,0.1255782976084737
"Historical Congressional District OH-5, 13th-17th Congress, USA",0.06165007887862262,0.2230993951178014,0.18645914771005587,0.205484406185525,0.19775319368581631,0.12555377842217885
"Historical Congressional District MA-1, 3rd Congress, USA",0.06347223666013137,0.21991518960968848,0.19158444178553047,0.22606650224556205,0.19351275436840673,0.10544887533068088
"Historical Congressional District MD-5, 38th-42nd Congress, USA",0.0589657364869162,0.22330509043909133,0.20049564422351657,0.2031765201612301,0.19013368106131248,0.1239233276279334
"Historical Congressional District NY-10, 6th-7th Congress, USA",0.07508072717100224,0.2526291863602564,0.17759686204748457,0.18867351938010127,0.19783615164739543,0.10818355339376007
"Historical Congressional District WA-1, 63rd Congress, USA",0.05481507684953686,0.21459968773990856,0.19780533740967735,0.24271418600317485,0.17555856777198714,0.11450714422571515
"Historical Congressional District WA-1, 61st-62nd Congress, USA",0.05481507684953686,0.21459968773990856,0.19780533740967735,0.24271418600317485,0.17555856777198714,0.11450714422571515
"Historical Congressional District CO-2, 64th-67th Congress, USA",0.04795320113843004,0.19984148052243447,0.19411773472542615,0.223374639854174,0.20921127510899998,0.12550166865053547
"Historical Congressional District GA-4, 20th Congress, USA",0.04328940026756402,0.19274752252096816,0.20052045328814805,0.22375019478670014,0.21246907495112455,0.12722335418549502
"Historical Congressional District CA-6, 58th-62nd Congress, USA",0.05046346220442574,0.1880024609873628,0.1788680929086932,0.21098716674933649,0.22808127778672388,0.1435975393634579
"Historical Congressional District NC-5, 1st Congress, USA",0.06311984289569966,0.22980287536166458,0.19210896465631924,0.2073259303800624,0.1911080194134135,0.11653436729284063
"Historical Congressional District NY-3, 6th-7th Congress, USA",0.06897958894939475,0.20996357294925652,0.19083511334909212,0.22334717633445217,0.18913255385391378,0.11774199456389056
"Historical Congressional District CO-1, 63rd Congress, USA",0.04988016514062886,0.20370766223366696,0.19219221197129338,0.24323698229640922,0.1942954448987564,0.11668753345924522
"Historical Congressional District CO-1, 58th-62nd Congress, USA",0.04988016514062886,0.20370766223366696,0.19219221197129338,0.24323698229640922,0.1942954448987564,0.11668753345924522
"Historical Congressional District CO-1, 53rd-57th Congress, USA",0.04988016514062886,0.20370766223366696,0.19219221197129338,0.24323698229640922,0.1942954448987564,0.11668753345924522
"Historical Congressional District CA-5, 49th-52nd Congress, USA",0.06218098361984774,0.20889023889650904,0.204519148010802,0.24236412969584464,0.17422196382740193,0.10782353594959464
"Historical Congressional District CO-2, 68th-88th Congress, USA",0.050459666324604094,0.2082322504215545,0.1971476231480438,0.22338442654156637,0.20025303233323616,0.12052300123099521
"Historical Congressional District CA-2, 53rd-57th Congress, USA",0.0632671011842259,0.2240367893869076,0.1851823341138861,0.2063530596266818,0.19607412372275762,0.12508659196554095
"Historical Congressional District NJ-5, 28th Congress, USA",0.0610904741736025,0.2112026691439527,0.20446647878511565,0.21387637803989215,0.18610816539173847,0.12325583446569857
"Historical Congressional District NJ-5, 29th Congress, USA",0.0610904741736025,0.2112026691439527,0.20446647878511565,0.21387637803989215,0.18610816539173847,0.12325583446569857
"Historical Congressional District CA-3, 53rd-57th Congress, USA",0.059191917579509395,0.2165666001072065,0.20031919251302818,0.2198095765366029,0.18846902667902096,0.115643686584632
"Historical Congressional District NJ-5, 30th-32nd Congress, USA",0.061094443176077824,0.21121362376477018,0.20449465403258257,0.21369065334541648,0.1862567878171866,0.12324983786396634
"Historical Congressional District GA-4, 34th-35th Congress, USA",0.0453255910398448,0.19795381039310678,0.20208187125993576,0.22769070611706416,0.20190628520612253,0.1250417359839259
"Historical Congressional District GA-4, 36th Congress, USA",0.0453255910398448,0.19795381039310678,0.20208187125993576,0.22769070611706416,0.20190628520612253,0.1250417359839259
"Historical Congressional District GA-4, 33rd Congress, USA",0.0453255910398448,0.19795381039310678,0.20208187125993576,0.22769070611706416,0.20190628520612253,0.1250417359839259
"Historical Congressional District IL-3, 43rd-47th Congress, USA",0.0602483857632846,0.21216711148067058,0.1967087776402532,0.22495871786114377,0.18701162457401305,0.11890538268063476
"Historical Congressional District FL-4, 90th Congress, USA",0.10297728932821928,0.2757635473255453,0.18228982067972976,0.17265738271270592,0.16503933780040586,0.10127262215339392
"Historical Congressional District NY-2, 18th-22nd Congress, USA",0.06058763448243928,0.20192470367222418,0.18462310455116993,0.2389745895909494,0.1813029792342688,0.13258698846894848
"Historical Congressional District NY-2, 23rd-27th Congress, USA",0.06058763448243928,0.20192470367222418,0.18462310455116993,0.2389745895909494,0.1813029792342688,0.13258698846894848
"Historical Congressional District NY-1, 73rd-78th Congress, USA",0.07656038351402476,0.2490650341787425,0.20077519966386018,0.17850885668990796,0.18535809666191472,0.10973242929154993
"Historical Congressional District NY-1, 66th-67th Congress, USA",0.07656038351402476,0.2490650341787425,0.20077519966386018,0.17850885668990796,0.18535809666191472,0.10973242929154993
"Historical Congressional District NY-1, 65th Congress, USA",0.07656038351402476,0.2490650341787425,0.20077519966386018,0.17850885668990796,0.18535809666191472,0.10973242929154993
"Historical Congressional District NY-1, 63rd-64th Congress, USA",0.07656038351402476,0.2490650341787425,0.20077519966386018,0.17850885668990796,0.18535809666191472,0.10973242929154993
"Historical Congressional District NY-1, 68th-72nd Congress, USA",0.07656038351402476,0.2490650341787425,0.20077519966386018,0.17850885668990796,0.18535809666191472,0.10973242929154993
"Historical Congressional District FL-9, 90th Congress, USA",0.12949769102308262,0.28157441980596726,0.1743583415464743,0.1629835977775886,0.15661889816817437,0.09496705167871274
"Historical Congressional District GA-5, 32nd Congress, USA",0.04727104667683278,0.20900629126561748,0.21557311744826502,0.19465189648540449,0.20705065709676584,0.1264469910271143
"Historical Congressional District CA-7, 63rd-72nd Congress, USA",0.046323578515170306,0.17599495598409023,0.1739699598501872,0.21694718623022605,0.232732817165556,0.15403150225477016
"Historical Congressional District CA-20, 73rd-77th Congress, USA",0.05700545082200427,0.20159047197626484,0.1873727838627653,0.23352772502029331,0.2003827473882002,0.12012082093047217
"Historical Congressional District CA-8, 73rd-77th Congress, USA",0.060197522284065046,0.2061624971581144,0.2011830358634245,0.22510943462830393,0.19006502339570922,0.11728248667038292
"Historical Congressional District CA-35, 88th-90th Congress, USA",0.06229963745127607,0.2164333911079134,0.20085672536783475,0.2069256562668056,0.1948815596773101,0.11860303012886009
"Historical Congressional District CA-5, 58th-62nd Congress, USA",0.06257048404090147,0.20699583043188519,0.2066249362779046,0.2439726882413765,0.1703410504048342,0.10949501060309803
"Historical Congressional District CA-5, 53rd-57th Congress, USA",0.06330662524412346,0.20628386168669796,0.2059281956990964,0.24674513604376713,0.16895226945769004,0.10878391186862497
"Historical Congressional District MD-6, 33rd-37th Congress, USA",0.05650604775335793,0.22107119208637835,0.2042986894367595,0.2026515176811726,0.191199206177439,0.12427334686489264
"Historical Congressional District CA-3, 58th-62nd Congress, USA",0.05917038759179634,0.21744738003890982,0.20394063999482956,0.2226230886262096,0.18137304026861828,0.1154454634796364
"Historical Congressional District CA-23, 78th-82nd Congress, USA",0.0571903080770255,0.20292920702977207,0.18840339467394512,0.23464007753843205,0.19839451928504442,0.11844249339578095
"Historical Congressional District CA-2, 58th-62nd Congress, USA",0.06458641031591209,0.2277590112260675,0.18577587004824078,0.2052013827025006,0.19716896154682126,0.11950836416045794
"Historical Congressional District NY-2, 8th Congress, USA",0.059661872924190666,0.20052106160133246,0.18613712808773886,0.24747142788725673,0.17711940683446842,0.12908910266501292
"Historical Congressional District CA-21, 78th-82nd Congress, USA",0.045283746796586456,0.19190958251349435,0.18966317026622548,0.21491122084130698,0.22110558950726958,0.13712669007511716
"Historical Congressional District TX-6, 55th-57th Congress, USA",0.04260435952767337,0.18417625149568267,0.191310892470106,0.2271462339014829,0.21290759628897946,0.1418546663160756
"Historical Congressional District TX-6, 53rd-54th Congress, USA",0.04260435952767337,0.18417625149568267,0.191310892470106,0.2271462339014829,0.21290759628897946,0.1418546663160756
"Historical Congressional District NY-2, 28th-32nd Congress, USA",0.059734961507119974,0.20132789837304232,0.18592242046033572,0.2459128146511001,0.17728631866784772,0.12981558634055415
"Historical Congressional District GA-7, 40th-42nd Congress, USA",0.04903011227122105,0.20284477982355517,0.20073101539559773,0.22856193832948,0.19633969870824827,0.12249245547189792
"Historical Congressional District CA-35, 91st-92nd Congress, USA",0.06240685318605894,0.2153440261469859,0.2013013690509584,0.20870804540263652,0.1943564536134434,0.11788325259991694
"Historical Congressional District FL-5, 88th-89th Congress, USA",0.10442082637610818,0.2741489850647671,0.1805202658016354,0.17513859449917069,0.16440897391649503,0.1013623543418236
"Historical Congressional District MI-6, 64th-72nd Congress, USA",0.06322404513730792,0.23358599786917542,0.18900009041094998,0.19698826186757937,0.19784149610948515,0.11936010860550232
"Historical Congressional District FL-10, 93rd-97th Congress, USA",0.12751935861483746,0.2883890935823635,0.1722253910579182,0.16058373012017887,0.15678974051626485,0.09449268610843717
"Historical Congressional District PA-2, 8th-12th Congress, USA",0.07804511760658625,0.2561083166375012,0.1939769798351745,0.1799184264404525,0.18521327874006988,0.1067378807402157
"Historical Congressional District TX-11, 51st-52nd Congress, USA",0.05635876837233306,0.19240813565393125,0.1723344186294907,0.21001248757043445,0.22817485126907316,0.14071133850473733
"Historical Congressional District TX-11, 50th Congress, USA",0.05635710566933083,0.1924016232273754,0.1723145766881709,0.2100264864844947,0.22817727464777365,0.14072293328285448
"Historical Congressional District VA-8, 74th-82nd Congress, USA",0.048037057757914746,0.19932198647857072,0.21262281487080378,0.21774763573324057,0.19393744068136154,0.12833306447810855
"Historical Congressional District CA-3, 73rd-77th Congress, USA",0.05539132191179381,0.20639101379066513,0.1865273902621217,0.21672621820799487,0.20682277619368983,0.1281412796337345
"Historical Congressional District CA-3, 78th-82nd Congress, USA",0.05539132191179381,0.20639101379066513,0.1865273902621217,0.21672621820799487,0.20682277619368983,0.1281412796337345
"Historical Congressional District FL-1, 83rd-87th Congress, USA",0.08377716539733113,0.2500380283595956,0.1925770222699557,0.19787591962199252,0.16957929846550437,0.10615256588562076
"Historical Congressional District FL-4, 79th-82nd Congress, USA",0.08397486115136472,0.2280132056147087,0.20950858963492072,0.1989051453644646,0.17180776737607395,0.10779043085846729
"Historical Congressional District TX-11, 48th-49th Congress, USA",0.056284297398866104,0.19274946851978553,0.1724134229525303,0.21007898550731202,0.2279548222972944,0.14051900332421152
"Historical Congressional District TX-5, 47th Congress, USA",0.04680813512296773,0.19644920896551357,0.20163760148156779,0.2356525123758278,0.1940009930929115,0.1254515489612116
"Historical Congressional District TX-5, 44th-46th Congress, USA",0.04680813512296773,0.19644920896551357,0.20163760148156779,0.2356525123758278,0.1940009930929115,0.1254515489612116
"Historical Congressional District AZ-1, 90th-91st Congress, USA",0.06678008911478346,0.21958882047693637,0.19254195295685445,0.2126348603988166,0.19302771477993141,0.1154265622726777
"Historical Congressional District VA-7, 41st-42nd Congress, USA",0.04661466765411086,0.19725623936083544,0.21419827379260067,0.21806563243407587,0.193871779910828,0.1299934068475492
"Historical Congressional District PA-8, 2nd Congress, USA",0.08365541073331363,0.2662633890066292,0.18181162409253654,0.1893968203512289,0.1756352238894538,0.10323753192683796
"Historical Congressional District IL-1, 43rd-47th Congress, USA",0.06267242815406522,0.22540351129892505,0.18972588453784264,0.20375597595679235,0.1982076773787009,0.12023452267367378
"Historical Congressional District WA-2, 64th-72nd Congress, USA",0.05863510833793003,0.2248906184130966,0.20019384141412366,0.22167412881495183,0.17484682208748845,0.11975948093240939
"Historical Congressional District TX-12, 55th-57th Congress, USA",0.053044841258686956,0.19326032077566502,0.18115122242456558,0.21975481913432846,0.21320492902080926,0.1395838673859447
"Historical Congressional District TX-12, 53rd-54th Congress, USA",0.053044841258686956,0.19326032077566502,0.18115122242456558,0.21975481913432846,0.21320492902080926,0.1395838673859447
"Historical Congressional District CA-8, 78th-82nd Congress, USA",0.06098799982577127,0.20798700403766546,0.20377569687644304,0.2276643239926507,0.18570500898677625,0.11387996628069331
"Historical Congressional District MI-6, 53rd-62nd Congress, USA",0.06382544395511691,0.23457247613169768,0.19010241083323604,0.1960530074369199,0.1973854827520466,0.11806117889098289
"Historical Congressional District MI-6, 63rd Congress, USA",0.06382544395511691,0.23457247613169768,0.19010241083323604,0.1960530074369199,0.1973854827520466,0.11806117889098289
"Historical Congressional District FL-9, 91st-92nd Congress, USA",0.11955811247572033,0.2635020453106502,0.18172220545987816,0.1723982110951396,0.16285299917588236,0.0999664264827292
"Historical Congressional District CA-10, 63rd-72nd Congress, USA",0.05673110029354102,0.19766805143910698,0.1985987559731249,0.2524724740898918,0.18320942085332861,0.11132019735100668
"Historical Congressional District FL-4, 91st-92nd Congress, USA",0.10621435126723756,0.28432223993574035,0.17717520882777035,0.17363900865846682,0.16060883147890914,0.09804035983187576
"Historical Congressional District TN-3, 9th Congress, USA",0.05546932127274879,0.21623418760726204,0.19193671637520418,0.21517067868135306,0.19629302572208526,0.12489607034134671
"Historical Congressional District TN-3, 10th Congress, USA",0.05546932127274879,0.21623418760726204,0.19193671637520418,0.21517067868135306,0.19629302572208526,0.12489607034134671
"Historical Congressional District MD-1, 28th Congress, USA",0.05680260947399484,0.22152697862591403,0.20321212052319318,0.20383897507362733,0.19034234843176967,0.12427696787150094
"Historical Congressional District MD-1, 29th-32nd Congress, USA",0.05680260947399484,0.22152697862591403,0.20321212052319318,0.20383897507362733,0.19034234843176967,0.12427696787150094
"Historical Congressional District NY-3, 3rd-5th Congress, USA",0.06416184963957744,0.21203082337606197,0.19639221730309453,0.20165299002088086,0.2005099510128703,0.125252168647515
"Historical Congressional District TX-5, 64th-65th Congress, USA",0.04174318938397365,0.18204524894390317,0.1920919839065694,0.2295403253854182,0.21318814738230812,0.14139110499782734
"Historical Congressional District TX-5, 58th-61st Congress, USA",0.04174318938397365,0.18204524894390317,0.1920919839065694,0.2295403253854182,0.21318814738230812,0.14139110499782734
"Historical Congressional District TX-5, 63rd Congress, USA",0.04174318938397365,0.18204524894390317,0.1920919839065694,0.2295403253854182,0.21318814738230812,0.14139110499782734
"Historical Congressional District TX-5, 62nd Congress, USA",0.04174318938397365,0.18204524894390317,0.1920919839065694,0.2295403253854182,0.21318814738230812,0.14139110499782734
"Historical Congressional District KY-1, 2nd-6th Congress, USA",0.06514810867931282,0.2363289926462621,0.18823130282039377,0.19061670350171955,0.197762369845387,0.1219125225069248
"Historical Congressional District CA-10, 73rd-77th Congress, USA",0.05589226209656338,0.1991998690853077,0.17601587854989076,0.20356486710288876,0.229646691040107,0.13568043212524242
