longname,"Agriculture, forestry, fishing and hunting %","Mining, quarrying, and oil and gas extraction %",Accommodation and food services %,"Arts, entertainment, and recreation %",Construction %,Educational services %,Health care and social assistance %,Finance and insurance %,Real estate and rental and leasing %,Information %,Manufacturing %,"Other services, except public administration %",Administrative and support and waste management services %,Management of companies and enterprises %,"Professional, scientific, and technical services %",Public administration %,Retail trade %,Transportation and warehousing %,Utilities %,Wholesale trade %
"Houston TX HSA, Houston TX HRR, USA",0.0023561870690095034,0.029818208429974756,0.07162777394452192,0.013225101036906736,0.09836856966863256,0.08984590567139528,0.11537376950782227,0.04058007234455435,0.021374586067664736,0.012512702915822224,0.08918562828963708,0.052907565698153775,0.04972375512994076,0.00297267726888271,0.08091063619822642,0.02663083241446554,0.10454408247000883,0.055937525737851504,0.010201486348184489,0.03190293378834434
"Chicago IL HSA, Chicago IL HRR, USA",0.0014690423435814125,0.0004753202822698944,0.07552394144887838,0.023215174954911728,0.03982237687282979,0.09776159175609864,0.13976976168590727,0.06334796112992648,0.023174366083118743,0.022073588950064914,0.07862146856574785,0.04820912087058931,0.0476218122725185,0.0016584956467568148,0.1282322105305731,0.03751740684417671,0.08272591610909384,0.06331512085565572,0.00416854085505958,0.02129678194224136
"Brooklyn NY HSA, New York NY HRR, USA",0.0007070326438602114,0.00012718996355973714,0.06375296221489431,0.02860661999359556,0.05038297350297112,0.1036210606752662,0.1941700762228324,0.04768047695177376,0.0264272458969377,0.04502433318674455,0.02975298177811754,0.04913860943699058,0.037061427669005345,0.0012971216820830793,0.10177874674528016,0.04012872915954279,0.08924968604641315,0.06688277854154305,0.004161344784669888,0.020048602903919
"Dallas TX HSA, Dallas TX HRR, USA",0.0017926251130727774,0.004348042811804487,0.07080491104915822,0.015136251136600365,0.0920021674011088,0.07525170414785208,0.11395789929482744,0.06963672533554463,0.027515221509908944,0.021873107700890456,0.07543435200065093,0.047944411877537986,0.052108505036179455,0.002535210159599437,0.10014484757906482,0.02474586297735485,0.10841420988223031,0.060084993356492006,0.005790561145600484,0.030478390484521486
"Phoenix AZ HSA, Phoenix AZ HRR, USA",0.0044253754251917425,0.0012759522519874098,0.07678241995733733,0.018515725520818593,0.08490969843910909,0.07626036389766949,0.12377578650298035,0.07316953132938792,0.02370429710391624,0.01811856849051252,0.06865657676199129,0.04751144755758898,0.06453987975943273,0.0017601498948015798,0.06574606487473789,0.04048954846733117,0.12210448542318647,0.055303618082370505,0.0084223738217365,0.024528136437912268
"San Antonio TX HSA, San Antonio TX HRR, USA",0.004674730682304058,0.010855935746579776,0.08703573915128081,0.01635292833968705,0.08373200556657528,0.09429588477828645,0.1353142582251592,0.06915606856313496,0.019413854495285172,0.015451973200661138,0.055568822289776235,0.04894653612306113,0.04952759130627794,0.0014919303496433345,0.06924575036128487,0.050086858056636124,0.11390551766876196,0.04460412217687103,0.006760738989419888,0.023578753929313568
"Las Vegas NV HSA, Las Vegas NV HRR, USA",0.0017135183905098302,0.0017778218552253683,0.16174599857222793,0.08840483201057597,0.07131846059651949,0.0636220769233773,0.09549967481074724,0.034899428487018734,0.025711184569478077,0.015736156373459174,0.03774330559450246,0.04553095663237824,0.06186063880016584,0.0011706455166057607,0.0584388342330935,0.03536210682097917,0.11586063544089295,0.060697834015666634,0.005552424550243427,0.017353465806332923
"New York NY HSA, New York NY HRR, USA",0.000690336803635033,0.00010842986444529314,0.05426835076565215,0.04306452222090838,0.024501027201406525,0.10170208503973903,0.13646783852521782,0.11516172883556704,0.035164192081163344,0.058935677722593297,0.02924598319396306,0.04255086572970095,0.03223664160621032,0.0017487964876340015,0.17162673455706914,0.029790158864453915,0.07205867598767758,0.030184849293254823,0.0020961808652658815,0.018396924354442436
"Miami FL HSA, Miami FL HRR, USA",0.004762555476468177,0.00037341663104380554,0.08167702039159615,0.01981578844568735,0.08451710083926096,0.0752213001672483,0.13369886847039625,0.04781499922622022,0.031847323295774825,0.018218039538493044,0.03986950283693797,0.05679543775362938,0.0588786790410268,0.0012538341007269165,0.07844695241103912,0.03640652646444982,0.11295192449459714,0.07905572913083725,0.005638310244223274,0.03275669104034326
"Los Angeles CA HSA, Los Angeles CA HRR, USA",0.0033925969784022085,0.00015333985308614383,0.09436230604179358,0.04236347135692691,0.06131620925337767,0.07578205919115841,0.11242869615167198,0.02855203268420207,0.02336032499405065,0.05950163869168558,0.07518836661217318,0.06519675710324266,0.055067351993969026,0.0011107140115284074,0.09435992572710558,0.02592101605798258,0.09886488685687571,0.04926514000230639,0.003404229396705872,0.030408937041755544
"Denver CO HSA, Denver CO HRR, USA",0.004595924426686323,0.0072726701989700646,0.06763666216732395,0.026471128881167465,0.07270775929678536,0.08231023564262131,0.11916391901085764,0.062167861545131264,0.02884032349491131,0.03385331681678595,0.06500517635910515,0.04691784960243767,0.039502401260074795,0.0021736488172672853,0.12824110005969752,0.04226187643406823,0.09862462923551016,0.03906288701359742,0.007312056477885077,0.02587857325911625
"Philadelphia PA HSA, Philadelphia PA HRR, USA",0.0012987284718309563,0.00048761227928928924,0.0617732630284968,0.021946627166871447,0.043152036290806634,0.11052145064295817,0.20259286016386388,0.05049753762838261,0.017047486925363606,0.020835415277336174,0.06822744078604409,0.04652881018112976,0.04462752308194059,0.001391240536643595,0.08502556650933152,0.053059176670418165,0.0924873746022356,0.05134832862606508,0.006194606471179013,0.020956914659812836
"Austin TX HSA, Austin TX HRR, USA",0.0026754186168646797,0.004875294597572957,0.06989953000966313,0.01957264215247023,0.07688533212472277,0.09798877392490829,0.09873499627040336,0.04459130827353899,0.026587975420904998,0.0321100907701313,0.07709888938527319,0.04660516782037788,0.04039176687467385,0.001326932528923343,0.1411884973560734,0.05980784112043118,0.09730834604582775,0.034341924070325824,0.008239282782797036,0.01976998985411595
"Atlanta GA HSA, Atlanta GA HRR, USA",0.0015112594905532413,0.0004985725045956699,0.0694672544236565,0.019351484101327962,0.05352209340273283,0.09184375749931012,0.10679494033355037,0.054566556821575796,0.027458542330885526,0.03460553533768477,0.06404915915495302,0.04426013008689108,0.054337603534793305,0.0021857707335266718,0.13754442996338168,0.04339758567569891,0.094141381939039,0.06556304551320578,0.006330295003725616,0.028570602148912203
"St Louis MO HSA, St Louis MO HRR, USA",0.004646495985574489,0.0011955026628678253,0.06439918629343627,0.022918018125436136,0.05619589030095725,0.09735743847476457,0.15380951161288622,0.06960979013664258,0.019113614848016956,0.019599598788214646,0.10805887841768283,0.04677191680229837,0.03795551759998657,0.002853195075980978,0.07940205321100842,0.034604227317293394,0.10412531841102841,0.04154438948926367,0.007729166128739372,0.028110290317921068
"Columbus OH HSA, Columbus OH HRR, USA",0.0034308302053272974,0.0006760044280130455,0.06687112439801834,0.01967616525077583,0.04655737327655856,0.09378380018159761,0.15215560457118127,0.08346968444027925,0.016437963538436826,0.0207304577054783,0.07756013164002165,0.03983024885046481,0.04305949720750505,0.0020300143116940986,0.08040554326325802,0.046626517834215314,0.1119503774601569,0.05743809945968659,0.00899509407816542,0.028315467899165548
"Portland OR HSA, Portland OR HRR, USA",0.0068013086952094974,0.0004566140871329062,0.06864488650427014,0.020652738069810318,0.055758076860858485,0.07884549313065004,0.14733935992742853,0.04548073968899884,0.02328629735870993,0.019962393659336546,0.11371144396819141,0.04687802928576263,0.03471500476905195,0.002927797444832783,0.10766769219022079,0.03519367694999471,0.11066391644456232,0.04297718943227001,0.008197074477295492,0.029840267055412553
"Orlando FL HSA, Orlando FL HRR, USA",0.0034229202427034995,0.0005080820924335986,0.10336763301156325,0.05378147513816949,0.06785384582208308,0.07237285481390304,0.1258165787610404,0.043779932991262344,0.02862545634083958,0.020713433337595535,0.049205317213689245,0.046574387859000366,0.06555702442028168,0.0014850219596535673,0.08188067652900084,0.0329000415039716,0.11340340389090979,0.056994782501202594,0.006491388273070552,0.025265743297625952
"Minneapolis MN HSA, Minneapolis MN HRR, USA",0.004408664669322221,0.0005683505287615154,0.05678920882188222,0.01944914642924387,0.04815315701814316,0.09280112110292969,0.14707391467239295,0.07457075219718046,0.017747035871971333,0.017059180472261227,0.13036747864469433,0.04341284820698328,0.034810593239992325,0.0028841024006665663,0.09714244422916005,0.031248567872419954,0.10962373882542086,0.03949379363148557,0.0046850941067085395,0.027710807058379687
"Fort Worth TX HSA, Fort Worth TX HRR, USA",0.002136514974295982,0.009102310332415741,0.07094213650403541,0.01371007645920712,0.08949516829776408,0.08526574273138884,0.1156783209509482,0.05258613014633962,0.01844497028852787,0.012851358121001443,0.10505093612677054,0.05209132452619631,0.04639963649732129,0.0016238911453863804,0.05676775962206245,0.031573896558388125,0.12093590949281491,0.0796163195120299,0.0075013009008104235,0.028226296812295416
"Raleigh NC HSA, Raleigh NC HRR, USA",0.0030780334644344414,0.001436712311707916,0.06252596630991558,0.01748624930331347,0.06555701258460299,0.09009453737321892,0.11829976432564414,0.05840599219822748,0.021587641126463775,0.026250922002499955,0.0892730400654744,0.0415613144200357,0.03848704174363139,0.0010367133514716637,0.15380948476550935,0.04829771559887614,0.09815080850277687,0.03387605055579721,0.007893546455663494,0.0228914535407352
"Charlotte NC HSA, Charlotte NC HRR, USA",0.0023666332786180734,0.0005206781770004348,0.0670905768016505,0.020698904946683364,0.06758684330219439,0.07131949084249599,0.11284551008017057,0.11300347185122399,0.0235708522285894,0.02376843680382792,0.08413093404694005,0.05012315727685133,0.047451391911480276,0.0015688182567773724,0.09517019094412654,0.020891410521530582,0.10702865823118349,0.050079980419776765,0.010422200690401541,0.03036185938847744
"San Jose CA HSA, San Jose CA HRR, USA",0.003890739952519933,0.000351842132905552,0.06462666426184618,0.017864799537345974,0.05595235787927311,0.07855635530361886,0.11284131464764634,0.028576296629812037,0.01752058738978415,0.04366886294334399,0.16855104497424406,0.039718360583510665,0.04481199300120873,0.0026719671754719967,0.15875237436922152,0.025308474813885803,0.0854081365939298,0.02918883986547646,0.003653494118021905,0.018085493826932864
"Bronx NY HSA, Bronx NY HRR, USA",0.0015978104123198706,0.0,0.08997784690989624,0.020718989598911403,0.05242288100003275,0.08006163788346642,0.25878282797869656,0.025342693318139296,0.03412924932556739,0.014244877727789254,0.03142542833054313,0.0529011987247142,0.05732457290000674,0.00098176492809366,0.03635699131973525,0.03689606080181081,0.10580482639086379,0.08130522899553977,0.003532993833424545,0.016192119620448836
"Baltimore MD HSA, Baltimore MD HRR, USA",0.00276849158653632,0.0005324205939118755,0.056511440872854035,0.01788681105064049,0.058185333271533024,0.11988201036636813,0.16563838375318093,0.04665301920440113,0.023700890885918157,0.01631820237339443,0.05307422945273037,0.04944088414983463,0.041348085003676274,0.0010142381971566037,0.09273548988732142,0.07748418738589295,0.09645238231408171,0.05393782476614295,0.005946030130760288,0.02048964475366443
"Mesa AZ HSA, Mesa AZ HRR, USA",0.0028430003136018065,0.0029791031889903822,0.07118966087849357,0.021786856482077246,0.06718384603605944,0.09657718811048609,0.12219087267863912,0.07637902751044331,0.02227896268044191,0.020615989909988943,0.08794064486535597,0.04345334579321239,0.05131800088504878,0.0019321926389269186,0.07844369106614824,0.03695654364834538,0.1190661189729661,0.043124019652639,0.010232050521771585,0.023508884166363764
"Salt Lake City UT HSA, Salt Lake City UT HRR, USA",0.002813600054162379,0.005548404824092832,0.06077006081799009,0.021002751691778905,0.07575718115715128,0.09685391454743202,0.11467140067508,0.0685447221874781,0.02340269222596978,0.020166798772997468,0.09657154671496573,0.04409686652466488,0.04470827534660476,0.0016391372739424112,0.08744907645378716,0.037544159460816295,0.11059030705708399,0.05521463557100572,0.005634362928185135,0.027020105714810942
"Memphis TN HSA, Memphis TN HRR, USA",0.005016734537037703,0.0006046841240185798,0.07012629909325063,0.017838994634391876,0.05305675144733648,0.08409192467165523,0.14081540384728491,0.033773825732657456,0.017246777385170907,0.010837805788146006,0.10086210394601468,0.05055577659425811,0.051080628023809124,0.0011105246941404134,0.04718179852473527,0.048177193355109026,0.10327841379607357,0.12692225685266126,0.005827045924165977,0.03159505702808278
"Cincinnati OH HSA, Cincinnati OH HRR, USA",0.0019300132488263538,0.0003686204841518498,0.0691267400441649,0.020710226055967375,0.050095659059871206,0.08170264665508957,0.15577304339441858,0.06281202577345568,0.018238732479187884,0.016134852825172064,0.12931267124320284,0.04100767873146109,0.040438788878776305,0.0018600449700928111,0.09064549381708359,0.03129293990464747,0.10893757129562844,0.0482591495074162,0.004826971071999344,0.026526130559386216
"Seattle WA HSA, Seattle WA HRR, USA",0.0037121059306873517,0.0001080171424396355,0.07133166196166235,0.02433559198240339,0.046348965676114,0.08715847037446733,0.12406119812813891,0.03347687903290003,0.024815241600435783,0.038696589743556206,0.0733717291914272,0.04502902177046968,0.0365675295467543,0.0026606926882375196,0.17424674641408264,0.028914648999625182,0.11739964443261211,0.04263410987017299,0.004738164147508754,0.020392991366304528
"Richmond VA HSA, Richmond VA HRR, USA",0.005010476071061578,0.0011008882222094596,0.06114193595436498,0.020361248417340723,0.07354256278968041,0.09199501142537234,0.13896323778649824,0.07922300173767755,0.02001654872608882,0.015461119732464546,0.0649688852448954,0.04792546934714074,0.0423806638904935,0.0013493928734880777,0.08241807865231987,0.0686456562528147,0.10537101993733786,0.04438600978673927,0.011597737468429745,0.024141055683582345
"Sacramento CA HSA, Sacramento CA HRR, USA",0.008279683673888665,0.0006414557616087939,0.07417155553950576,0.02274105434375803,0.06770721805578402,0.08269479614924503,0.13639491000279536,0.0411921122918663,0.020729109986317197,0.01595127942168241,0.054969547699581095,0.048778048506854535,0.04814715953675099,0.0010863722476462305,0.07342970197313026,0.1149153686833867,0.102237902403365,0.05048505566383275,0.012872822354577854,0.0225748457044231
"Indianapolis IN HSA, Indianapolis IN HRR, USA",0.0025926707642097034,0.0002396125461411166,0.06507304011034001,0.020973420613957426,0.053560745701261674,0.08523770521122892,0.14771336964797635,0.05519932745799183,0.020837159064939773,0.01418808992432018,0.11199592015233238,0.04296266514158179,0.042048380497434555,0.0015377894516162992,0.08618860772400039,0.03967084177431829,0.1099231419118873,0.0641264321724646,0.00632677590121826,0.029604304230779033
"Tucson AZ HSA, Tucson AZ HRR, USA",0.006047522821591827,0.010092987336647732,0.08111120135644401,0.023964343133420326,0.06237008950849129,0.11078593518125464,0.14553763138569922,0.03602144028099969,0.021414267326934154,0.016094679873847165,0.0663702300153428,0.048683101270104404,0.05660255753998499,0.0010888162223774084,0.06487740272430868,0.06123072188951174,0.11571112375789395,0.04312710322925378,0.008919385564313678,0.019949459581578642
"Jacksonville FL HSA, Jacksonville FL HRR, USA",0.001960449138359791,0.0006729799309371439,0.07700563030975838,0.019407024168102683,0.07222924659283131,0.07153199978399445,0.13575669836105075,0.09166284736963838,0.019372801789897656,0.014993335220675513,0.0551062710445232,0.05192370323409048,0.057084251074736074,0.0013184318980628005,0.06914148856664112,0.044411303408445485,0.11764134687266108,0.06839811467262114,0.007129437981844155,0.023252638581128523
"Tampa FL HSA, Tampa FL HRR, USA",0.003073651707918521,0.00030207391318351327,0.07544221834558625,0.024631543514601072,0.06811651743620514,0.08537676084061357,0.14016740105704512,0.08778372102541177,0.027014928511936067,0.02036780732431612,0.04954672750487641,0.042861020775277474,0.054753739620680246,0.0017836047106149207,0.10111832985675241,0.031852872046800214,0.10882228666942168,0.044589316082999035,0.006028180894355963,0.026367298161404283
"Pittsburgh PA HSA, Pittsburgh PA HRR, USA",0.002088447155139508,0.004009125554825306,0.05926869438442963,0.019579605509891723,0.050890044378168874,0.10710721442378683,0.17058098235631255,0.07674857303306892,0.017613014854677245,0.0185717086397072,0.07696690341131791,0.04650919948209633,0.03647575703851788,0.001716303285391535,0.10465811756133019,0.030455162254865182,0.10355033124051685,0.040692371751872694,0.009891330534370395,0.022627113149713378
"Flushing NY HSA, East Long Island NY HRR, USA",0.0005601893027892475,0.00022748965530003393,0.10486895803767429,0.017128601658982393,0.08258572055490183,0.07703521493485321,0.1646413027117385,0.053112583315551354,0.026698699756365196,0.021259522992913896,0.03744952145946448,0.07255054620366166,0.04131108707155443,0.0005802171918131729,0.07549027551032653,0.034947362895561336,0.09543404176128338,0.06897869016362457,0.0031307762109527163,0.022009198610687522
"San Diego CA HSA, San Diego CA HRR, USA",0.0022234106407071907,0.0002994787226917242,0.09294382872103014,0.026793394101870455,0.04837161582123115,0.08974283758940549,0.12988222597676397,0.039132794966917045,0.024259410883641416,0.021671464309616997,0.09051642651047793,0.05026112154949077,0.04698349309183279,0.002063703090637294,0.1295058294511357,0.051266417132659635,0.09441596748520976,0.03551569223235655,0.005978904260488236,0.018171983461835656
"Oklahoma City OK HSA, Oklahoma City OK HRR, USA",0.006435065144595556,0.02701840919779196,0.07393686420539687,0.01900553442743779,0.07200223370397936,0.0804908609162092,0.13610388876170415,0.048164338473429776,0.01802261150936841,0.01571629437427407,0.07056112447416653,0.05096435375551089,0.03941009080615644,0.0012835186491174176,0.06836092223471078,0.06975753479822973,0.12293794466639944,0.04392820969264866,0.00817889739966496,0.027721302809208176
"Washington DC HSA, Washington DC HRR, USA",0.0012543801537496422,0.0001644294940379323,0.058585119668974915,0.02542178627464752,0.03905464535806498,0.08890053592074985,0.09121044517681055,0.034143372168958554,0.029572781970028474,0.032947332032553255,0.013059321783445715,0.08377846376445802,0.045031186731580616,0.0011987478927448134,0.18169509808043302,0.16757790568632996,0.05772471619511272,0.038170190632238005,0.0037573949878836853,0.0067521460271980065
"Fresno CA HSA, Fresno CA HRR, USA",0.07963910267887872,0.00035730299056323494,0.06895641237011692,0.015487964923693722,0.06332966403278567,0.097736124881436,0.15066427000983076,0.0298430242349717,0.016259307891291198,0.012752367585946455,0.06268975708363833,0.04724016351965027,0.04725418797071886,0.0006064085966601381,0.047491223583758665,0.06276735060975495,0.10544133957642478,0.05052064978266592,0.008388072968100561,0.032575304709113365
"Louisville KY HSA, Louisville KY HRR, USA",0.0034447207530115607,0.00043398059119343344,0.06827200235582553,0.018677807995094095,0.05593315116886164,0.08643490449029283,0.1414188790210073,0.06061794732724663,0.01794827523718735,0.017213976754690823,0.1232121735718824,0.04516086366593442,0.04134989099264107,0.0017872146729681034,0.06261360553884297,0.02928452514953372,0.11013133616841311,0.08150524649653,0.00897848010796977,0.025581017940873203
"Albuquerque NM HSA, Albuquerque NM HRR, USA",0.009089219058597926,0.003344319984600079,0.07683440451126418,0.02217361163321029,0.07041087937888643,0.10343612314818143,0.1572253600450297,0.0397640213843265,0.018457312485407888,0.016015752997391934,0.04436587108509645,0.05552096737827947,0.04475490468989686,0.0005198258999088607,0.09475981781875253,0.0743807310366594,0.10620974429170284,0.03308202614080031,0.007762801606628285,0.021892305425378643
"El Paso TX HSA, El Paso TX HRR, USA",0.004268712490580661,0.008394450769076326,0.08101004783495894,0.013860761789800188,0.07330015719986734,0.12169109998689656,0.1399012690573202,0.03024721115955186,0.015190876967857815,0.016994701768786,0.06781408786426313,0.04300339065805236,0.059681517649510116,0.0013353534509964332,0.043516522250020236,0.06891618518605852,0.1147755913988924,0.06374679606226591,0.008516760091529577,0.023834506363715407
"Boston MA HSA, Boston MA HRR, USA",0.0012317156632867972,0.0003564135623152132,0.07422584876739093,0.019245120282279395,0.03678047408039555,0.13185881524760065,0.17856499147430027,0.0664000042207562,0.018882136160723866,0.02256255752770896,0.04984955096965887,0.04243598334451229,0.04052448504297672,0.0016229943918637053,0.14355750671791975,0.036505154563317134,0.08188548109683988,0.034186929001670696,0.004507560922598859,0.014816276961884296
"Nashville TN HSA, Nashville TN HRR, USA",0.0018056805971611643,0.00029293773611555914,0.08111152309895141,0.031556072971004864,0.06111016413501313,0.08938731051871995,0.14628637944980058,0.05267330887302544,0.023239614045318383,0.02775759989445894,0.07940692230424762,0.047216572014121515,0.043847468238288397,0.00621992823469861,0.087600108286405,0.03564181387280616,0.10145811483636791,0.05254028731729482,0.004078726133896714,0.02676946744230387
"Tulsa OK HSA, Tulsa OK HRR, USA",0.0062481060601238024,0.017351961151480296,0.06701987978574347,0.02388746792875024,0.07261879818032348,0.08119786892892275,0.1346185804601439,0.04264721454286168,0.01933422331036082,0.02136098885649052,0.1183918972583282,0.05379726933693965,0.041677420644822244,0.0018066753230137939,0.05873323233341204,0.03538376923109907,0.11185746340257574,0.05147675875925366,0.012880779353849955,0.027709645151504647
"Honolulu HI HSA, Honolulu HI HRR, USA",0.005856042958989169,0.0002061202979841905,0.11857639701926566,0.020417699801624486,0.0699778561492967,0.101495923667106,0.1258922947844996,0.041028626115154954,0.025015669696277065,0.01467196502353703,0.03239163026726524,0.04054986662990755,0.04177233379919398,0.0010793961612893736,0.05928010574643921,0.098330650766231,0.109400509189578,0.05917632275654827,0.011080168810518437,0.023800420359294163
"Grand Rapids MI HSA, Grand Rapids MI HRR, USA",0.01142263080396166,0.0003061994833524507,0.06449273720879573,0.014245043464393826,0.062288054473420784,0.0816231084441071,0.14817080450176456,0.04141924231328069,0.014824868544117598,0.012814066317999605,0.19047678327197748,0.04707843255750124,0.0378774639388353,0.0016514955022981373,0.06065240705811436,0.019965236658520066,0.1089249722398963,0.03753182377425152,0.00420797829145494,0.04002665115195646
"San Francisco CA HSA, San Francisco CA HRR, USA",0.0016038943720881585,9.963290252922788e-05,0.07208610238527273,0.0244556144939175,0.03183592701578744,0.07391620846552965,0.11420001259065804,0.060564383334599015,0.023901699113451053,0.062466208847876147,0.050385345340573214,0.040743368318964836,0.03554067957695012,0.0021665272334296807,0.22418541144440243,0.03332534602689891,0.08580009867252938,0.04103138010019451,0.0052668687297803595,0.01642529103456763
"Birmingham AL HSA, Birmingham AL HRR, USA",0.002797923385389439,0.003154329499319814,0.06906923120118022,0.01520437779123134,0.06226111304072599,0.08710751259420088,0.15672092374770039,0.06874791933458746,0.018310321557477645,0.019287118854065827,0.0948859061613284,0.052353328711794746,0.04012148758468587,0.0018383180432202596,0.06778656233124307,0.040842721797074225,0.10565826465137378,0.04253672328318151,0.0175725823571857,0.033743334073033364
"Milwaukee WI HSA, Milwaukee WI HRR, USA",0.003886100344507048,0.00024208864259490863,0.06950930229574899,0.020743214424582053,0.04206585340608329,0.09978434747551702,0.1701706015766326,0.05003830673529115,0.01493876213846892,0.01765463441191158,0.14585077851015812,0.043686107122822275,0.05269130346201209,0.0021298909868703577,0.062484308830017654,0.03149982196058354,0.10002190956299335,0.04542731165123137,0.005551499232827406,0.021623857229146434
"Riverside CA HSA, San Bernardino CA HRR, USA",0.00764312216005026,0.0004882130400247496,0.072078294810845,0.017324109055478588,0.10468749991590941,0.08713171831046945,0.11772868230234063,0.024314746299645095,0.016342866003831585,0.012329952451679605,0.0949756953144081,0.04770241988760466,0.05320527029908205,0.0005709410083404856,0.037626792650968494,0.04627532748872132,0.12583243106818193,0.09584014712906543,0.007276352187040954,0.030625418616312385
"Cleveland OH HSA, Cleveland OH HRR, USA",0.0017569304673948245,0.0007095633292514275,0.06704217706297706,0.022858346505854183,0.043469463218037976,0.08524415472369913,0.18949696809642483,0.06008648732170931,0.017625485628244456,0.01657780839089587,0.12161739758551234,0.04395455906453567,0.04102722313968236,0.0018645269434563547,0.07350447971154847,0.040069313072866944,0.09928891478778432,0.03939967334149526,0.006243034623374051,0.028163492985255265
"Omaha NE HSA, Omaha NE HRR, USA",0.008538786731018237,0.0005810545717883184,0.06037436128449231,0.01880016339921013,0.07189638894467011,0.09125680215484928,0.15274789147985443,0.09089146825538637,0.017804459596346685,0.019568453603113246,0.0779127045415961,0.04255432590978966,0.04372175305164071,0.0015770349432862828,0.07876246906662172,0.0364236036973558,0.10402993899240297,0.049468208536578503,0.008433642409716604,0.024656488830282455
"Rochester NY HSA, Rochester NY HRR, USA",0.0051872373679714015,0.0006205029728735624,0.061949941517363334,0.019115486032935013,0.04531162106303702,0.14365511672207346,0.17157478973287618,0.03914206492216232,0.01511633796246951,0.021629453369811688,0.11388099744507688,0.04164692273426906,0.039263737555071836,0.0013923445237230632,0.08589085597005083,0.03160657946510324,0.10466870279812994,0.03183082504246867,0.005919972249543902,0.020596510552988993
"Jamaica NY HSA, East Long Island NY HRR, USA",0.0006540594719624653,1.0202696190342874e-05,0.07020668730999784,0.016385259313333424,0.0778524109244568,0.08289500009543332,0.2024679241429948,0.041170867217921285,0.027226514768585466,0.021004632337111365,0.03241587970540962,0.05412619719793422,0.044415122162126924,0.0006912957967996767,0.05114288237107192,0.05403210735983998,0.09534976421118203,0.1049813725750842,0.004812780538523634,0.018159039804040555
"Buffalo NY HSA, Buffalo NY HRR, USA",0.0034318912116417448,0.0007728002506452536,0.0719155314338182,0.01845359743782022,0.04848668761900551,0.1155512623237694,0.1712965244539786,0.06657229883665217,0.017436329283816766,0.016637178489276226,0.09961605792022134,0.04343814929788495,0.03640916640080591,0.001240040303176086,0.06663176662793813,0.04547287675794895,0.1078211299931968,0.04006033576784108,0.006209780351784058,0.022546595238778572
"Detroit MI HSA, Detroit MI HRR, USA",0.0020288257728811676,0.0004357077295821782,0.0936311213601275,0.02343881699540468,0.04188368572107033,0.06473764390236514,0.16516835192016124,0.04293579388466512,0.013537625415725623,0.013800636918929184,0.1624385359298932,0.0458269265998899,0.06627523817154952,0.0009611435882383077,0.04415930203353746,0.035810747827713714,0.09975586100437236,0.05462957460864294,0.008554699908326177,0.01998976070692413
"Colorado Springs CO HSA, Colorado Springs CO HRR, USA",0.00620595552251538,0.0030318056695939188,0.07319265560494748,0.023130559944034675,0.0783568764936272,0.09425592051730229,0.14102653751785588,0.052840899030507794,0.020334278118565665,0.023934030223027997,0.058113785257196265,0.05772779257372485,0.04566250570489801,0.0006983960362508133,0.09633072326633334,0.05632044398781456,0.1077879262603558,0.03505708340721503,0.009273303963212135,0.016718520901020766
"Bakersfield CA HSA, Bakersfield CA HRR, USA",0.10843279734305228,0.03072923776524956,0.07237292451249341,0.013229598154424127,0.07656817235928355,0.09972875110123604,0.12422120242228922,0.022486171800489826,0.014950915469078705,0.00972981179676359,0.051310159645302805,0.04537740729542318,0.04116740843270107,0.001032108313786807,0.039128034606511444,0.054232295371938515,0.1020527496481394,0.05697705392225109,0.00977824244126528,0.02649495759831996
"St Paul MN HSA, St Paul MN HRR, USA",0.0047974935081378164,0.00041573440246071744,0.060794827258934245,0.02310186273315935,0.04430443122392714,0.10582131591637065,0.15603275876329584,0.06518583654895933,0.015341047717178678,0.018801527996296676,0.12711119915816768,0.04337211419758644,0.03420200207757045,0.0026107425877687288,0.07951087070008936,0.04984822876707759,0.09498676549863203,0.04337882267829834,0.004820928748957447,0.025561489517131195
"Des Moines IA HSA, Des Moines IA HRR, USA",0.0176914529706761,0.0006118738279773803,0.05324429458384055,0.017677879015650082,0.06389070387320685,0.08255241425089822,0.13024340356972702,0.13634394728375218,0.015211697480402636,0.01783253719961966,0.0894210986987122,0.044764802912932125,0.03678236233731117,0.0012956941925683428,0.06568439239591968,0.035346740023195065,0.1138589176736985,0.03974286646034693,0.007297981173724364,0.03050494007584093
"Charleston SC HSA, Charleston SC HRR, USA",0.004585897958231681,0.00036597239018454136,0.08318921066316878,0.01895822275423299,0.08136757094468147,0.08414771533500204,0.12625090801795863,0.031840350296329874,0.025380226919751375,0.017818627074028662,0.09759703079592572,0.049665170943105706,0.051038163433806766,0.0009334891970662005,0.08195362928355163,0.05739955918190862,0.10953217536034887,0.047891040713109435,0.00918597414932802,0.020899064588278903
"Baton Rouge LA HSA, Baton Rouge LA HRR, USA",0.004198100422942111,0.008191379472063267,0.0769122167120753,0.017988658324876658,0.08951220604174866,0.10662944068062628,0.13560683339174365,0.03807169682406148,0.016939222828719215,0.01830640366324628,0.08975502440587967,0.04414482421945149,0.03426376160440327,0.0007502533461357249,0.06457951287416405,0.06574373272463666,0.11579148914845516,0.03626309609038779,0.007577473928307863,0.028774673296075463
"Kansas City MO HSA, Kansas City MO HRR, USA",0.004403140803401582,0.0002447468986787354,0.06451369662846691,0.022783482018854495,0.060794054888857654,0.07490087693540412,0.1515198370490475,0.07506335534690965,0.021753284251315945,0.02265254895931948,0.08000164787745563,0.04552672727497612,0.038902948688942854,0.00128073772269986,0.11755743410182058,0.04163832280818127,0.09814073211274874,0.049070262351242296,0.004916226903146576,0.024335936378530106
"Lawrenceville GA HSA, Atlanta GA HRR, USA",0.0015123320542651045,0.0003440237693830596,0.07741215471844284,0.015884796250349623,0.07597343757016245,0.07788901010682923,0.1101297258485407,0.05546831917686288,0.022873021587527888,0.02776832718993089,0.09086332308305572,0.046261234914924794,0.04857291512120734,0.0036762535426504194,0.1022466714181985,0.029539851017064307,0.11660439819458711,0.051257118142050626,0.004979513341661203,0.040743572952305455
"Knoxville TN HSA, Knoxville TN HRR, USA",0.005791199076133389,0.0017228899323511798,0.08105132960396652,0.016019101826735677,0.07257332965407215,0.09358151800062747,0.1429899709471469,0.04597343838812383,0.016857741557346578,0.018847470993462363,0.0955285894534067,0.04548343959479952,0.04843266371719858,0.0014001787434138287,0.07379155116622398,0.03371832056978417,0.1279969264569625,0.0424329945607625,0.01000334432702857,0.02580400143045347
"Springfield MO HSA, Springfield MO HRR, USA",0.018762077082278488,0.0016038244199182122,0.0764021453334426,0.016732380949884575,0.06639048697257513,0.09212578516943401,0.1476243056792968,0.045067397849076464,0.01648585141724836,0.012811793981744523,0.11558003828611055,0.054145356664004024,0.0378457668389264,0.0011843759296109788,0.046756489564340635,0.03307543480821655,0.12898445508886988,0.05274327748924048,0.008523476054621015,0.02715528042116049
"Ann Arbor MI HSA, Ann Arbor MI HRR, USA",0.0037612506384075766,0.0007138273740364867,0.06400588307294953,0.01936913262530721,0.03816701852827512,0.16095397361173602,0.14826100215301893,0.03394337924622881,0.013927186463987697,0.015358236344867352,0.16091564362827543,0.03736386210758485,0.030407190746986203,0.002597993602569288,0.08980662834410257,0.02610684483517206,0.09423853797828849,0.033276780916358356,0.006049888854426127,0.020775738927421808
"Falls Church VA HSA, Arlington VA HRR, USA",0.000863634630337627,0.00026155608537333343,0.057533293577375876,0.01917310734954873,0.04816314031574919,0.09331015585362804,0.09935003109042476,0.05095286449729259,0.024498501273117198,0.021720524504249755,0.025785780195988248,0.06674709362100728,0.03532334262395157,0.0016356175246156049,0.22696476429880774,0.12316560389196601,0.06693997556225376,0.025022329577822848,0.004044575744501953,0.008544107781987786
"Fort Lauderdale FL HSA, Fort Lauderdale FL HRR, USA",0.00192768325981263,0.00013446800261954827,0.09129315312163104,0.023085671685644984,0.08081141908337203,0.06533476772227477,0.13704834161393933,0.044590929199324995,0.0321745290419876,0.02072434662837202,0.04618465821315983,0.05012120472374407,0.07420907738404124,0.0006881415488244969,0.07822442664599102,0.03622975344102199,0.1185009062912182,0.06739578894332125,0.004475778888461498,0.026844954561237616
"Spokane WA HSA, Spokane WA HRR, USA",0.016573015602562944,0.002331431482171389,0.070875253369,0.021864684504189824,0.0706564260549433,0.09440719773009723,0.16903849469548815,0.0436560686490595,0.023620500015567637,0.01734631522714328,0.07450202580868685,0.045076021751458265,0.0390017988059656,0.0007805194154551965,0.06091507608901056,0.046884437732608565,0.11227029347362018,0.04531244530074764,0.011225935712275804,0.03366205857994817
"Tacoma WA HSA, Tacoma WA HRR, USA",0.005313393718005504,0.0007317849294298766,0.06784049828998726,0.026475932176239066,0.07929651216371304,0.08314798786723267,0.15505327535904506,0.03027689546333062,0.01946754897487537,0.011908852611088582,0.07642919469068442,0.050487743281069954,0.04459237558067399,0.0038475922158958758,0.053479932586715614,0.06785635001542314,0.11790035081871043,0.0692536038532582,0.005089845435420291,0.0315503299692009
"Marietta GA HSA, Atlanta GA HRR, USA",0.0020084964567078497,0.0003862327076328496,0.07511373912429153,0.020081535574890716,0.0816693126174276,0.08579740383155407,0.10730768241546876,0.05865848726048276,0.025385331605732548,0.02746471864951022,0.07596489276268856,0.04841473491612499,0.0511314584793209,0.0025026206173939165,0.12110590924844153,0.02762133249953011,0.11532979278219202,0.03828413368101822,0.006027309636898344,0.02974487513269243
"Arlington TX HSA, Fort Worth TX HRR, USA",0.0008751169452794072,0.00473065907598198,0.07318013386670885,0.017348843379159203,0.074173755164211,0.09447461019736428,0.11672836810017648,0.05602699362424676,0.019329862113100706,0.015728682757943938,0.1075929402835189,0.05351665005915762,0.04126422009359212,0.0010103772302345816,0.05652778028751586,0.033531911333558324,0.11327774472386573,0.0795698830513151,0.005781523421888544,0.035329944291180665
"Mcallen TX HSA, Mcallen TX HRR, USA",0.011868820754691914,0.02012107308820118,0.0769582404647375,0.012239012116297195,0.09417731334416508,0.1183210970908614,0.1621508810234572,0.025051290596825385,0.014212438527701215,0.009078022317649025,0.05197381360033317,0.05997567126466041,0.056411094714163675,0.0004980737882866507,0.02960651725407853,0.03975094368368154,0.12908361820988432,0.04985927141082478,0.009067828754510173,0.02959497799498959
"Wichita KS HSA, Wichita KS HRR, USA",0.007752274048619967,0.003249919154582161,0.07055688226001763,0.01671081999834059,0.06977323945333438,0.09376707450478845,0.14549957692132254,0.03269741957117243,0.016180216843561974,0.012376347038560914,0.17787317936546831,0.04442333984797145,0.040876007402546856,0.0019209555790085436,0.05162736682844257,0.03870996960933769,0.10643795533232524,0.03832793511098785,0.006205620163389626,0.0250339009662207
"Joliet IL HSA, Joliet IL HRR, USA",0.0035985663313749697,0.00097813783354725,0.0633480195171726,0.020445561825506307,0.07626429618984065,0.09198862013424458,0.1292384631384146,0.047947696668167165,0.013799552934528498,0.017342843740893277,0.10716462905924874,0.04646245016372347,0.039053716664580025,0.001544608260252177,0.05628269334394779,0.040210139648883585,0.11646259497321262,0.08493724421183395,0.011601496083875356,0.031328669276752444
"Wilmington DE HSA, Wilmington DE HRR, USA",0.006111825520814907,0.0003108285026293845,0.06015459038071781,0.018993990510468142,0.05782202280727708,0.10293326857418893,0.14843316343920504,0.10488038566103884,0.014860829487712114,0.013186497971191811,0.07451143226977303,0.04002236831900784,0.043481921705254,0.001964158504844232,0.07312944285233165,0.04989436035981921,0.10571293381685898,0.05384884013548919,0.00850640460415078,0.021240734577226843
"Jackson MS HSA, Jackson MS HRR, USA",0.00554759340199833,0.0041366441529068106,0.06655976940338108,0.013982482025350438,0.0650584895361798,0.09623907181873889,0.1750166398752885,0.04807045863866887,0.014194850575234525,0.017124939525473205,0.09498615698475273,0.05190222554513052,0.036676894779691854,0.0006213292554975926,0.04844239446597883,0.06996424521609569,0.10617879789486058,0.04701090590856847,0.011085797206792163,0.02720031378941119
"Madison WI HSA, Madison WI HRR, USA",0.010295216879682823,0.0002437366987869708,0.061149477742402945,0.016448455088728834,0.048690238531481154,0.13375965204426346,0.1511696285844691,0.06402788322191376,0.015341950875784906,0.029497916392042054,0.08736823577528514,0.04066609471581795,0.025682274933664023,0.001717937065571646,0.11820723847374887,0.049405939702748564,0.09239425912725933,0.02513529121528613,0.007126377538986756,0.02167219539207559
"Camden NJ HSA, Camden NJ HRR, USA",0.0021876224077120384,0.0004840318337251795,0.06008633086997561,0.018487899178955224,0.055689949426385985,0.09753732925673868,0.1652140876783458,0.06012372200298018,0.016196211646055916,0.020647065754269906,0.07551146980688642,0.04057673137829737,0.035030238216868584,0.0019907390305341204,0.0938424401130619,0.051000916513433865,0.11779165499486646,0.051492824062133624,0.007293337516590232,0.028815398312182775
"Long Beach CA HSA, Los Angeles CA HRR, USA",0.0033393921506308464,0.001568959020450281,0.07787161676179213,0.02838106109195869,0.05792900281828707,0.09032431072606192,0.13961197181610116,0.03161855261609249,0.02218788400973679,0.023461391396120673,0.09170055867473755,0.0474320838658946,0.05213683114849796,0.0009646624439361289,0.07573969261605075,0.04211543381306287,0.10213429462165796,0.07600014550084941,0.007265252350234834,0.028216902557845935
"Mckinney TX HSA, Dallas TX HRR, USA",0.0038381183129547448,0.007360525176203857,0.059267119977894425,0.018379224262937432,0.059918946993714084,0.08580287694961508,0.10394330186389523,0.10557094432378067,0.024581249199911077,0.035434999157208005,0.07763058486120636,0.04186233665767184,0.03494426910142596,0.0034374681685885172,0.1395207543000583,0.026704779369916512,0.10407553829189706,0.033707992499087305,0.00435506126992616,0.02966390926210748
"Anaheim CA HSA, Orange Co. CA HRR, USA",0.007208243170647908,0.0005079138969662087,0.08350422112442461,0.0329517728334149,0.06926261065862496,0.07275063569154391,0.13029085219069564,0.04564437882413075,0.019949884692957623,0.015515387221718193,0.12864872892299956,0.051298303220382147,0.053079558594824,0.0008868932601171547,0.061089717713773715,0.03361991744232558,0.10667449886663138,0.047173565314473344,0.004824933075163146,0.03511798328418534
