longname,No internet access %,Uninsured %,Public Insurance %,Private Insurance %
"Houston TX HSA, Houston TX HRR, USA",0.09230804563339193,0.2522424973994458,0.0976849952866015,0.6500725073139527
"Chicago IL HSA, Chicago IL HRR, USA",0.12059109732558487,0.12814703563618213,0.19385809518858968,0.6779948691752281
"Brooklyn NY HSA, New York NY HRR, USA",0.13001900153072593,0.08889698076688986,0.30775626205354417,0.603346757179566
"Dallas TX HSA, Dallas TX HRR, USA",0.09668843852277553,0.24031634353078551,0.08975673457901527,0.6699269218901992
"Phoenix AZ HSA, Phoenix AZ HRR, USA",0.09435925720072356,0.16609554048063246,0.1933104548016177,0.64059400471775
"San Antonio TX HSA, San Antonio TX HRR, USA",0.10009490135169917,0.2066243413926979,0.12063590176458795,0.6727397568427141
"Las Vegas NV HSA, Las Vegas NV HRR, USA",0.09830073022668093,0.15799305629829657,0.1793577788627343,0.6626491648389691
"New York NY HSA, New York NY HRR, USA",0.09242548445234623,0.06105791212526317,0.20634822845145448,0.7325938594232824
"Miami FL HSA, Miami FL HRR, USA",0.13657676679963815,0.2077706105162129,0.12201721379541633,0.6702121756883708
"Los Angeles CA HSA, Los Angeles CA HRR, USA",0.11353440713493344,0.1674285777527742,0.2840079736092455,0.5485634486379803
"Denver CO HSA, Denver CO HRR, USA",0.05233278581672947,0.09375162718582786,0.12979431113327322,0.7764540616808989
"Philadelphia PA HSA, Philadelphia PA HRR, USA",0.12317043229483955,0.08666852418394581,0.26402246221396103,0.6493090136020931
"Austin TX HSA, Austin TX HRR, USA",0.0596256678858481,0.15660764623990178,0.07130660764600871,0.7720857461140895
"Atlanta GA HSA, Atlanta GA HRR, USA",0.08257605615666286,0.15953420041897629,0.09420699103783851,0.7462588085431852
"St Louis MO HSA, St Louis MO HRR, USA",0.09510475109638876,0.09599415896045797,0.11192325773103304,0.7920825833085089
"Columbus OH HSA, Columbus OH HRR, USA",0.06703895040979373,0.09158405818889635,0.16022677490454207,0.7481891669065615
"Portland OR HSA, Portland OR HRR, USA",0.054148687601975956,0.07627674449656449,0.16674278062985717,0.7569804748735783
"Orlando FL HSA, Orlando FL HRR, USA",0.07078075601204188,0.16489988398155608,0.11865159394567174,0.7164485220727722
"Minneapolis MN HSA, Minneapolis MN HRR, USA",0.06173455616035983,0.05981705270008438,0.14751446783509953,0.7926684794648161
"Fort Worth TX HSA, Fort Worth TX HRR, USA",0.0740940589257451,0.2248626865667631,0.09038577936678485,0.6847515340664521
"Raleigh NC HSA, Raleigh NC HRR, USA",0.05192765785782971,0.11456406149882101,0.08305699957983821,0.8023789389213407
"Charlotte NC HSA, Charlotte NC HRR, USA",0.06628860954468324,0.13613438018194957,0.09070998134701663,0.7731556384710339
"San Jose CA HSA, San Jose CA HRR, USA",0.045236832368386194,0.058240021139173245,0.1472809722489321,0.7944790066118946
"Bronx NY HSA, Bronx NY HRR, USA",0.1507977988171387,0.10692633132320621,0.4305605948326652,0.46251307384412865
"Baltimore MD HSA, Baltimore MD HRR, USA",0.11570856047011874,0.06728257284072972,0.23129001687307435,0.7014274102861959
"Mesa AZ HSA, Mesa AZ HRR, USA",0.056436161550673755,0.11730361487929752,0.13831931239699868,0.7443770727237038
"Salt Lake City UT HSA, Salt Lake City UT HRR, USA",0.046463099982402375,0.11504177218730292,0.07722655950206454,0.8077316683106325
"Memphis TN HSA, Memphis TN HRR, USA",0.14304583494658996,0.15000016526845272,0.1652526454984466,0.6847471892331007
"Cincinnati OH HSA, Cincinnati OH HRR, USA",0.08151801415047934,0.0691976657789163,0.1698331323906347,0.7609692018304489
"Seattle WA HSA, Seattle WA HRR, USA",0.04804930527249287,0.06693460088567581,0.12772276987902997,0.8053426292352942
"Richmond VA HSA, Richmond VA HRR, USA",0.10297391459673517,0.10033549678859531,0.12600011467087677,0.773664388540528
"Sacramento CA HSA, Sacramento CA HRR, USA",0.06108542737951955,0.07047023888569841,0.25404200862905946,0.6754877524852421
"Indianapolis IN HSA, Indianapolis IN HRR, USA",0.10161167087191433,0.10513153907922462,0.15831359114156718,0.7365548697792081
"Tucson AZ HSA, Tucson AZ HRR, USA",0.08861259555326145,0.12516302161845605,0.22985673905374399,0.6449802393278
"Jacksonville FL HSA, Jacksonville FL HRR, USA",0.09230368511235461,0.15339379596070954,0.14713790210737188,0.6994683019319187
"Tampa FL HSA, Tampa FL HRR, USA",0.06410219738213982,0.15363738221643397,0.12724343832030188,0.7191191794632641
"Pittsburgh PA HSA, Pittsburgh PA HRR, USA",0.09714179587441618,0.05145980984060475,0.14312789759276567,0.8054122925666295
"Flushing NY HSA, East Long Island NY HRR, USA",0.10682281419473251,0.14256231975720016,0.2653986766673256,0.5920390035754742
"San Diego CA HSA, San Diego CA HRR, USA",0.051200515440206505,0.10213650753362337,0.17639697267953375,0.721466519786843
"Oklahoma City OK HSA, Oklahoma City OK HRR, USA",0.09867150607370619,0.18144135817394164,0.1104601493167967,0.7080984925092616
"Washington DC HSA, Washington DC HRR, USA",0.09579360796664722,0.05561102395590207,0.20113800558478825,0.7432509704593098
"Fresno CA HSA, Fresno CA HRR, USA",0.1258323633458753,0.09970056487436742,0.33264812550312245,0.5676513096225101
"Louisville KY HSA, Louisville KY HRR, USA",0.09565290582924692,0.06534996215446912,0.21518595014803404,0.7194640876974967
"Albuquerque NM HSA, Albuquerque NM HRR, USA",0.12124598183106568,0.10539798752500054,0.27815783848138714,0.6164441739936124
"El Paso TX HSA, El Paso TX HRR, USA",0.13127588552506914,0.3009353952960468,0.13418853427844632,0.5648760704255068
"Boston MA HSA, Boston MA HRR, USA",0.0877314348553922,0.04038160797271885,0.22496993312010916,0.734648458907172
"Nashville TN HSA, Nashville TN HRR, USA",0.0689464484765366,0.12929926575830045,0.11007257315582333,0.7606281610858762
"Tulsa OK HSA, Tulsa OK HRR, USA",0.10636670776354924,0.19109387547524143,0.1180894371783736,0.690816687346385
"Honolulu HI HSA, Honolulu HI HRR, USA",0.07896466243743197,0.0487254442651421,0.14808678896267888,0.803187766772179
"Grand Rapids MI HSA, Grand Rapids MI HRR, USA",0.09161925128715706,0.06540006042158215,0.16379421603990638,0.7708057235385114
"San Francisco CA HSA, San Francisco CA HRR, USA",0.07066040455047456,0.04395613032750185,0.15207392873654443,0.8039699409359536
"Birmingham AL HSA, Birmingham AL HRR, USA",0.11050974161980773,0.1186744937323321,0.14177149956087454,0.7395540067067935
"Milwaukee WI HSA, Milwaukee WI HRR, USA",0.1423517868651471,0.09918740710646859,0.22858687508902611,0.6722257178045051
"Riverside CA HSA, San Bernardino CA HRR, USA",0.06470049274278561,0.1362171185699029,0.244279459920996,0.6195034215091011
"Cleveland OH HSA, Cleveland OH HRR, USA",0.14451402147004372,0.07376609655168499,0.26864579161823715,0.6575881118300779
"Omaha NE HSA, Omaha NE HRR, USA",0.07463610242912064,0.10946145100013523,0.09736332008140049,0.7931752289184644
"Rochester NY HSA, Rochester NY HRR, USA",0.09595421644151968,0.041133596834988385,0.2242353855418647,0.7346310176231469
"Jamaica NY HSA, East Long Island NY HRR, USA",0.10364807356171428,0.10949326951287106,0.2696473271543552,0.6208594033327739
"Buffalo NY HSA, Buffalo NY HRR, USA",0.10992838795774039,0.03966488670058981,0.2512407405797846,0.7090943727196255
"Detroit MI HSA, Detroit MI HRR, USA",0.18439837561933148,0.10299227740475278,0.44457369822747894,0.45243402436776836
"Colorado Springs CO HSA, Colorado Springs CO HRR, USA",0.052533182811422004,0.1044808683529606,0.19545741807116354,0.7000617135758759
"Bakersfield CA HSA, Bakersfield CA HRR, USA",0.10909319077538074,0.1176285280443636,0.3388872283248406,0.5434842436307958
"St Paul MN HSA, St Paul MN HRR, USA",0.0649713405536629,0.05872713653210939,0.18629090739531556,0.7549819560725751
"Des Moines IA HSA, Des Moines IA HRR, USA",0.08563123148619252,0.05833856103430242,0.15515480704614243,0.7865066319195552
"Charleston SC HSA, Charleston SC HRR, USA",0.1097357858516513,0.14945308387409206,0.13036101994481536,0.7201858961810925
"Baton Rouge LA HSA, Baton Rouge LA HRR, USA",0.10137720508251506,0.10634211867579525,0.20987352303478532,0.6837843582894194
"Kansas City MO HSA, Kansas City MO HRR, USA",0.08265484422801192,0.13601714066287834,0.10666842867546127,0.7573144306616605
"Lawrenceville GA HSA, Atlanta GA HRR, USA",0.05385203641716008,0.16552197736751634,0.07350144011371529,0.7609765825187683
"Knoxville TN HSA, Knoxville TN HRR, USA",0.1271323228654478,0.12231348579579396,0.14712592778247255,0.7305605864217335
"Springfield MO HSA, Springfield MO HRR, USA",0.1387855653555769,0.15988777177097632,0.15052189538562064,0.689590332843403
"Ann Arbor MI HSA, Ann Arbor MI HRR, USA",0.04871674863503558,0.04484842993105045,0.12664764533057088,0.8285039247383787
"Falls Church VA HSA, Arlington VA HRR, USA",0.029178877658226243,0.08786105803003061,0.05141293871332761,0.8607260032566417
"Fort Lauderdale FL HSA, Fort Lauderdale FL HRR, USA",0.10328843150272284,0.21707056074098408,0.1383928333388178,0.644536605920198
"Spokane WA HSA, Spokane WA HRR, USA",0.08802541373695344,0.07779992247284608,0.2511606670253856,0.6710394105017684
"Tacoma WA HSA, Tacoma WA HRR, USA",0.06514616217012752,0.09087644472455313,0.2176391355715079,0.6914844197039389
"Marietta GA HSA, Atlanta GA HRR, USA",0.046035506160593355,0.16266222777774436,0.0638875011112739,0.7734502711109817
"Arlington TX HSA, Fort Worth TX HRR, USA",0.0638871335189298,0.21146069250320168,0.08460074972009292,0.7039385577767054
"Mcallen TX HSA, Mcallen TX HRR, USA",0.21597102929085712,0.45931616149520854,0.12008530940336155,0.4205985291014299
"Wichita KS HSA, Wichita KS HRR, USA",0.09618161450897814,0.1436660304180096,0.12227459974776764,0.7340593698342226
"Joliet IL HSA, Joliet IL HRR, USA",0.06629063220556686,0.07385036480040832,0.12228007989331639,0.8038695553062752
"Wilmington DE HSA, Wilmington DE HRR, USA",0.060325661285193954,0.06643016530477446,0.17378597026408976,0.7597838644311359
"Jackson MS HSA, Jackson MS HRR, USA",0.1294554424372575,0.15087747987853142,0.14399591689854294,0.7051266032229256
"Madison WI HSA, Madison WI HRR, USA",0.05294500878602697,0.04961004529459473,0.09243892076113863,0.8579510339442666
"Camden NJ HSA, Camden NJ HRR, USA",0.08685935489121688,0.07185546180347702,0.19378866498884706,0.7343558732076758
"Long Beach CA HSA, Los Angeles CA HRR, USA",0.07982465089334674,0.10901419594968324,0.23252094656401917,0.6584648574862976
"Mckinney TX HSA, Dallas TX HRR, USA",0.04355041572371672,0.1134174640164164,0.040180428798380144,0.8464021071852035
"Anaheim CA HSA, Orange Co. CA HRR, USA",0.06998234870352718,0.12928292880137818,0.22201068309248684,0.6487063881061351
"Mobile AL HSA, Mobile AL HRR, USA",0.15683382872607213,0.15909783600620384,0.17427861868646577,0.6666235453073304
"Hartford CT HSA, Hartford CT HRR, USA",0.09134800951592559,0.06223475215818813,0.20978038233779758,0.7279848655040143
"Syracuse NY HSA, Syracuse NY HRR, USA",0.10537193849883704,0.04412415344063445,0.2274320190724782,0.7284438274868874
"Reno NV HSA, Reno NV HRR, USA",0.09046543444926321,0.12564303086837844,0.14100253842921068,0.7333544307024108
"Boise ID HSA, Boise ID HRR, USA",0.06658799415555425,0.10833259737534028,0.10486827789418537,0.7867991247304743
"Providence RI HSA, Providence RI HRR, USA",0.10556183647495855,0.05919749705740664,0.2316188392672692,0.7091836636753241
"Vancouver WA HSA, Portland OR HRR, USA",0.055495379843134476,0.08885842470280618,0.18039800470156472,0.7307435705956291
"Worcester MA HSA, Worcester MA HRR, USA",0.08486127803043456,0.02806435366720577,0.22166673974198098,0.7502689065908134
"Greenville SC HSA, Greenville SC HRR, USA",0.09737085911624828,0.1459006359194401,0.12514531925408917,0.7289540448264706
"Aurora CO HSA, Denver CO HRR, USA",0.05518837753915083,0.1349944664656264,0.16971725297518328,0.6952882805591902
"Staten Island NY HSA, New York NY HRR, USA",0.11168726582691027,0.05444439193735479,0.21144861666290785,0.7341069913997375
"Columbia SC HSA, Columbia SC HRR, USA",0.11507886652593055,0.12423204363953959,0.13343428019664494,0.7423336761638154
"Lubbock TX HSA, Lubbock TX HRR, USA",0.13366116825354746,0.2123886883824538,0.11662442370716103,0.6709868879103853
"New Orleans LA HSA, New Orleans LA HRR, USA",0.16011497610485595,0.11602020067821142,0.2803785375962822,0.6036012617255064
"Lancaster PA HSA, Lancaster PA HRR, USA",0.12271138294339697,0.11267111110026462,0.15021693899478913,0.7371119499049462
"Winston-Salem NC HSA, Winston-Salem NC HRR, USA",0.12349532859796017,0.14957551153712983,0.1418342072933622,0.708590281169508
"Augusta GA HSA, Augusta GA HRR, USA",0.12962082495386582,0.16364639457075109,0.15980053790201137,0.6765530675272377
"Dayton OH HSA, Dayton OH HRR, USA",0.11614347153243527,0.09441726834608509,0.2490662788041645,0.6565164528497504
"Oakland CA HSA, Alameda Co. CA HRR, USA",0.09019491085820983,0.0810008625582434,0.2194024280860307,0.6995967093557258
"Modesto CA HSA, Modesto CA HRR, USA",0.08981249224307152,0.08245696454022522,0.3043704619525649,0.61317257350721
"Mount Clemens MI HSA, Detroit MI HRR, USA",0.07042071318864346,0.06091728990119201,0.16562050440524803,0.7734622056935601
"Chattanooga TN HSA, Chattanooga TN HRR, USA",0.118028111596192,0.1393210849477923,0.1451066949646941,0.7155722200875135
"La Mesa CA HSA, San Diego CA HRR, USA",0.05636926693806724,0.07947692587893307,0.23257141084111468,0.6879516632799522
"Lancaster CA HSA, Los Angeles CA HRR, USA",0.09873129710384772,0.08413904697867203,0.300225424225238,0.6156355287960901
"Flint MI HSA, Flint MI HRR, USA",0.128679965923455,0.07363585334612832,0.3059498804099389,0.6204142662439328
"Gainesville FL HSA, Gainesville FL HRR, USA",0.11758286291811587,0.13588122396014926,0.15508110140808096,0.7090376746317697
"Oceanside CA HSA, San Diego CA HRR, USA",0.04713668043094967,0.13051178359302476,0.17456916074476356,0.6949190556622117
"Elgin IL HSA, Elgin IL HRR, USA",0.05683181381834552,0.09592358944141513,0.10428024292350396,0.7997961676350809
"Akron OH HSA, Akron OH HRR, USA",0.0961317959448488,0.0795739839295631,0.21634942621418662,0.7040765898562502
"Upland CA HSA, San Bernardino CA HRR, USA",0.057146722978464695,0.0911466677016912,0.20651535946695065,0.7023379728313581
"Huntsville AL HSA, Huntsville AL HRR, USA",0.08578968699427984,0.11425232642407393,0.10879786314153504,0.776949810434391
"Corpus Christi TX HSA, Corpus Christi TX HRR, USA",0.14079892840260735,0.25986247006869434,0.1353015912493631,0.6048359386819425
"West Palm Beach FL HSA, Fort Lauderdale FL HRR, USA",0.10330065458864791,0.20535799968400162,0.12968226655266624,0.664959733763332
"San Bernardino CA HSA, San Bernardino CA HRR, USA",0.09290188537390875,0.1403323892845843,0.3110981664717786,0.5485694442436372
"Greensboro NC HSA, Greensboro NC HRR, USA",0.12400957262797295,0.12400266913725597,0.1409781403596151,0.7350191905031289
"Savannah GA HSA, Savannah GA HRR, USA",0.10541255114020673,0.1840963027539662,0.12307777296234806,0.6928259242836857
"Naples FL HSA, Fort Myers FL HRR, USA",0.06801886972188477,0.19601321207687653,0.09306874054665397,0.7109180473764696
"Glendale CA HSA, Los Angeles CA HRR, USA",0.08625468132465443,0.09355571570186978,0.22033931887748714,0.686104965420643
"Lansing MI HSA, Lansing MI HRR, USA",0.09237727919545166,0.059168616171883216,0.18502656414249302,0.7558048196856237
"Plano TX HSA, Dallas TX HRR, USA",0.026869237890063086,0.12867340923952034,0.04102320397536216,0.8303033867851175
"Torrance CA HSA, Los Angeles CA HRR, USA",0.04576867249249516,0.07677835782016418,0.12584947170850588,0.7973721704713298
"Shreveport LA HSA, Shreveport LA HRR, USA",0.191118458130374,0.11682115264942743,0.29881248293670665,0.5843663644138659
"Chula Vista CA HSA, San Diego CA HRR, USA",0.06999881926389731,0.11388939453410771,0.21595356576261435,0.6701570397032779
"Ocala FL HSA, Ocala FL HRR, USA",0.11069474262364612,0.18776794211252118,0.19055982222320594,0.6216722356642729
"Tallahassee FL HSA, Tallahassee FL HRR, USA",0.11043887444973169,0.12032870452988186,0.13235881997193855,0.7473124754981796
"St Petersburg FL HSA, St Petersburg FL HRR, USA",0.08896702773726815,0.15388600004291014,0.14016549007935303,0.7059485098777368
"Hollywood FL HSA, Miami FL HRR, USA",0.09066281291412719,0.22276765687399705,0.10620955372829245,0.6710227893977107
"New Haven CT HSA, New Haven CT HRR, USA",0.07972906156693708,0.07330007728345019,0.222658857093391,0.7040410656231588
"Fort Wayne IN HSA, Fort Wayne IN HRR, USA",0.09354224923505118,0.10376542082869901,0.16645872122512698,0.7297758579461741
"Fort Myers FL HSA, Fort Myers FL HRR, USA",0.09430756540233574,0.20125169970873544,0.1388055646183229,0.6599427356729417
"Denton TX HSA, Dallas TX HRR, USA",0.04606858690931345,0.14605973168528266,0.052598563773005015,0.8013417045417124
"Allentown PA HSA, Allentown PA HRR, USA",0.10905040941153557,0.08468090779054094,0.18775614008670452,0.7275629521227546
"Everett WA HSA, Everett WA HRR, USA",0.05787588269685272,0.08272530594720325,0.15719892304445174,0.760075771008345
"Reading PA HSA, Reading PA HRR, USA",0.1273229480010463,0.08236138955748475,0.19506600960894913,0.7225726008335661
"Fullerton CA HSA, Orange Co. CA HRR, USA",0.04553616353828647,0.0809301518406769,0.15045216757569957,0.7686176805836236
"Stockton CA HSA, Stockton CA HRR, USA",0.1301453391802492,0.1037029768089409,0.35931882562908796,0.5369781975619711
"Durham NC HSA, Durham NC HRR, USA",0.07522572591412396,0.1478592686658946,0.11101514056118925,0.7411255907729162
"Roswell GA HSA, Atlanta GA HRR, USA",0.02894099520786006,0.10912843879158733,0.04307469753532433,0.8477968636730884
"Rockville MD HSA, Washington DC HRR, USA",0.038707077281175555,0.09626216076618103,0.12300320178681572,0.7807346374470032
"Fredericksburg VA HSA, Richmond VA HRR, USA",0.058091187252931116,0.10474988923050833,0.09716073035558748,0.7980893804139042
"Norfolk VA HSA, Norfolk VA HRR, USA",0.08990508228978601,0.13585297215351536,0.16952482774830668,0.694622200098178
"Brandon FL HSA, Tampa FL HRR, USA",0.05296880588961801,0.15016240711332016,0.1227900120299975,0.7270475808566824
"Lexington KY HSA, Lexington KY HRR, USA",0.06958775649967218,0.08743583683429998,0.18195199318234956,0.7306121699833504
"Lynwood CA HSA, Los Angeles CA HRR, USA",0.13665980600916752,0.19870595756801404,0.3545214324028742,0.44677261002911167
"Santa Ana CA HSA, Orange Co. CA HRR, USA",0.06622816681236857,0.14202162069735172,0.19646616760476998,0.6615122116978783
"York PA HSA, York PA HRR, USA",0.10853308372279148,0.06890084242023564,0.16043097832027484,0.7706681792594895
"Pensacola FL HSA, Pensacola FL HRR, USA",0.10507720648654512,0.16298978109309342,0.1804634089170029,0.6565468099899037
"Bradenton FL HSA, Bradenton FL HRR, USA",0.07730159435681987,0.18778594384736047,0.1297462758411157,0.6824677803115239
"Alexandria VA HSA, Arlington VA HRR, USA",0.04526533160922567,0.11530161446330675,0.06403211149433984,0.8206662740423535
"New Brunswick NJ HSA, New Brunswick NJ HRR, USA",0.06598351118738209,0.09702235558475919,0.11207195682027175,0.790905687594969
"Pontiac MI HSA, Pontiac MI HRR, USA",0.07632157555611982,0.0745285043011158,0.16998005405434297,0.7554914416445413
"Lincoln NE HSA, Lincoln NE HRR, USA",0.07028892742911358,0.08626241261062106,0.08863778532531576,0.8250998020640632
"Burbank CA HSA, Los Angeles CA HRR, USA",0.08842743401688857,0.09628715071088746,0.20957279511427865,0.6941400541748339
"Whittier CA HSA, Los Angeles CA HRR, USA",0.08156282114919394,0.09185613999423607,0.17705970665379728,0.7310841533519666
"Arlington Heights IL HSA, Evanston IL HRR, USA",0.06277398956497153,0.11585539449860376,0.08036035443935807,0.8037842510620381
"Newark NJ HSA, Newark NJ HRR, USA",0.19974461014008862,0.218510398722835,0.310642235164021,0.47084736611314393
"Little Rock AR HSA, Little Rock AR HRR, USA",0.13897065378904067,0.11085727619566663,0.214728343126975,0.6744143806773584
"Hialeah FL HSA, Miami FL HRR, USA",0.14383005439007054,0.2163212739195231,0.13102615102644172,0.6526525750540352
"Fremont CA HSA, Alameda Co. CA HRR, USA",0.04097882917787309,0.030074541933747218,0.14256711145666326,0.8273583466095895
"Mountain View CA HSA, San Jose CA HRR, USA",0.035315919176486466,0.036133052893177114,0.07603228445474429,0.8878346626520786
"Wildomar CA HSA, San Diego CA HRR, USA",0.041869371041826316,0.09392912194468048,0.19999011363863622,0.7060807644166833
"Toledo OH HSA, Toledo OH HRR, USA",0.11718778260724245,0.07870036065955531,0.2624967523790349,0.6588028869614098
"Tyler TX HSA, Tyler TX HRR, USA",0.13485599018117,0.2388487671429734,0.12782816498155847,0.6333230678754681
"Newport News VA HSA, Newport News VA HRR, USA",0.09479770586144988,0.11847017848593369,0.1572398823347091,0.7242899391793571
"Lafayette LA HSA, Lafayette LA HRR, USA",0.12268918107734612,0.11153531566990194,0.23237095661894097,0.6560937277111571
"Bellevue WA HSA, Seattle WA HRR, USA",0.020923550840474394,0.04177667444017279,0.0665946866371296,0.8916286389226977
"Richmond TX HSA, Houston TX HRR, USA",0.06687182571353775,0.14382458098305356,0.06655335286851125,0.7896220661484351
"Carmichael CA HSA, Sacramento CA HRR, USA",0.07307471652246264,0.0876537585483938,0.27081968127367395,0.6415265601779323
"Fayetteville NC HSA, Raleigh NC HRR, USA",0.10231028138473207,0.17964360554930897,0.22711717521640756,0.5932392192342835
"Green Bay WI HSA, Green Bay WI HRR, USA",0.097822524579501,0.06696381066366626,0.14080097984249315,0.7922352094938405
"Montgomery AL HSA, Montgomery AL HRR, USA",0.14115394393726838,0.14734610697179865,0.17834537928584157,0.6743085137423598
"Webster TX HSA, Houston TX HRR, USA",0.04587662846611824,0.14948036882205504,0.06190703407704689,0.7886125971008981
"Salem OR HSA, Salem OR HRR, USA",0.0715499874226622,0.10570377861004304,0.23367086817666965,0.6606253532132874
"Rockford IL HSA, Rockford IL HRR, USA",0.11405885500958801,0.08188166105940789,0.22639971500642495,0.6917186239341672
"Wilmington NC HSA, Wilmington NC HRR, USA",0.08167308576077675,0.13288562215966676,0.1281082028810247,0.7390061749593085
"Royal Oak MI HSA, Royal Oak MI HRR, USA",0.05585380686664789,0.037275257002806005,0.11311173229500505,0.849613010702189
"Trenton NJ HSA, Philadelphia PA HRR, USA",0.1144134919411247,0.09800268831884357,0.18041561651875554,0.7215816951624009
"Victorville CA HSA, San Bernardino CA HRR, USA",0.06428253148742347,0.12406260584852767,0.3681231508239036,0.5078142433275686
"Bridgeport CT HSA, Bridgeport CT HRR, USA",0.09158572758022661,0.10753284931909608,0.23064896184335312,0.6618181888375508
"Downey CA HSA, Los Angeles CA HRR, USA",0.10070043054963763,0.18662940935861766,0.28279666888955696,0.5305739217518254
"Puyallup WA HSA, Tacoma WA HRR, USA",0.05028097256961318,0.07196280994691229,0.14309008853397465,0.7849471015191131
"Leesburg VA HSA, Arlington VA HRR, USA",0.023894926230289503,0.05309316978750144,0.04100794264448845,0.9058988875680101
"Santa Monica CA HSA, Los Angeles CA HRR, USA",0.04345846640243279,0.055359491516409544,0.09672853624534417,0.8479119722382463
"Renton WA HSA, Seattle WA HRR, USA",0.03932425688088551,0.0883792294773761,0.1487747976585921,0.7628459728640317
"Kalamazoo MI HSA, Kalamazoo MI HRR, USA",0.08191651137490408,0.06592778734505902,0.18691861917118882,0.7471535934837522
"Roseville CA HSA, Sacramento CA HRR, USA",0.04732986859316983,0.03877299669332427,0.13309941111898746,0.8281275921876884
"Springfield MA HSA, Springfield MA HRR, USA",0.13098482754843285,0.04003776817275487,0.3621891754296788,0.5977730563975664
"Melbourne FL HSA, Orlando FL HRR, USA",0.08233632452487281,0.14566849565862325,0.14888507174942384,0.7054464325919529
"Virginia Beach VA HSA, Norfolk VA HRR, USA",0.05720274587995397,0.10925018368850009,0.10089506478387769,0.7898547515276222
"Albany NY HSA, Albany NY HRR, USA",0.09361045797907741,0.042042683058882216,0.18682813654879368,0.7711291803923241
"Aurora IL HSA, Aurora IL HRR, USA",0.08348997670289564,0.11104474583003508,0.12693500834210464,0.7620202458278603
"Newport Beach CA HSA, Orange Co. CA HRR, USA",0.03922395498561872,0.08663571695348342,0.10945901979616889,0.8039052632503477
"Kissimmee FL HSA, Orlando FL HRR, USA",0.08607866389319989,0.17717966930493015,0.16991499725716588,0.6529053334379039
"Glen Burnie MD HSA, Baltimore MD HRR, USA",0.05047295593300653,0.05678439069172458,0.12999630104286447,0.813219308265411
"Amarillo TX HSA, Amarillo TX HRR, USA",0.13143812561889778,0.22763567596958467,0.10079218538089127,0.671572138649524
"Parma OH HSA, Cleveland OH HRR, USA",0.08844064773106097,0.06599748046079423,0.14503449133686636,0.7889680282023395
"Santa Rosa CA HSA, Santa Rosa CA HRR, USA",0.05647820573747049,0.08909332000543502,0.1822172334127069,0.7286894465818581
"Sioux Falls SD HSA, Sioux Falls SD HRR, USA",0.0739847955521697,0.09185471736455449,0.08931450305991151,0.818830779575534
"Sun City AZ HSA, Sun City AZ HRR, USA",0.07822876896423252,0.09676185939176025,0.17747788799702086,0.7257602526112188
"Lakeland FL HSA, Lakeland FL HRR, USA",0.131982893545405,0.17892616686542445,0.1860467307941897,0.6350271023403858
"Lowell MA HSA, Boston MA HRR, USA",0.08982161461018251,0.03540668693975705,0.20728143135997612,0.7573118817002668
"Olympia WA HSA, Olympia WA HRR, USA",0.0591617175488821,0.07458591673113403,0.19275488553322137,0.7326591977356446
"Pomona CA HSA, Los Angeles CA HRR, USA",0.06951169406037486,0.11631107005434632,0.22551963609320122,0.6581692938524526
"Walnut Creek CA HSA, Contra Costa Co. CA HRR, USA",0.030676206954987923,0.026369749430583643,0.06967028131944503,0.9039599692499714
"West Covina CA HSA, Los Angeles CA HRR, USA",0.07028041387224591,0.10810825829225286,0.2528201125283658,0.6390716291793814
"Anchorage AK HSA, Anchorage AK HRR, USA",0.06254541497687718,0.14415068018594118,0.17433683413000706,0.6815124856840518
"Provo UT HSA, Provo UT HRR, USA",0.040767524556679605,0.11374172380974834,0.07742742167771015,0.8088308545125414
"Canoga Park CA HSA, Los Angeles CA HRR, USA",0.05167653004011313,0.09171455784962913,0.19485071910817023,0.7134347230422006
"Asheville NC HSA, Asheville NC HRR, USA",0.13946549185218576,0.15886728253362772,0.14062560701243842,0.7005071104539339
"Valencia CA HSA, Los Angeles CA HRR, USA",0.03828808153132799,0.06488225796110154,0.1408258670374898,0.7942918750014087
"Cedar Rapids IA HSA, Cedar Rapids IA HRR, USA",0.08741476415889034,0.05181888588988995,0.15397972005158284,0.7942013940585272
"Winter Haven FL HSA, Orlando FL HRR, USA",0.11444218598195352,0.20370931486559887,0.1726503070703853,0.6236403780640158
"Killeen TX HSA, Temple TX HRR, USA",0.07494458186816126,0.23504239083649991,0.16442192922046264,0.6005356799430374
"Peoria IL HSA, Peoria IL HRR, USA",0.11731602466546977,0.07838010544933101,0.1844104569194922,0.7372094376311769
"Evansville IN HSA, Evansville IN HRR, USA",0.10800529518737363,0.08922633970510517,0.17464277994496616,0.7361308803499287
"Jersey City NJ HSA, Newark NJ HRR, USA",0.08880569171244315,0.12321071689464919,0.17710666514097634,0.6996826179643745
"Spartanburg SC HSA, Spartanburg SC HRR, USA",0.1393265776575868,0.13502892505529118,0.15552347271439265,0.7094476022303162
"Waukegan IL HSA, Milwaukee WI HRR, USA",0.08115768786241723,0.1296639254215349,0.15817435893606535,0.7121617156423998
"Naperville IL HSA, Hinsdale IL HRR, USA",0.031060240028040535,0.05112497111418222,0.07084137851514073,0.878033650370677
"Laredo TX HSA, San Antonio TX HRR, USA",0.21789176265632273,0.39378543592893084,0.10471958192885265,0.5014949821422164
"Harrisburg PA HSA, Harrisburg PA HRR, USA",0.12499517347735227,0.07971838746264868,0.18217224973961818,0.7381093627977332
"Scottsdale AZ HSA, Phoenix AZ HRR, USA",0.04045912395131172,0.08015291852820991,0.08053067150715756,0.8393164099646325
"Gainesville GA HSA, Atlanta GA HRR, USA",0.08533244834435898,0.21809937364826584,0.09864023636581404,0.6832603899859201
"Columbia MO HSA, Columbia MO HRR, USA",0.10674965998722719,0.10962213289077412,0.10772314618338469,0.7826547209258412
"Rock Hill SC HSA, Charlotte NC HRR, USA",0.07639328898664074,0.12475480416047192,0.11329253320686611,0.7619526626326619
"Frederick MD HSA, Washington DC HRR, USA",0.0705247249679233,0.05858062251340631,0.1205544165233756,0.820864960963218
"Brockton MA HSA, Boston MA HRR, USA",0.08535219549638538,0.04217072732181214,0.25681809680132195,0.7010111758768658
"Corona CA HSA, Orange Co. CA HRR, USA",0.05782395025735474,0.09205641956407834,0.1600652275829749,0.7478783528529468
"Waterbury CT HSA, New Haven CT HRR, USA",0.12545991645601928,0.06603442139485896,0.24747930029975854,0.6864862783053824
"Pembroke Pines FL HSA, Miami FL HRR, USA",0.05523548440034891,0.08707865031197827,0.05867289774006234,0.8542484519479594
"Arlington VA HSA, Arlington VA HRR, USA",0.05528126932310604,0.09315552488053873,0.04136249714806899,0.8654819779713923
"Athens GA HSA, Atlanta GA HRR, USA",0.09659421117296889,0.15384785610154406,0.11379093143470119,0.7323612124637547
"Portland ME HSA, Portland ME HRR, USA",0.0697970765225197,0.07222891727744775,0.11918910866962898,0.8085819740529234
"Charlottesville VA HSA, Charlottesville VA HRR, USA",0.10482703353946944,0.09724093361241086,0.10797972915473791,0.7947793372328512
"Ogden UT HSA, Ogden UT HRR, USA",0.05429265402280488,0.1084646771156388,0.1035093045805678,0.7880260183037933
"Belleville IL HSA, St Louis MO HRR, USA",0.12228709798122028,0.08424496674657472,0.20913042982253235,0.706624603430893
"Waco TX HSA, Waco TX HRR, USA",0.1315587824977663,0.19301552437399308,0.12721781030309273,0.6797666653229141
"Columbus GA HSA, Columbus GA HRR, USA",0.1497074775531327,0.17313273667916254,0.1827943238805419,0.6440729394402955
"Manassas VA HSA, Arlington VA HRR, USA",0.026840606487832677,0.15146343878351615,0.05739775541522454,0.7911388058012593
"Fargo Moorhead -Mn ND HSA, Fargo Moorhead -Mn ND HRR, USA",0.08259369134666966,0.06950801239790778,0.11507149540701402,0.8154204921950782
"Sarasota FL HSA, Sarasota FL HRR, USA",0.07373975492075367,0.18335062136491592,0.09851572021405655,0.7181336584210276
"Tomball TX HSA, Houston TX HRR, USA",0.05230136068564896,0.14783303934262662,0.05888478362346213,0.7932821770339112
"Canton OH HSA, Canton OH HRR, USA",0.12808705732500858,0.09094708457918815,0.22415780464295063,0.6848951107778612
"Salinas CA HSA, Salinas CA HRR, USA",0.08447016350616555,0.17669523456327538,0.23150962443249917,0.5917951410042254
"Eugene OR HSA, Eugene OR HRR, USA",0.058278974868658226,0.08865577936011869,0.23008852988014827,0.681255690759733
"Woodbridge VA HSA, Arlington VA HRR, USA",0.026216093479096734,0.1434272386351841,0.08800658250285082,0.7685661788619651
"Stockbridge GA HSA, Atlanta GA HRR, USA",0.05528476056963708,0.1335864023748,0.09491161425352157,0.7715019833716784
"Atlantis FL HSA, Fort Lauderdale FL HRR, USA",0.1039443250228646,0.2857653748234716,0.11732150264463737,0.596913122531891
"Van Nuys CA HSA, Los Angeles CA HRR, USA",0.07869703844017518,0.1470619293899429,0.27945673147156747,0.5734813391384896
"Bremerton WA HSA, Seattle WA HRR, USA",0.05028715959098921,0.07187485677535335,0.21275867489281056,0.7153664683318361
"Roanoke VA HSA, Roanoke VA HRR, USA",0.14476236404729753,0.10998174234253012,0.1699181561796618,0.720100101477808
"Chandler AZ HSA, Mesa AZ HRR, USA",0.048977928887524,0.09326303050783512,0.09931096666046793,0.807426002831697
"Bryan TX HSA, Bryan TX HRR, USA",0.09253649909801714,0.15131455889142748,0.08357873519876198,0.7651067059098106
"Wheat Ridge CO HSA, Denver CO HRR, USA",0.05826568648524875,0.06746999898178159,0.12448109706631894,0.8080489039518995
"Langhorne PA HSA, Philadelphia PA HRR, USA",0.05377476053348735,0.04863608266484146,0.1131303691704448,0.8382335481647137
"Natick MA HSA, Boston MA HRR, USA",0.05456943923979512,0.03781225226576925,0.15061071858326797,0.8115770291509627
"Poughkeepsie NY HSA, Albany NY HRR, USA",0.06638778637794021,0.05745806217357221,0.17586829856000186,0.766673639266426
"Youngstown OH HSA, Youngstown OH HRR, USA",0.13019729773933394,0.07245188997724632,0.276656821974765,0.6508912880479887
"South Bend IN HSA, South Bend IN HRR, USA",0.122993962219486,0.09838738981649911,0.1607961600576386,0.7408164501258623
"Erie PA HSA, Erie PA HRR, USA",0.12147673995730492,0.060097371744396506,0.24573175515760023,0.6941708730980034
"Lakewood NJ HSA, Camden NJ HRR, USA",0.17187852464636452,0.08024390722113589,0.2545557304391525,0.6652003623397116
"Macon GA HSA, Macon GA HRR, USA",0.16237551129218739,0.17479588738905233,0.19399333616684533,0.6312107764441024
"Passaic NJ HSA, Hackensack NJ HRR, USA",0.10849802904206121,0.1966856719567532,0.1860763665569109,0.6172379614863359
"Kettering OH HSA, Kettering OH HRR, USA",0.06657763221231214,0.06661304923047359,0.12345721182983782,0.8099297389396884
"Schenectady NY HSA, Albany NY HRR, USA",0.07915062729948337,0.04207334124823159,0.1959472137501081,0.7619794450016603
"Beaumont TX HSA, Beaumont TX HRR, USA",0.14269023443032083,0.25346598935658693,0.12845976252156352,0.6180742481218496
"Fort Smith AR HSA, Fort Smith AR HRR, USA",0.18070516746334825,0.1575472491739951,0.24642106510971423,0.5960316857162907
"West Columbia SC HSA, Columbia SC HRR, USA",0.1024118196484297,0.14209652795027997,0.14035461420212844,0.7175488578475916
"Humble TX HSA, Houston TX HRR, USA",0.07297417611038519,0.2449805735783802,0.08213227694005888,0.6728871494815608
"Olathe KS HSA, Kansas City MO HRR, USA",0.05837942587240151,0.08930226685437964,0.05746795282939426,0.8532297803162262
"Hemet CA HSA, San Bernardino CA HRR, USA",0.08974013574916567,0.11164122302774711,0.3168955797884641,0.5714631971837887
"South Weymouth MA HSA, Boston MA HRR, USA",0.053333067345802086,0.024058601759918825,0.12917998823458768,0.8467614100054935
"Oak Lawn IL HSA, Blue Island IL HRR, USA",0.11926216848201503,0.11952413105455004,0.1632752504942307,0.7172006184512194
"Reston VA HSA, Arlington VA HRR, USA",0.02381274483429997,0.10515352422618986,0.04315346207783794,0.8516930136959723
"Tuscaloosa AL HSA, Tuscaloosa AL HRR, USA",0.1412188763152854,0.10011870624632438,0.16434415509606623,0.7355371386576094
"Riverdale GA HSA, Atlanta GA HRR, USA",0.11220107547480913,0.23432150184035644,0.16814001460763275,0.5975384835520109
"Antioch CA HSA, Contra Costa Co. CA HRR, USA",0.045274519814905066,0.0584662541145272,0.22030435504614573,0.7212293908393269
"Springfield IL HSA, Springfield IL HRR, USA",0.1226928369097479,0.05700156988781186,0.20192227782900368,0.7410761522831845
"Binghamton NY HSA, Binghamton NY HRR, USA",0.12154937780180561,0.0541227748690565,0.2751367079991316,0.670740517131812
"Inglewood CA HSA, Los Angeles CA HRR, USA",0.08197157880649035,0.11304754809506815,0.25044135745453244,0.6365110944503996
"Princeton NJ HSA, New Brunswick NJ HRR, USA",0.04531700267989665,0.04783521033920746,0.06851239718743474,0.8836523924733578
"Rochester MN HSA, Rochester MN HRR, USA",0.07943411834575866,0.0535785579820611,0.13213899142687197,0.814282450591067
"Port Jefferson NY HSA, East Long Island NY HRR, USA",0.07200092414205742,0.0406199029888096,0.15230733658614287,0.8070727604250476
"Arcadia CA HSA, Los Angeles CA HRR, USA",0.08320356098068046,0.10813834847854335,0.2377617750809731,0.6540998764404835
"Conroe TX HSA, Houston TX HRR, USA",0.0688896816056362,0.2266906751608584,0.07027647290214077,0.7030328519370009
"Topeka KS HSA, Topeka KS HRR, USA",0.13886089718177097,0.10042180007442703,0.1304803424084085,0.7690978575171645
"Mission Viejo CA HSA, Orange Co. CA HRR, USA",0.03198165751114296,0.0491684147300907,0.09026566919804926,0.8605659160718601
"Kirkland WA HSA, Seattle WA HRR, USA",0.02586336252873789,0.04620385958237753,0.07009711448357968,0.8836990259340427
"Fountain Valley CA HSA, Orange Co. CA HRR, USA",0.07663736353529037,0.11464282680789571,0.2708785813798007,0.6144785918123036
"Lynchburg VA HSA, Lynchburg VA HRR, USA",0.15300101295178778,0.10446664887434437,0.16143045553767685,0.7341028955879789
"Clarksville TN HSA, Nashville TN HRR, USA",0.08433195579962482,0.13142131477269528,0.19540103686865334,0.6731776483586513
"Urbana IL HSA, Urbana IL HRR, USA",0.08259178782284034,0.06041620147004547,0.14566190831224643,0.7939218902177081
"North Kansas City MO HSA, Kansas City MO HRR, USA",0.06566527909648184,0.10775766445177598,0.08212834759678181,0.8101139879514423
"Norristown PA HSA, Philadelphia PA HRR, USA",0.060000294449521326,0.05596657491816983,0.11119824314293883,0.8328351819388915
"Oxnard CA HSA, Ventura CA HRR, USA",0.0994073067051861,0.2310461619540478,0.2251700318399346,0.5437838062060176
"Shawnee Mission KS HSA, Kansas City MO HRR, USA",0.04418450879074776,0.08769892002116779,0.052655053868569786,0.8596460261102625
"Berwyn IL HSA, Melrose Park IL HRR, USA",0.11207563626279514,0.1729133056267298,0.17151048519690879,0.6555762091763614
"Greeley CO HSA, Greeley CO HRR, USA",0.08728261023586538,0.11795321925876022,0.18871792094576872,0.6933288597954711
"Merced CA HSA, Modesto CA HRR, USA",0.09564644872979654,0.12114886010189364,0.3590890536572621,0.5197620862408443
"Layton UT HSA, Ogden UT HRR, USA",0.04915406290847808,0.07834789491064004,0.08627475698632894,0.835377348103031
"Lafayette IN HSA, Lafayette IN HRR, USA",0.0779864203306075,0.0836290885902329,0.12389307074514487,0.7924778406646222
"Evanston IL HSA, Evanston IL HRR, USA",0.049429859676060055,0.04645094396487698,0.07877209507693948,0.8747769609581836
"Waukesha WI HSA, Milwaukee WI HRR, USA",0.05957858663933897,0.04882396368845582,0.09247314947954531,0.858702886831999
"Pasadena TX HSA, Houston TX HRR, USA",0.08822902049384662,0.33082378614607133,0.10714561292196095,0.5620306009319677
"Boca Raton FL HSA, Fort Lauderdale FL HRR, USA",0.05107503544239242,0.12098947013153773,0.08174782894977185,0.7972627009186904
"Warren MI HSA, Detroit MI HRR, USA",0.10953973204318664,0.07943634857909528,0.2706108644127818,0.6499527870081229
"Metairie LA HSA, Metairie LA HRR, USA",0.12503237569260245,0.15433496082773598,0.19613855872180114,0.6495264804504628
"Pasadena CA HSA, Los Angeles CA HRR, USA",0.07163676945690635,0.08268289716371426,0.16792769311130012,0.7493894097249855
"Manchester NH HSA, Manchester NH HRR, USA",0.07005569256492081,0.08713225006904143,0.12923191894033406,0.7836358309906245
"Appleton WI HSA, Appleton WI HRR, USA",0.08598337505662187,0.055878642211290484,0.12325601639569567,0.8208653413930139
"Elmhurst IL HSA, Melrose Park IL HRR, USA",0.08252984727751295,0.10249578090660727,0.11687842995673184,0.780625789136661
"Fort Collins CO HSA, Fort Collins CO HRR, USA",0.04008446058749665,0.07297041651302234,0.11869954982940337,0.8083300336575743
"Elizabeth NJ HSA, Newark NJ HRR, USA",0.13338976022667348,0.22279380723909034,0.21773895502793,0.5594672377329797
"Brownsville TX HSA, Harlingen TX HRR, USA",0.1960740805564683,0.4305221582937706,0.1274132770259595,0.4420645646802699
"Sanford FL HSA, Orlando FL HRR, USA",0.08795875672820548,0.15234888839414948,0.152596685544173,0.6950544260616776
"Scranton PA HSA, Scranton PA HRR, USA",0.1293638149701213,0.06880143729099722,0.21770379095101583,0.713494771757987
"Clinton MD HSA, Washington DC HRR, USA",0.04628140577902225,0.04893200847762821,0.1251134350392329,0.8259545564831389
"Thousand Oaks CA HSA, Ventura CA HRR, USA",0.044490443930533564,0.06181154690612609,0.10881873444985088,0.8293697186440231
"Annapolis MD HSA, Washington DC HRR, USA",0.04051408568365477,0.06118792369549324,0.10778788559370914,0.8310241907107976
"Bellingham WA HSA, Seattle WA HRR, USA",0.07111204684213601,0.07480434011167268,0.19021285875700955,0.7349828011313176
"Franklin TN HSA, Nashville TN HRR, USA",0.03982854982077567,0.0775888940358913,0.05432817093150806,0.8680829350326007
"Laguna Hills CA HSA, Orange Co. CA HRR, USA",0.03781900619574039,0.06533242674201428,0.11129602370635192,0.8233715495516338
"Panorama City CA HSA, Los Angeles CA HRR, USA",0.1259588027823754,0.17022624143812817,0.3405947911973109,0.489178967364561
"Beech Grove IN HSA, Indianapolis IN HRR, USA",0.07647810428011598,0.09928284183775375,0.19668228182064676,0.7040348763415996
"Visalia CA HSA, Bakersfield CA HRR, USA",0.11700316674998193,0.10696530516806213,0.3558986183476286,0.5371360764843092
