longname,White %,Hispanic %,Black %,Asian %,Native %,Hawaiian / PI %,Other / Mixed %
"Los Angeles CA HRR, USA",0.2545711347402664,0.48173140729102387,0.07634300477662281,0.1463024416841587,0.0018740075196762344,0.002054533002830286,0.03712347098542175
"Houston TX HRR, USA",0.3545822936145108,0.3648394194668718,0.16730326643693832,0.07746530622455425,0.002157090830253264,0.000604157416035539,0.03304846601083601
"Atlanta GA HRR, USA",0.4750761443516392,0.12380373621679319,0.297476206466818,0.058417559759230804,0.0018099174619334302,0.0003806516824075574,0.04303578406117785
"Dallas TX HRR, USA",0.4391104109096589,0.2814014434324309,0.14944225352502907,0.0833684569250851,0.005464214976468636,0.0006808839577713415,0.04053233627355604
"New York NY HRR, USA",0.4143121909927841,0.21361277681814134,0.18621781580470084,0.13650453881285837,0.0012940686414007912,0.00035613839657051366,0.04770247053354401
"Boston MA HRR, USA",0.6651510980438252,0.11931628264391234,0.06928988303383783,0.0815326782758585,0.0013372101259638538,0.0002232193281136512,0.06314962854848856
"East Long Island NY HRR, USA",0.4301659934647604,0.2349672782357486,0.1249229167784732,0.16236819908279826,0.002830789544831804,0.000300940997540425,0.044443881895847276
"Philadelphia PA HRR, USA",0.5643529102808817,0.1052760102907723,0.2131538170329789,0.0764302434110977,0.001203242752861169,0.00025942932369890285,0.03932434690770933
"Orlando FL HRR, USA",0.5104158946691754,0.2703318770182627,0.1327093047199613,0.03489090406996697,0.0020489050956737204,0.0006499031188280582,0.04895321130813184
"San Diego CA HRR, USA",0.4059914002254643,0.38178517942045614,0.04194682365814494,0.10972631317314403,0.003972021810883264,0.003583534081462694,0.052994727630444605
"Phoenix AZ HRR, USA",0.4944050919889518,0.33914306849810805,0.051061718014081735,0.031027445011521902,0.042034986136464024,0.0018301996242742265,0.0404974907265983
"Minneapolis MN HRR, USA",0.7652797342771193,0.06028897989238724,0.07416323554140268,0.04733658278986832,0.006976249907885276,0.0004418661489842911,0.04551335144235297
"Orange Co. CA HRR, USA",0.37106365823637133,0.34846898003005,0.019423846427667722,0.21308990265918132,0.0018107193556549598,0.0024906326081020613,0.04365226068297258
"St Louis MO HRR, USA",0.7292184313592889,0.03669837357327665,0.1558243076697056,0.026061130045344997,0.0021497772393537203,0.00044861114188005086,0.04959936897115013
"San Bernardino CA HRR, USA",0.26570440807794354,0.5372425941220754,0.07909426460162114,0.07311255180277304,0.004084287771256496,0.002953434149265077,0.03780845947506523
"Miami FL HRR, USA",0.16430385973076578,0.6317682247064593,0.15473148002244355,0.02211690968238844,0.0008547398742631109,0.0001870295727626035,0.026037756410917226
"Denver CO HRR, USA",0.6268809362774674,0.227312289554098,0.04876901311820004,0.04254960684326281,0.004637716771443586,0.0014883269429144203,0.048362110492613714
"Seattle WA HRR, USA",0.5871283387301919,0.10276192173223798,0.05304333667180751,0.1658996368641282,0.00915305163165365,0.007596052817528833,0.07441766155245193
"Nashville TN HRR, USA",0.7257245062353264,0.08375202697206637,0.11746556351137903,0.024424182198151654,0.002314374514230326,0.0009021823410410077,0.045417164227805215
"Columbus OH HRR, USA",0.7627390546681381,0.04037037449885373,0.11282154176559545,0.03424576943989279,0.001797748077468513,0.00026597754022484547,0.04775953400982662
"San Antonio TX HRR, USA",0.3036955763501919,0.586083568347737,0.054553095678128,0.023663658016400076,0.002454547822545754,0.0011067224813963255,0.028442831303600914
"Fort Lauderdale FL HRR, USA",0.4714035257873669,0.235837739412923,0.21554952719159834,0.028840233067620607,0.001192533406885245,0.00034960787529599865,0.046826833258309955
"Indianapolis IN HRR, USA",0.735824515594401,0.07533580373348343,0.11053705144191367,0.032514882988246056,0.001830649900258897,0.0003270413700818385,0.04363005497161516
"Portland OR HRR, USA",0.6929303494314337,0.14032180685803614,0.025137732231453318,0.0604329567937539,0.008109836031237149,0.00562099773624099,0.06744632091784473
"Camden NJ HRR, USA",0.6676488132214659,0.13924389930829884,0.10532260511256189,0.0452660307253424,0.0013179182657293888,0.0002474528827059608,0.040953280483895654
"Pittsburgh PA HRR, USA",0.8376474784517836,0.020932849905288275,0.0726693469912145,0.024547825093239974,0.0010672816868729893,0.0002718417015559042,0.04286337617004477
"Washington DC HRR, USA",0.46593170998578826,0.11302996409917819,0.29978852465048594,0.06768565015478802,0.001989784477042844,0.0004998760723903866,0.05107449056032636
"Sacramento CA HRR, USA",0.49183644223899786,0.23316740183490461,0.0589267764066957,0.13548434110829968,0.005495369503540906,0.0075340361799703,0.06755563272759096
"Charlotte NC HRR, USA",0.5908672600454488,0.11216135791038757,0.20926579318072563,0.0409210185723326,0.003320400122517811,0.0004095555519894841,0.0430546146165981
"Milwaukee WI HRR, USA",0.6461498642353405,0.14932328807116624,0.12108882565298633,0.041661676434174615,0.0027942875094693074,0.00030760460467711893,0.038674453492185935
"Kansas City MO HRR, USA",0.7125584224727763,0.09434702346535608,0.10260823214801966,0.027820691192059363,0.004624108605570011,0.0019612183193601232,0.05608030379685844
"Chicago IL HRR, USA",0.3167095524036344,0.2883650634583499,0.2895347781095389,0.07362551878060858,0.0012187377798451096,0.00019723258738372682,0.03034911688063932
"Baltimore MD HRR, USA",0.5248076460253436,0.07215407936424051,0.2893284368314376,0.06183386137130695,0.002047390726935868,0.0004026344995032654,0.04942595118123229
"Arlington VA HRR, USA",0.48034253031391755,0.18551553662091924,0.11366928512265392,0.16124992475336247,0.001321292855341292,0.0006842681569183854,0.057217162176887125
"Fort Worth TX HRR, USA",0.47879488295731176,0.28013134237450926,0.1449334210510904,0.04897540063523794,0.0037731650037384165,0.0020294817559429108,0.0413623062221693
"Las Vegas NV HRR, USA",0.40978555263175515,0.3036197932359775,0.11607459708468085,0.09790951060937804,0.004581969079136787,0.008052866105564818,0.05997571125350688
"Birmingham AL HRR, USA",0.6555035731550692,0.0571692111797719,0.23246165451345235,0.014423846206597023,0.0032345075090863375,0.0004326222581188636,0.036774585177904266
"Raleigh NC HRR, USA",0.5334755727946239,0.11806089632295132,0.24478905433478831,0.04954846044431183,0.0060162405055802625,0.00097569925827994,0.04713407633946447
"Salt Lake City UT HRR, USA",0.7387612378991406,0.15952250686484834,0.012409367605509829,0.026819939903452012,0.010958300037452472,0.011630114549336297,0.03989853314026037
"Austin TX HRR, USA",0.5031085210667209,0.3163902562249362,0.06352645225122183,0.06870278889773808,0.0024318212916150626,0.000646877620402564,0.0451932826473653
"Cleveland OH HRR, USA",0.6817068807117644,0.055288912528407716,0.1929486001644021,0.026935351288622407,0.0013273052560321067,0.00017455635607562496,0.04161839369469561
"Oklahoma City OK HRR, USA",0.6201805944321619,0.13625810689582485,0.07928066159132911,0.024651826288156948,0.04958160329030898,0.0025054781291514905,0.08754172937306672
"San Jose CA HRR, USA",0.27961102465937754,0.2710170432671338,0.021109893996070755,0.37933505818906865,0.0017791819001934325,0.0029691338581031915,0.04417866413005266
"Richmond VA HRR, USA",0.5642081699652499,0.08398632600638489,0.2608968888158642,0.03667206851857569,0.0031819820592933917,0.0005986165886912745,0.05045594804594069
"Jacksonville FL HRR, USA",0.6011827426139373,0.09868099038308048,0.21053463391325214,0.03640252997821208,0.0023822939582657196,0.0009186658308111428,0.049898143322441135
"Albany NY HRR, USA",0.7592699697618072,0.07878723171383381,0.06921305586017894,0.035661860174647564,0.00197599830030882,0.00030098697976466143,0.05479089720945904
"Louisville KY HRR, USA",0.7627724054418603,0.055438843712427764,0.11359096844255408,0.019365188125126588,0.00199684985757564,0.0008004636871749126,0.04603528073328076
"Memphis TN HRR, USA",0.4502159252710801,0.06047695791245415,0.43483851427319686,0.019136544793317493,0.001791553879613838,0.0003118175498516911,0.03322868632048585
"Albuquerque NM HRR, USA",0.3775991676509786,0.41575457555498957,0.01526751918624892,0.017280586746801913,0.13885607848969223,0.0006529791747505602,0.03458909319653818
"Cincinnati OH HRR, USA",0.7383390705186622,0.039960842707126146,0.14043437542627688,0.033201166006976326,0.0014855928443944662,0.0007215900428598121,0.04585736245370418
"Spokane WA HRR, USA",0.7344548646347295,0.15949248229928498,0.011456765930643525,0.018405244310692747,0.015554466878958603,0.0035074827075386966,0.05712869323815189
"Alameda Co. CA HRR, USA",0.28392840856739965,0.23194896882987506,0.09397281705061257,0.3206408244683961,0.0024267984967997363,0.007749853257908288,0.05933232932900863
"Newark NJ HRR, USA",0.27788518533531426,0.2950790106442162,0.28087712712492197,0.09550069056107867,0.0014451554687678991,0.00022441032075989328,0.048988420544941104
"Detroit MI HRR, USA",0.5101844661167415,0.04909229320459682,0.36621739794453223,0.0295288486656088,0.0022236413586678673,0.00019341139370009558,0.04255994131615274
"Tampa FL HRR, USA",0.48567952612682963,0.2742614778062415,0.14284642928566668,0.04806941441999105,0.0019712971516184633,0.0006285295266029884,0.0465433256830497
"Mesa AZ HRR, USA",0.6090111546411855,0.22548551294731853,0.04373985544526892,0.054625303761771056,0.01674698507052669,0.0027661253580295816,0.047625062775899694
"Little Rock AR HRR, USA",0.6736122150738639,0.06335203313228975,0.19751622745442043,0.012653807282898144,0.004125575310902512,0.0005299021213322633,0.04821023962429301
"Lexington KY HRR, USA",0.8561560936500228,0.039863060868403265,0.051147241045249786,0.013352785936564469,0.001650387638731495,0.0002730302633168102,0.03755740059771143
"San Francisco CA HRR, USA",0.38874851314659165,0.21447412665312607,0.07450240833141325,0.2553354076672908,0.0020853058545397514,0.004165448463385811,0.06068878988365271
"Hartford CT HRR, USA",0.664914088638358,0.1470788407305077,0.09325276308795245,0.048525100141771874,0.001761670233694072,0.0002494812453305427,0.04421805592238538
"New Haven CT HRR, USA",0.646538248706463,0.1738933745864923,0.0895579960981836,0.04090040674214487,0.0020976638917723912,0.00032784413199395205,0.04668446584294987
"Bronx NY HRR, USA",0.10018186120406991,0.5354595544738532,0.28487915356792753,0.046128519757969104,0.0020816009194469798,0.0003082851637764933,0.03096102491295677
"Ann Arbor MI HRR, USA",0.7125028423856549,0.04470937283437283,0.12103757904539154,0.06723527914934165,0.002376775814275814,0.00029912725225225223,0.051839023518711023
"Knoxville TN HRR, USA",0.8485579794002941,0.0515493707933344,0.040403894807792363,0.012855940707550343,0.0024249887090109644,0.0005381237327666561,0.04366970184925123
"Durham NC HRR, USA",0.5265960204652308,0.11149278525264578,0.2551545019843752,0.02584768874377744,0.03811065078244735,0.000486674856261549,0.042311677915261886
"Tulsa OK HRR, USA",0.5946158198704441,0.09989993421859496,0.06577095249244629,0.023610228451015153,0.10287821520553901,0.0009929926079539754,0.11223185715400653
"Honolulu HI HRR, USA",0.21451304723002013,0.09526761249978988,0.015121142844335368,0.3673886488818661,0.0015934318389394118,0.10210431060083937,0.20401180610420974
"Fort Myers FL HRR, USA",0.6545364158208751,0.22662130356768345,0.06803476236981236,0.015633462770693912,0.0017378360304746248,0.00028316629346620257,0.03315305314699438
"Omaha NE HRR, USA",0.7494587242547049,0.12269842151039065,0.055627915451376284,0.026072338069229203,0.004689632985863486,0.0006868258963967619,0.04076614183203869
"Buffalo NY HRR, USA",0.7497279410449497,0.05755486790562899,0.10938952188455829,0.035867422684100383,0.0073336075983329455,0.00021392669969771228,0.03991271218273204
"Hackensack NJ HRR, USA",0.4319068666500431,0.34536043421431056,0.055088108756591515,0.1367614726744062,0.0009142979875882025,0.00017432713037683346,0.029794492586683614
"Melrose Park IL HRR, USA",0.5341464150365917,0.2977175393303811,0.07578037229499018,0.061944936362880565,0.0009586584961201185,0.00013831757273260345,0.02931376090630382
"Norfolk VA HRR, USA",0.5337317221029804,0.07548359997676396,0.28568555984694005,0.04162452652855128,0.0029856815382255115,0.0013174533901523897,0.059171456616386474
"Fresno CA HRR, USA",0.27211069603275023,0.5548590497196341,0.04129060115817394,0.08937332528920497,0.00705541271042492,0.0012562681763950972,0.034054646913416795
"Rochester NY HRR, USA",0.7454610409346123,0.07503117380318876,0.09622707478132633,0.03527876654572932,0.001925653621531367,0.00021556961032174717,0.04586072070329014
"Allentown PA HRR, USA",0.7040112712637143,0.17161104819956474,0.05870113287384604,0.02768807057277468,0.0009825074833672745,0.00025863635728166196,0.03674733324945127
"Grand Rapids MI HRR, USA",0.7764044147372898,0.09530523270532353,0.057366035437232385,0.024024938638765966,0.0030651406654198386,0.00027730370441917724,0.04355693411154931
"Providence RI HRR, USA",0.707637197999061,0.14939502323354115,0.047766413611626285,0.03575578810760897,0.002954301909689455,0.00027530849369598144,0.056215966644777175
"Columbia SC HRR, USA",0.5266952718600383,0.05731483659328869,0.35653474468263,0.017587427259535476,0.0026833973967763285,0.0006782728422835915,0.038506049365447624
"Tucson AZ HRR, USA",0.5083406901976852,0.372185657281419,0.032329802299095045,0.025836473521934925,0.019793549053017123,0.0018829402330685905,0.03963088741378003
"Wichita KS HRR, USA",0.7140613212503901,0.15617172710490862,0.04633598549544929,0.023186421431853864,0.007219338982705268,0.000735578966519394,0.052289626768173426
"Bakersfield CA HRR, USA",0.282094882907773,0.5998924866685064,0.0349155127061935,0.04520584655582478,0.005591012268323925,0.0010408375192814154,0.03125942137409694
"Charleston SC HRR, USA",0.6579205688907079,0.07034474930375477,0.2063875503998414,0.016848175373862108,0.0035267898538444567,0.0008273407748705831,0.044144825403118794
"White Plains NY HRR, USA",0.5095017800432958,0.26356087196638595,0.12756322474832502,0.05686530239848406,0.001263283484323003,0.00016793649493976426,0.04107760086424632
"Des Moines IA HRR, USA",0.8139687120647161,0.07258493323390039,0.03934066595547589,0.03284129632911858,0.003072444478629163,0.0005158362566841343,0.037676111681475714
"El Paso TX HRR, USA",0.1725582211122496,0.7657552191510556,0.025345306939035146,0.012140605108503458,0.0040482670244985615,0.0015122257831978456,0.018640154881459793
"Winston-Salem NC HRR, USA",0.6828257096751277,0.10382350055650844,0.14939883556105862,0.023004604303890824,0.0027326425185982078,0.0003399945194913276,0.037874712865324955
"St Paul MN HRR, USA",0.7123479633669165,0.06543792491745673,0.07564273407063497,0.09442185762665829,0.004541789385233031,0.0003327193868457014,0.047275011246254786
"Madison WI HRR, USA",0.8129727727105097,0.07102785949420225,0.037382502544963864,0.0345069907905448,0.0032519454740430683,0.0002923097055319612,0.04056561928020435
"Contra Costa Co. CA HRR, USA",0.42455352377935623,0.24832496100757123,0.0795006558991327,0.17083676202739972,0.0025134192486597966,0.005782585791950861,0.06848809224592947
"Portland ME HRR, USA",0.8941898398208626,0.021753671815196628,0.02133068872021233,0.01590344896659775,0.002702441676622717,0.00031746088524191416,0.04380244811526603
"New Brunswick NJ HRR, USA",0.4170558195667511,0.20210822986760446,0.08778770157463678,0.2574828372827578,0.0012417678046404692,0.00022113673233323426,0.03410250717127622
"Harrisburg PA HRR, USA",0.7845910113619959,0.07741733198599082,0.06394053548589382,0.03343407752858889,0.001255088164196794,0.0003135421714220563,0.039048413301911694
"Takoma Park MD HRR, USA",0.24560637454371373,0.25662643617976183,0.36815009574531743,0.08223064149362695,0.00149695559810903,0.00031883938722996827,0.04557065705224104
"Dayton OH HRR, USA",0.7769869758100776,0.03212208866640688,0.12660554239980815,0.012562385719852522,0.0018481535325679686,0.0009620140283564642,0.04891283984293037
"Morristown NJ HRR, USA",0.6483358573365409,0.15916043218991582,0.05547393982423874,0.0974504420467463,0.0009639678085735543,0.00015483909951622223,0.038460521694468466
"Boise ID HRR, USA",0.7533273499512471,0.15920588098996286,0.011061375692399938,0.01808727856678769,0.006307140431995143,0.0022026285899110344,0.04980834577769624
"Syracuse NY HRR, USA",0.8065189406129906,0.04628381576207334,0.06674838611968271,0.024771406394941596,0.004847320296083145,0.0005120875376256555,0.050318043276603
"Jackson MS HRR, USA",0.459935391882083,0.02808602525834138,0.47531361977096626,0.009490815540850874,0.002928364382881246,0.00022916800507813287,0.024016615159799137
"Greenville SC HRR, USA",0.7044723248969521,0.08441154058514952,0.14638349036110668,0.019071837877119188,0.0019074780002569457,0.0005266404555979331,0.04322668782381768
"Baton Rouge LA HRR, USA",0.5397672428649269,0.061581126809107475,0.3449668734977024,0.018580924593501805,0.0021805416788278267,0.00023708036526314428,0.03268621019067039
"Toledo OH HRR, USA",0.7758260962246375,0.06668898883589887,0.09582444719952299,0.013196222928085411,0.0017365038857668016,0.0002302602141520542,0.04649748071193643
"Modesto CA HRR, USA",0.37451377776305683,0.4875315953885741,0.02667779017556789,0.057744260041692454,0.005482744415301587,0.004690918952264827,0.04335891326354229
"Savannah GA HRR, USA",0.5751970238026408,0.09217360590614129,0.2689184373492165,0.019551531040775543,0.002156040118534902,0.0013234785515531162,0.0406798832311378
"Manchester NH HRR, USA",0.8625952019184713,0.04959645911776119,0.01563727527166184,0.026817784347498767,0.0015278830730645317,0.0002727985002426638,0.043552597771299696
"Evanston IL HRR, USA",0.6445809003977321,0.13074067022086824,0.0356001946348481,0.15395299145299146,0.0008018109503258018,0.00019357705001269356,0.03412985529322163
"Colorado Springs CO HRR, USA",0.6617398396837971,0.1936284531445657,0.0470982085814316,0.02450529418278773,0.006276992665661496,0.0030762055659196035,0.06367500617583673
"Tacoma WA HRR, USA",0.6196474583138908,0.12101768743257967,0.06810302743583416,0.06718056095876165,0.010494133824453336,0.019689702105831475,0.09386742992864894
"Fort Wayne IN HRR, USA",0.8167640223186169,0.06606102136945471,0.05232699967178504,0.02367139473614179,0.0021766417400714976,0.0003149089425269003,0.038685011221403165
"Springfield MO HRR, USA",0.8687091352730644,0.040824804435585185,0.01555581612198976,0.010934856530260138,0.006167607497613026,0.0009726572751079024,0.05683512286637967
"Ventura CA HRR, USA",0.43892766497461927,0.42060539385750284,0.016158519884599935,0.07556695760143155,0.0023417813972172515,0.0016353668334368038,0.044764315451192346
"Pensacola FL HRR, USA",0.6984643951223309,0.07208207598576813,0.1333070797635347,0.024644775463291555,0.006870956072588068,0.0014687498569027808,0.06316196773558382
"Worcester MA HRR, USA",0.7056293272116605,0.13145330162526747,0.05078559940616108,0.05322327152093328,0.0013207875697050508,0.00019817541158627389,0.05738953725468633
"Mobile AL HRR, USA",0.6360148144740172,0.04216719192105082,0.25610176899542225,0.015130776839732235,0.008149110901520554,0.00047963009822640383,0.04195670677003059
"Tallahassee FL HRR, USA",0.5551704492605339,0.0806238954515859,0.3064168449446563,0.017782066784485163,0.002498604780950609,0.00042670449260533903,0.03708143428518277
"San Mateo Co. CA HRR, USA",0.3741766546939331,0.23301331776057113,0.019802502664842028,0.3010878653237505,0.0012664595770728601,0.010803603781085426,0.05984959619874503
"Wilmington DE HRR, USA",0.5644553642621574,0.10130621045628901,0.2336894724674332,0.04787354505093206,0.002255259519978863,0.00029606178844910806,0.05012408645476034
"Greenville NC HRR, USA",0.5834992995612324,0.09025636889221546,0.26155486730807326,0.014680152732422902,0.003659362571066956,0.001343940937769485,0.0450060079972196
"Blue Island IL HRR, USA",0.4454809455635411,0.1784710484608497,0.32770805701727085,0.018860516449683742,0.0009779793056227226,0.0001711763044113211,0.028330276898620537
"Reno NV HRR, USA",0.6331066669228774,0.22589377504059338,0.020363947310267964,0.04046247634054246,0.01866454972569441,0.004987701886031072,0.05652088277399333
"Sioux Falls SD HRR, USA",0.8312478822935018,0.05620287537817264,0.021710636584080636,0.01802567655070377,0.0387608116076241,0.000627021995208105,0.03342509559070898
"Elgin IL HRR, USA",0.6202448115328276,0.22027115874558262,0.032028783725640914,0.0916605028691873,0.0010720173263138557,0.00018249674889897656,0.03454022905154869
"Springfield IL HRR, USA",0.8469564230880741,0.026879782178467433,0.07227565516632842,0.01097301181127176,0.0018126583554978508,0.0002861428697482699,0.04081632653061225
"Eugene OR HRR, USA",0.7944852619443504,0.0893338863037101,0.008338945475345258,0.02431674549031097,0.01045570593136826,0.002275295541105611,0.07079415931380942
"Charleston WV HRR, USA",0.9052407879708515,0.012566227674222871,0.03422511233716046,0.0064938454897696465,0.001780077646019209,0.00018717554646983098,0.03950677333550644
"Mcallen TX HRR, USA",0.0583467157082954,0.9203815656522409,0.004127348392731756,0.010814364173614742,0.0006876718356227184,7.640798173585761e-05,0.005565926255758593
"Provo UT HRR, USA",0.7924992184478109,0.13214325454227535,0.005991458561837999,0.01433419701473557,0.004005786135529097,0.009130913965675287,0.041895171332135835
"Everett WA HRR, USA",0.7014308810781201,0.12815572964032526,0.023513410022815387,0.057152809909004364,0.012390244161866926,0.005388739090894586,0.07196818609697336
"Springfield MA HRR, USA",0.6818075013951302,0.1854695514489329,0.056407319293917235,0.033265512646955944,0.0013657590977178605,0.00032041269154671216,0.0413639434257991
"Lubbock TX HRR, USA",0.4499191759557493,0.44732665615753536,0.05317005405651132,0.01689082135680105,0.004691671981399105,0.00049336761502886,0.027508252876974976
"Chattanooga TN HRR, USA",0.7735250649519443,0.05913407233616634,0.10314998506004788,0.015086001867828991,0.0026905312861355904,0.0005131840052738701,0.04590116049260305
"Macon GA HRR, USA",0.5178734658557691,0.04683380256513384,0.3838031745257915,0.015219902470204119,0.00183088425480167,0.0003615725562367203,0.034077197772063035
"Joliet IL HRR, USA",0.6696761727536089,0.17759379490071925,0.09428962344807333,0.022069711304242814,0.0010745295330942745,0.00012350914173497407,0.035172658918526514
"Anchorage AK HRR, USA",0.5772673732185587,0.06825863042919522,0.028351872188418725,0.059353657581184514,0.14532464872844025,0.017000402709838627,0.10444341514436391
"Columbia MO HRR, USA",0.8367316102828547,0.03803325501285704,0.05420470061478108,0.015610033338185045,0.0028375577873425793,0.00122540355838341,0.0513574394055961
"Lancaster PA HRR, USA",0.7802340413115428,0.11405415018993972,0.048042106316225325,0.023162364423052875,0.00100180352423642,0.00019174602821723437,0.033313788206785586
"Roanoke VA HRR, USA",0.8126363384520722,0.036929536250889204,0.08130261254752269,0.023700443104319537,0.0017860598239554752,0.00030904542550125915,0.04333596439573963
"Bridgeport CT HRR, USA",0.5434367943449417,0.2290200423568353,0.1269568998162667,0.054549152162021906,0.0009411071684034839,0.00016129258474873422,0.044934711566782144
"Lansing MI HRR, USA",0.7785173464817761,0.06330402357509789,0.07058489885255315,0.031614105186605776,0.005869907353459399,0.00029482911844689637,0.04981488943206084
"Augusta GA HRR, USA",0.5150966828319837,0.05702488859417936,0.36149432715379903,0.019007827909616585,0.002532972189285935,0.0011477749742909644,0.04369552634684439
"South Bend IN HRR, USA",0.7426048614814054,0.119867017647034,0.07376637482395877,0.014200072878606472,0.0025943658365352555,0.00034750995749685906,0.046619797374963245
"New Orleans LA HRR, USA",0.37663398117709995,0.10218427295316801,0.44582256917802915,0.033350462125424994,0.0032591633171665693,0.00033365948430603753,0.03841589176480526
"Asheville NC HRR, USA",0.8197658916194166,0.07845607540451202,0.033760476963729705,0.00928307306399254,0.014865614114785621,0.001080673855169952,0.042788194978393576
"Rockford IL HRR, USA",0.7119667154512622,0.14508359948458627,0.07966472704383698,0.018139683892756688,0.0015369264575750433,0.00023004500696485955,0.04337830266301794
"Royal Oak MI HRR, USA",0.6764988158515002,0.031959307068477376,0.1566378650889311,0.09097619565125345,0.0015327595599879185,0.00020323883668348092,0.04219181794316652
"Huntsville AL HRR, USA",0.6767068301513455,0.06835671288793524,0.17644144826327016,0.018946143753476502,0.0055213586420373405,0.0008690372228174639,0.053158469079117775
"Akron OH HRR, USA",0.7793330259632555,0.02344672244053745,0.11311694670174302,0.031904157632317826,0.001503068229020208,0.00026264440089242,0.050433434632233605
"Erie PA HRR, USA",0.8705758463788211,0.03214957790297303,0.040349737536631264,0.01187930763270276,0.0017856830747539952,0.00022284625647419354,0.043037001217643596
"Stockton CA HRR, USA",0.2623834340212283,0.41596361699560663,0.0809760202925589,0.17905770255040035,0.004496379061233739,0.0069637964976502886,0.050159050581321786
"Kalamazoo MI HRR, USA",0.7924360338249338,0.05835639779464022,0.07214357498414548,0.017977772774960016,0.004281823438789789,0.00021482688043412686,0.054589570302096616
"Evansville IN HRR, USA",0.873268619942411,0.03253777421557277,0.04335945617003592,0.00939531570041856,0.0017469647044854098,0.001236381987116692,0.03845548727995963
"Shreveport LA HRR, USA",0.5284626503151589,0.05417753207468447,0.3593601454350385,0.011058129312014782,0.006827698222295072,0.000484286757364884,0.039629557883443356
"Greensboro NC HRR, USA",0.5623828375327157,0.10476345908521942,0.2594478615790955,0.029077253861495247,0.003512628092639951,0.00030993777287999566,0.04050602207595422
"Burlington VT HRR, USA",0.8761697948159175,0.02698700142723408,0.020711775448504475,0.017984684090176638,0.010239253541228649,0.00023019904544129157,0.047677291631497365
"Billings MT HRR, USA",0.8412374856493883,0.05094158529509796,0.0043329588800967815,0.007240115051785648,0.045554705148937745,0.0007036428950584517,0.04998950707963509
"Canton OH HRR, USA",0.868845545106083,0.02754126832699673,0.048687832944007046,0.006958072593660077,0.001662093833600752,0.0002583404273199671,0.04604684676833245
"Springdale AR HRR, USA",0.6839963367330034,0.16256528710698803,0.020982518214751212,0.03204264642909609,0.0178756177074575,0.01980102083873811,0.06273657296996558
"Charlottesville VA HRR, USA",0.7580517807422184,0.08073838225938962,0.085143485529971,0.029262928402686537,0.0014896793353344905,0.0003292638874237179,0.04498447984297629
"Lafayette LA HRR, USA",0.6244294227404494,0.04762665685306062,0.2757252061180086,0.015629136079851762,0.003736595066080433,0.000167864313983743,0.03268511882856534
"Harlingen TX HRR, USA",0.07915632553740187,0.905294388707891,0.003408328415402152,0.005253158928672482,0.0008601663742855526,0.00016491911687429767,0.005862712919472582
"Youngstown OH HRR, USA",0.8127880240533623,0.03549789744473678,0.0985973208274929,0.006384092779112991,0.001313893776241288,0.0001739933589824478,0.04524477776007129
"Reading PA HRR, USA",0.7245125837861066,0.1791175235447505,0.04865698073774094,0.01336671213388849,0.0010563804401964964,0.00019532458062184835,0.033094494776695176
"Lincoln NE HRR, USA",0.8171962878952184,0.08585424558531204,0.026720501209157307,0.025777961864662437,0.00478607781330872,0.0004940993449514625,0.03917082628738971
"Gainesville FL HRR, USA",0.6609868789470119,0.10034144802374774,0.15608486147980632,0.033305636452839044,0.002747112063340508,0.00035350690412198964,0.04618055612913244
"Saginaw MI HRR, USA",0.8339487672004107,0.051153317547316654,0.061413124472189565,0.008908612210428705,0.0034342865658790215,0.00034607805798877317,0.04079581394578662
"Temple TX HRR, USA",0.47599503105590063,0.2516472049689441,0.17351221532091096,0.027241407867494825,0.0038194616977225673,0.007802898550724638,0.059981780538302276
"Peoria IL HRR, USA",0.8086264465849712,0.05391360393056055,0.07439652161588961,0.018179854864861674,0.0017395295002944208,0.0002750177580484875,0.042869025745374045
"Tyler TX HRR, USA",0.6244446554659467,0.19262061574567085,0.1315734140038391,0.010542219750256052,0.0037237758680331817,0.0003018361131648025,0.03679348305308924
"Ocala FL HRR, USA",0.747954062332335,0.11295952948527264,0.08073049313040348,0.015469326215847273,0.0025502061218529914,0.000339574716624899,0.039996807997663725
"Newport News VA HRR, USA",0.5262374445828398,0.07235794600087342,0.3075544060996685,0.030117707832405253,0.0029974969880592907,0.0014987484940296454,0.059236250002124076
"Fargo Moorhead -Mn ND HRR, USA",0.8235058748372871,0.03171141342986773,0.03244812935976123,0.014426924305443454,0.05414776220389687,0.00035376102927286654,0.04340613483447075
"Corpus Christi TX HRR, USA",0.3099735802653801,0.6136979105972877,0.030837517762445015,0.017871150310723213,0.0026454520313975672,0.0006661460407792691,0.024308242991987115
"Danville PA HRR, USA",0.8715899619686645,0.032757376888434414,0.03146340096794301,0.027091198162168977,0.0011959209116314251,0.0002486394867520679,0.035653501614405676
"Ogden UT HRR, USA",0.7770825366617162,0.14667887982783,0.01132800341494215,0.01526941581367222,0.004980123969514527,0.004492783266783463,0.04016825704554146
"Flint MI HRR, USA",0.7503237085208787,0.04030669795546786,0.14591184247273414,0.0086013978404924,0.0033404543162949612,0.00024119458418416385,0.05127470430994773
"Gary IN HRR, USA",0.6537270499141435,0.10806536830209724,0.1827054317037733,0.010236728943158637,0.0016602580095983093,0.00023298648311490086,0.043372176644114066
"Dearborn MI HRR, USA",0.7572175691666405,0.08144006173169971,0.0890716061871999,0.018785340198154324,0.002711838124124283,0.00020860293262494486,0.05056498165955632
"Green Bay WI HRR, USA",0.8384223322354917,0.06573178298351738,0.018484603661679828,0.021410723357033465,0.017944743013209714,0.0002886754856402691,0.03771713926342763
"Clearwater FL HRR, USA",0.7515867000467015,0.11672485204835512,0.05587902034191568,0.027488764862154236,0.0019828965601721062,0.0009512544308933752,0.04538651170980807
"Ridgewood NJ HRR, USA",0.6892741898921565,0.13922481170253237,0.058741319393111495,0.059728883185593,0.0011787687582912978,0.0001419253354464439,0.05171010173286892
"Pontiac MI HRR, USA",0.7371090498992847,0.06987347268626293,0.09893414709654592,0.044373012331085836,0.0020605417314983453,0.0002774192770212407,0.047372356978300986
"Santa Rosa CA HRR, USA",0.586093176645455,0.2883269684773016,0.01442745578764336,0.045025213715776696,0.006494778529263864,0.003461458457449709,0.0561709483871098
"Wilmington NC HRR, USA",0.7266292043984476,0.07310397800776197,0.14030562742561448,0.009805546571798189,0.007960058214747736,0.000535656532988357,0.041659928848641656
"Davenport IA HRR, USA",0.7848311848506612,0.07676920142988725,0.07062604228798189,0.01989223097304557,0.0018482225819933212,0.0006613837121073796,0.04537173416432343
"Hinsdale IL HRR, USA",0.627490432953364,0.104375919321467,0.06845346478655466,0.1600529773300158,0.0008178527905666174,0.00029703111299185606,0.038512321705039966
"Salisbury MD HRR, USA",0.6806707088182011,0.08484642000293777,0.17113112239069053,0.016002676633317555,0.0027623182255879617,0.00026113495781038336,0.044325618971454685
"Metairie LA HRR, USA",0.6242912222639778,0.1385809703948393,0.17381898060580642,0.023457402743548593,0.0022049709429676585,0.0002449967714408509,0.03740145627741939
"Montgomery AL HRR, USA",0.4789741345171846,0.03806456991600492,0.42507555388815943,0.0216198753621376,0.0023385231038579378,0.00040017507659601074,0.03352716813605953
"Winchester VA HRR, USA",0.8122916443756307,0.07309361815507848,0.04903818113538474,0.012428432662189577,0.001993080862437559,0.00032308889770040427,0.05083195391157854
"Kettering OH HRR, USA",0.8190076974206136,0.03711700508158408,0.06208752331739531,0.02854478011964236,0.001635969896438603,0.0003945196080533459,0.05121250455627265
"Beaumont TX HRR, USA",0.5553080220164287,0.16011226920594623,0.22398092538471928,0.025076171954569137,0.0031412220533085754,0.00028303161162916853,0.03209835777339889
"Santa Barbara CA HRR, USA",0.4155876048813589,0.46755490451622633,0.014221858406126471,0.055646629255840505,0.0038150425987958166,0.0012171084519026743,0.04195685188974936
"Topeka KS HRR, USA",0.7475222138911153,0.10850333100636898,0.056536615214899465,0.018441192439951393,0.009749549689307168,0.0020447121889839784,0.0572023855693737
"York PA HRR, USA",0.8002412691800319,0.08843860654030411,0.055769631326806915,0.01373194820523502,0.0014233145872387697,0.00027121085884885095,0.040124019301534405
"Medford OR HRR, USA",0.7601711518677963,0.12562931510858621,0.00774289652039254,0.01394813460626989,0.020072558257378685,0.0024135121734933022,0.07002243146608306
"Hudson FL HRR, USA",0.7563842030844102,0.13872392664934838,0.04061468986002872,0.015439588745300494,0.0027928490787324763,0.0004800894413205748,0.04556465314085912
"Kingsport TN HRR, USA",0.9215189705726499,0.017107075988271454,0.02111006111562511,0.005276963295297983,0.0018149221040731974,0.0001678030169216095,0.03300420390716077
"Amarillo TX HRR, USA",0.5355311695755025,0.35169805642411245,0.04787795502977435,0.023584916098508737,0.005622937868860077,0.00024120433990781125,0.03544376066333406
"Covington KY HRR, USA",0.8557302100415237,0.042820384548948,0.03760467865643416,0.01389284584616696,0.0013953415333950992,0.0013930982190327277,0.0471634411544993
"Sarasota FL HRR, USA",0.793498365039947,0.11189868866090591,0.04068859348488083,0.018486847280123155,0.0015506837616441743,0.0003415999011158181,0.03353522187138314
"Olympia WA HRR, USA",0.727791414661591,0.10419738746546037,0.02281317065866905,0.04225064542035127,0.015306330790974551,0.008071724463359634,0.0795693265395941
"Rochester MN HRR, USA",0.82918317707917,0.06134679288805655,0.03642301675212114,0.03383311826974683,0.0030238320905322537,0.000913544438227267,0.03527651848214591
"Ormond Beach FL HRR, USA",0.7478450058354853,0.07905474328459708,0.10472858101215803,0.021327090436236984,0.0024352812520102556,0.00048016394497183345,0.044129134234540554
"Urbana IL HRR, USA",0.7359381067598649,0.06258717236403409,0.09428976495917978,0.05983212354751023,0.0015073494775977078,0.00024356561680694667,0.04560191727500626
"Greeley CO HRR, USA",0.678244549568079,0.25084841628959276,0.014116899143637111,0.012048446206200217,0.004305186791817808,0.000825043940017202,0.03961145806065593
"St Petersburg FL HRR, USA",0.661708730903654,0.09628944848762128,0.14646467028587332,0.04493507596088993,0.002110679803977983,0.0007051321356306334,0.047786262422352926
"Lakeland FL HRR, USA",0.5809179627143993,0.23407176404815094,0.12379545996032242,0.018411623029979927,0.0022362868202973696,0.00039158608878624824,0.040175317338063815
"Salinas CA HRR, USA",0.2745864254425557,0.600550165809903,0.021405630885301355,0.05873186305717353,0.002983628053705305,0.0043827975788903566,0.037359489172470804
"Odessa TX HRR, USA",0.3666935850443428,0.5409167400071567,0.04728769137032273,0.016479849901836575,0.0035759533457770383,0.0011992379036547742,0.02384694242690935
"Missoula MT HRR, USA",0.862859133531387,0.039239783624768966,0.00348126070505811,0.007318147069354262,0.031307154123806115,0.000747539651051394,0.05504698129457417
"Spartanburg SC HRR, USA",0.6727295640772722,0.06899342977419848,0.19697105562274156,0.019608888587292393,0.0023217544514430987,0.0004798615672084902,0.03889544591984373
"Paterson NJ HRR, USA",0.4580440046729766,0.3459435696781135,0.11069417019447257,0.05639874771998086,0.0012678242241862972,8.25785893148163e-05,0.027569104920955288
"Morgantown WV HRR, USA",0.8947600765850223,0.019810918325843477,0.027863754054938843,0.012174736862990188,0.0017683005466107159,0.0003720127377161394,0.043250200886878365
"Lebanon NH HRR, USA",0.903284067687007,0.022653272069131886,0.008105971238831871,0.014471520482165096,0.0027811387765515395,0.00031069942735316924,0.04839333031895948
"Tupelo MS HRR, USA",0.6561437012909713,0.028580184844194428,0.2766837462229528,0.008674861138901624,0.0016716520734817726,0.00018996046289565597,0.028055893966602418
"Bangor ME HRR, USA",0.9163692609693241,0.016361809768267645,0.006919339463873237,0.008689642059717522,0.011595610471763803,0.0002363829300691934,0.03982795433698442
"Marshfield WI HRR, USA",0.9006762545341864,0.03320339455298716,0.008923851708343424,0.013228236556283803,0.013668309780301906,0.0005494405341291107,0.0297505123337682
"Fort Collins CO HRR, USA",0.7719434853168268,0.13223114494930824,0.013772111278029903,0.024209342383652795,0.0049525067969157606,0.0009071293550729767,0.051984279920193596
"Dothan AL HRR, USA",0.6531848218363645,0.050892204202428314,0.2394206678793287,0.009472492020455092,0.004237276948949393,0.0005174493968810474,0.042275087715592914
"Joplin MO HRR, USA",0.7872301162576121,0.06206289732048536,0.013000419886015656,0.010213660470004894,0.04576490127329766,0.0052873544774023765,0.07644065031518196
"Columbus GA HRR, USA",0.46018916781330244,0.07142276731058841,0.397637027486755,0.01931494382387675,0.0025298215581967304,0.00228063142612596,0.046625640581154724
"Paducah KY HRR, USA",0.8570324974362741,0.031066645993651207,0.05962804892976343,0.006152942232522461,0.0022713115668241625,0.00029105429658704833,0.04355749954437762
"Florence SC HRR, USA",0.4952604697558556,0.029197577633995976,0.42714914121565273,0.009122028595256654,0.007309614787116327,0.000237112783922118,0.03172405522820061
"Bradenton FL HRR, USA",0.6744363284728558,0.18322944039859923,0.08096819838178332,0.020815008659262134,0.001994088756071044,0.0006528591954807939,0.037904076135947685
"Waco TX HRR, USA",0.5647146913266491,0.24830503611277352,0.12967259391643918,0.014814025365021848,0.00352792967095429,0.000543809453539817,0.03842191415462225
"Iowa City IA HRR, USA",0.8015441791576955,0.07933186138043583,0.04760350525926028,0.030581878522744414,0.0014783526927138332,0.001620976700174166,0.03783924628697596
"Fort Smith AR HRR, USA",0.7058200475948113,0.08985240106194203,0.02930794943395188,0.022405326217037842,0.06872085505591703,0.0005694870489841397,0.08332393358735574
"La Crosse WI HRR, USA",0.8932233085906627,0.039117554399792184,0.012377783550453493,0.02053567974177716,0.00359256946094877,0.0003178042215454681,0.03083530003482029
"Grand Junction CO HRR, USA",0.7381306709016803,0.19738902524349478,0.005069799984451873,0.008640316293326521,0.005186410936996768,0.0007829592528014394,0.044800817387248316
"Palm Spr/Rancho Mir. CA HRR, USA",0.5089923852782046,0.36939193551978267,0.034906374546345154,0.03887794179858838,0.005961525616191303,0.0022543584262908287,0.03961547881459711
"Salem OR HRR, USA",0.6569603348726553,0.22776727248242312,0.011561747756947991,0.023415274637099717,0.010327297620316804,0.010966967236571146,0.05900110539398599
"Boulder CO HRR, USA",0.7409638892318745,0.15320978369459068,0.009198873011775006,0.043272306846116715,0.00344326332686026,0.0007408488331630878,0.04917103505561979
"Binghamton NY HRR, USA",0.8330084377979197,0.043956231591229245,0.039624923519116666,0.03058666173394613,0.0019920602171345637,0.00027319682977845446,0.05055848831087523
"Redding CA HRR, USA",0.724016207520496,0.11676182228505393,0.010965597731176537,0.034098306124848377,0.03442807697711964,0.002268249949100586,0.07746173941220495
"Sun City AZ HRR, USA",0.7218849286580786,0.1733059904107215,0.03288660389347813,0.025498238114493674,0.006126162555600485,0.0010455779562128127,0.03925249841141471
"Huntington WV HRR, USA",0.9202906805230614,0.012036720614307954,0.0233227891543919,0.006677006387844694,0.001749574289728334,0.00015188290995972182,0.035771346120706024
"Appleton WI HRR, USA",0.8587998174627319,0.045701598371205916,0.011309119842737123,0.024610353139406987,0.02453429594439634,0.0004885212141068545,0.034556294025414803
"Duluth MN HRR, USA",0.8672374295112782,0.01781015037593985,0.015519266917293233,0.007571663533834586,0.041456179511278196,0.00027901785714285713,0.050126292293233086
"Aurora IL HRR, USA",0.4995127093068106,0.32836915140754874,0.0804368244546319,0.055610026116425675,0.0010275797699281282,0.00025027014453836937,0.0347934388001166
