longname,No internet access %,Uninsured %,Public Insurance %,Private Insurance %
"Los Angeles CA HRR, USA",0.08716622787867562,0.12129135035519342,0.23975805826571206,0.6389505913790945
"Houston TX HRR, USA",0.09255491473980669,0.2366221024917384,0.09583794450491362,0.667539953003348
"Atlanta GA HRR, USA",0.0830436922359243,0.16703788563563976,0.10219770499836676,0.7307644093659935
"Dallas TX HRR, USA",0.08654338745824758,0.2072077802732614,0.07990283068682644,0.7128893890399122
"New York NY HRR, USA",0.10975202686864612,0.07460216671207286,0.25380821840216833,0.6715896148857589
"Boston MA HRR, USA",0.0768095112468877,0.03713835169109062,0.19960502962116292,0.7632566186877464
"East Long Island NY HRR, USA",0.08457229471609183,0.08387102654525286,0.19836229857355986,0.7177666748811873
"Philadelphia PA HRR, USA",0.09365769647223371,0.07146977108317401,0.1869237199260904,0.7416065089907357
"Orlando FL HRR, USA",0.08741792958106981,0.16799045120355804,0.1426731245693814,0.6893364242270607
"San Diego CA HRR, USA",0.055962491463398524,0.10030613162475478,0.20307009818051153,0.6966237701947336
"Phoenix AZ HRR, USA",0.10471679287797278,0.15595136663185238,0.20471251276090174,0.639336120607246
"Minneapolis MN HRR, USA",0.08121893146155809,0.06137222851626188,0.15775282338900373,0.7808749480947345
"Orange Co. CA HRR, USA",0.05320797859344381,0.09462175081284611,0.1681045274527492,0.7372737217344045
"St Louis MO HRR, USA",0.10826442916135857,0.09617619983262436,0.14554133195097152,0.7582824682164041
"San Bernardino CA HRR, USA",0.072000897113667,0.11568272482280582,0.2615944785811152,0.6227227965960791
"Miami FL HRR, USA",0.12039522855188223,0.2029339605457102,0.11484770694517299,0.6822183325091169
"Denver CO HRR, USA",0.05800352952526616,0.10195719278171904,0.13684742013235407,0.7611953870859269
"Seattle WA HRR, USA",0.04866868875718215,0.07265364477178847,0.14330102720047092,0.7840453280277407
"Nashville TN HRR, USA",0.1121804468371525,0.12386416785218324,0.1574521055484572,0.7186837265993596
"Columbus OH HRR, USA",0.10303924781635494,0.09032498617744443,0.20033575652682672,0.7093392572957289
"San Antonio TX HRR, USA",0.11666477073450635,0.2296959738920432,0.11799008440932397,0.6523139416986329
"Fort Lauderdale FL HRR, USA",0.08402662977147478,0.19208690408877138,0.11373971796609508,0.6941733779451335
"Indianapolis IN HRR, USA",0.10778434154257972,0.0982958620933196,0.1667948834859595,0.734909254420721
"Portland OR HRR, USA",0.06486691037338373,0.08497481516647717,0.18252787865158243,0.7324973061819403
"Camden NJ HRR, USA",0.08929683969509349,0.07782990696624241,0.1709258449296293,0.7512442481041282
"Pittsburgh PA HRR, USA",0.12348637780713737,0.057112375510451716,0.18775732344764795,0.7551303010419004
"Washington DC HRR, USA",0.07748057586433567,0.060773309873672667,0.1592437064501557,0.7799829836761716
"Sacramento CA HRR, USA",0.06958029778318234,0.06952188149517445,0.23243461257003148,0.6980435059347941
"Charlotte NC HRR, USA",0.0967489284923243,0.1412530857782168,0.12484837429748036,0.7338985399243028
"Milwaukee WI HRR, USA",0.10053761900059979,0.08200506604942973,0.1621924256287161,0.7558025083218542
"Kansas City MO HRR, USA",0.09041019070117084,0.1236279899023662,0.1016993620194337,0.7746726480782
"Chicago IL HRR, USA",0.12059109732558487,0.12814703563618213,0.19385809518858968,0.6779948691752281
"Baltimore MD HRR, USA",0.09122730456533047,0.060528823567034894,0.1899515089512881,0.749519667481677
"Arlington VA HRR, USA",0.03395650056704844,0.10052217282297037,0.054175592283369524,0.8453022348936602
"Fort Worth TX HRR, USA",0.07367239433738891,0.21373918411106127,0.08748189325103957,0.6987789226378992
"Las Vegas NV HRR, USA",0.09817137754274137,0.15361721432327516,0.18455110409555484,0.6618316815811699
"Birmingham AL HRR, USA",0.14857191680442433,0.1378825019244652,0.16239436566304083,0.699723132412494
"Raleigh NC HRR, USA",0.09873001499711323,0.13966267647669245,0.1308622743613721,0.7294750491619354
"Salt Lake City UT HRR, USA",0.063524855621042,0.12418049545439287,0.09442338382929515,0.781396120716312
"Austin TX HRR, USA",0.05971165774020431,0.1559979492382643,0.07094581773552977,0.7730562330262059
"Cleveland OH HRR, USA",0.12052764629147039,0.07285203881170521,0.20941776851017788,0.717730192678117
"Oklahoma City OK HRR, USA",0.12152148944331997,0.18447419363958625,0.11994909488274633,0.6955767114776673
"San Jose CA HRR, USA",0.04399727571731696,0.056088712248258746,0.13778881932910958,0.8061224684226317
"Richmond VA HRR, USA",0.10942941540213619,0.10284709843686093,0.13274514250083483,0.7644077590623043
"Jacksonville FL HRR, USA",0.09464873126050394,0.15909841148410434,0.14544820649692955,0.6954533820189661
"Albany NY HRR, USA",0.09845468507381484,0.05252659207787782,0.2222102827131369,0.7252631252089852
"Louisville KY HRR, USA",0.1283492599642972,0.07412895999004779,0.2346692623903804,0.6912017776195719
"Memphis TN HRR, USA",0.16362473631860341,0.15200002966230294,0.20009846143141058,0.6479015089062864
"Albuquerque NM HRR, USA",0.1731195220760125,0.1330507851002906,0.3061985164343508,0.5607506984653587
"Cincinnati OH HRR, USA",0.0943817553812964,0.07396006927532872,0.18050614702673407,0.7455337836979372
"Spokane WA HRR, USA",0.09515527879113204,0.11915007118537367,0.21926748227478854,0.6615824465398379
"Alameda Co. CA HRR, USA",0.060881704519593335,0.0534374011941894,0.17109724124592146,0.7754653575598892
"Newark NJ HRR, USA",0.11539333165399464,0.1488895555123247,0.1931075876785407,0.6580028568091347
"Detroit MI HRR, USA",0.13135034886325594,0.08314794076088144,0.31528660127066355,0.601565457968455
"Tampa FL HRR, USA",0.06705211224861735,0.15568190323469028,0.13090341431356076,0.713414682451749
"Mesa AZ HRR, USA",0.055462731007118064,0.11341714899958628,0.13323486162082726,0.7533479893795865
"Little Rock AR HRR, USA",0.17300352402497152,0.10997506906443198,0.2592557349912805,0.6307691959442876
"Lexington KY HRR, USA",0.14910069796427974,0.07778775740445758,0.32245345504147643,0.599758787554066
"San Francisco CA HRR, USA",0.06322286957401081,0.0548357305939361,0.16583396726642408,0.7793303021396397
"Hartford CT HRR, USA",0.09152870433599589,0.05382357119666497,0.20628080251151493,0.73989562629182
"New Haven CT HRR, USA",0.08956113053420396,0.07014623045478406,0.19802425331684884,0.7318295162283671
"Bronx NY HRR, USA",0.14544640113011761,0.10579943474248191,0.4109152220295159,0.48328534322800215
"Ann Arbor MI HRR, USA",0.0714382482979193,0.05633554483933895,0.1618780100648695,0.7817864450957915
"Knoxville TN HRR, USA",0.15375004985515983,0.13729616689881038,0.2027219805268719,0.6599818525743177
"Durham NC HRR, USA",0.14690598444363115,0.1462020595692409,0.16468248106046282,0.6891154593702963
"Tulsa OK HRR, USA",0.13261676453200266,0.19960057412535756,0.13202071567905843,0.6683787101955839
"Honolulu HI HRR, USA",0.08670475786851813,0.0550570988427745,0.16324250583591773,0.7817003953213078
"Fort Myers FL HRR, USA",0.08118610210814226,0.19909647733762664,0.13646436216861696,0.6644391604937564
"Omaha NE HRR, USA",0.10082309626319673,0.10702845009322132,0.1163446573520477,0.776626892554731
"Buffalo NY HRR, USA",0.1206534223755603,0.042343047324674914,0.25510683018569014,0.702550122489635
"Hackensack NJ HRR, USA",0.07657355165313649,0.1301802461475538,0.1431590254671598,0.7266607283852863
"Melrose Park IL HRR, USA",0.07904581082956405,0.1060389614433351,0.12271012235735222,0.7712509161993126
"Norfolk VA HRR, USA",0.08828630164709886,0.12052941149761782,0.14760822044386399,0.7318623680585182
"Fresno CA HRR, USA",0.12772387757961673,0.10622695567426876,0.337839656824585,0.5559333875011463
"Rochester NY HRR, USA",0.10226596906065138,0.04962602571901954,0.2257102178653995,0.7246637564155809
"Allentown PA HRR, USA",0.1056919905896458,0.07523798279852381,0.17578080735900017,0.7489812098424761
"Grand Rapids MI HRR, USA",0.10470771128222643,0.06867184668986519,0.1753812716355632,0.7559468816745716
"Providence RI HRR, USA",0.09132189070243593,0.053207132423299566,0.21556967036032107,0.7312231972163793
"Columbia SC HRR, USA",0.14800512474222458,0.1419787546616875,0.1697762051873646,0.6882450401509479
"Tucson AZ HRR, USA",0.09363438642689631,0.12349681754610013,0.2362292108441119,0.6402739716097879
"Wichita KS HRR, USA",0.12301231426214587,0.14110797159788674,0.12019054234003261,0.7387014860620806
"Bakersfield CA HRR, USA",0.1257515307876378,0.11651127989785892,0.3615252387090785,0.5219634813930625
"Charleston SC HRR, USA",0.10408154532200296,0.16078095800134845,0.14727619853932514,0.6919428434593263
"White Plains NY HRR, USA",0.07688812226510439,0.06833172250668378,0.17718098542550775,0.7544872920678084
"Des Moines IA HRR, USA",0.10681471520458569,0.06579840233897984,0.16403723837710843,0.7701643592839117
"El Paso TX HRR, USA",0.13616606030091866,0.26085063937312264,0.18506851935574317,0.5540808412711342
"Winston-Salem NC HRR, USA",0.1343844388565387,0.15990630275937112,0.15934518819033605,0.6807485090502928
"St Paul MN HRR, USA",0.06841028174949877,0.054758675818849446,0.16490029801239053,0.78034102616876
"Madison WI HRR, USA",0.08564982060182381,0.061873447454070196,0.12818342880270323,0.8099431237432266
"Contra Costa Co. CA HRR, USA",0.04249934817470611,0.05518241007786077,0.16733834612923654,0.7774792437929028
"Portland ME HRR, USA",0.09066509342775922,0.08989350540470105,0.16778138323135547,0.7423251113639435
"New Brunswick NJ HRR, USA",0.06048110145002578,0.08147476269193164,0.10506014384702407,0.8134650934610443
"Harrisburg PA HRR, USA",0.11880093973242306,0.0851584543698536,0.1603576370121412,0.7544839086180052
"Takoma Park MD HRR, USA",0.052531532273256985,0.13852805543805066,0.1395713488618066,0.7219005957001428
"Dayton OH HRR, USA",0.11358748110057594,0.083048732472581,0.21453403883709668,0.7024172286903223
"Morristown NJ HRR, USA",0.055064366521132876,0.0737107105607692,0.09497745543519451,0.8313118340040362
"Boise ID HRR, USA",0.08450396948614641,0.14434565901093868,0.13628180480180638,0.7193725361872549
"Syracuse NY HRR, USA",0.1112600629060231,0.050232697013240006,0.24599917671401453,0.7037681262727453
"Jackson MS HRR, USA",0.18856442646799984,0.16848025783488674,0.19021312759429365,0.6413066145708195
"Greenville SC HRR, USA",0.12186886676195721,0.14618340310135022,0.14279481096117635,0.7110217859374733
"Baton Rouge LA HRR, USA",0.11548857856449628,0.10851002308385016,0.22124426250111925,0.6702457144150307
"Toledo OH HRR, USA",0.10807231532715066,0.07019032734166307,0.20737607351496726,0.7224335991433696
"Modesto CA HRR, USA",0.09542600697970507,0.0951758760723679,0.3085734158229618,0.5962507081046703
"Savannah GA HRR, USA",0.11746827032926851,0.18600921774348814,0.1385150831570005,0.6754756990995114
"Manchester NH HRR, USA",0.06454497754720698,0.07995434241125307,0.12822021785571508,0.7918254397330318
"Evanston IL HRR, USA",0.06470646876197375,0.09410784682916695,0.0904117721408554,0.8154803810299778
"Colorado Springs CO HRR, USA",0.07386035028286862,0.11092516881544419,0.21826755756195,0.6708072736226058
"Tacoma WA HRR, USA",0.06018750303565097,0.08407712567738124,0.19083927602943515,0.7250835982931837
"Fort Wayne IN HRR, USA",0.12797816112012567,0.11061856509148815,0.16427348017760193,0.72510795473091
"Springfield MO HRR, USA",0.1452852281053285,0.1689157177760367,0.17068583455707348,0.6603984476668899
"Ventura CA HRR, USA",0.06817107126563585,0.11740791446646597,0.17045747359963948,0.7121346119338946
"Pensacola FL HRR, USA",0.10446260081462068,0.17446544723137583,0.16124627447036766,0.6642882782982564
"Worcester MA HRR, USA",0.08175522773187015,0.03228279475501835,0.23642316292953938,0.7312940423154421
"Mobile AL HRR, USA",0.1531415945127371,0.16546377456768077,0.16750340441069558,0.6670328210216236
"Tallahassee FL HRR, USA",0.16603583404190533,0.18136041433180958,0.15186031384722687,0.6667792718209635
"San Mateo Co. CA HRR, USA",0.04911725944725215,0.04661036027339807,0.1151130938850903,0.8382765458415116
"Wilmington DE HRR, USA",0.07133316542396353,0.06977745482012265,0.1953044365504724,0.7349181086294049
"Greenville NC HRR, USA",0.15100386607298827,0.16096797569166313,0.19476511649345124,0.6442669078148856
"Blue Island IL HRR, USA",0.10998663198111214,0.104314697666029,0.1980215735379378,0.6976637287960332
"Reno NV HRR, USA",0.09190783108418396,0.12424931979496008,0.1546160597974483,0.7211346204075916
"Sioux Falls SD HRR, USA",0.11312671412933,0.0996589884467826,0.11431128623847209,0.7860297253147452
"Elgin IL HRR, USA",0.04922279097438293,0.08964530442575543,0.0969654230809311,0.8133892724933134
"Springfield IL HRR, USA",0.14699623611187954,0.06959952871226512,0.21129363096308404,0.7191068403246508
"Eugene OR HRR, USA",0.08423850518241158,0.08997003962991719,0.2553713140181197,0.654658646351963
"Charleston WV HRR, USA",0.16933626056365125,0.09035057179265484,0.3284577024592438,0.5811917257481013
"Mcallen TX HRR, USA",0.21949238009149372,0.4441878803767593,0.11380958868387796,0.44200253093936276
"Provo UT HRR, USA",0.03800240098037148,0.09665920944484326,0.07631776822826966,0.8270230223268871
"Everett WA HRR, USA",0.060637401368982165,0.08512712642405819,0.16691142244161408,0.7479614511343278
"Springfield MA HRR, USA",0.1096190046625965,0.034832817447734664,0.290357648477194,0.6748095340750714
"Lubbock TX HRR, USA",0.13908208514273193,0.20633429631695768,0.1524746238436934,0.6411910798393489
"Chattanooga TN HRR, USA",0.13050168013691618,0.151008253789294,0.16242337269558363,0.6865683735151223
"Macon GA HRR, USA",0.18679226276084593,0.1797995544158484,0.18539964488373503,0.6348008007004166
"Joliet IL HRR, USA",0.08127642429867514,0.07351082745122435,0.13650348386617575,0.7899856886826
"Anchorage AK HRR, USA",0.09280348713307035,0.1573482489969003,0.19309012802064404,0.6495616229824557
"Columbia MO HRR, USA",0.144187165805391,0.12965172294229646,0.13181364869527393,0.7385346283624296
"Lancaster PA HRR, USA",0.12118912767716929,0.11153450818997909,0.14612542529844474,0.7423400665115761
"Roanoke VA HRR, USA",0.15498295625607567,0.09824130404645066,0.19231568628559256,0.7094430096679568
"Bridgeport CT HRR, USA",0.06845864970003863,0.10289825810124532,0.17390056938713294,0.7232011725116216
"Lansing MI HRR, USA",0.10725816978207268,0.06601118993291108,0.20849496423792688,0.725493845829162
"Augusta GA HRR, USA",0.15329152101210874,0.1666270554847606,0.16962879304115075,0.6637441514740886
"South Bend IN HRR, USA",0.13120002410669077,0.12699287827136413,0.16507687798546927,0.7079302437431666
"New Orleans LA HRR, USA",0.16242449273798992,0.11665263819518316,0.28989810508520397,0.5934492567196129
"Asheville NC HRR, USA",0.15342389073645307,0.18196218506012632,0.1547109210588848,0.663326893880989
"Rockford IL HRR, USA",0.1109921380719094,0.08143629890713296,0.20495351681893956,0.7136101842739275
"Royal Oak MI HRR, USA",0.060702982595753074,0.05003677213682436,0.13824308167628865,0.811720146186887
"Huntsville AL HRR, USA",0.10694196687754126,0.12575715194680828,0.1288896378185036,0.745353210234688
"Akron OH HRR, USA",0.0975354017912723,0.07897779475626787,0.20230643765908163,0.7187157675846505
"Erie PA HRR, USA",0.14486481697765363,0.06889514712874835,0.25890638745958927,0.6721984654116624
"Stockton CA HRR, USA",0.10428386661152476,0.08941843575923351,0.29289389286598594,0.6176876713747804
"Kalamazoo MI HRR, USA",0.11173888695868016,0.07883596485244443,0.21568579794587894,0.7054782372016767
"Evansville IN HRR, USA",0.14365573766221806,0.08974659365104443,0.19891062893316,0.7113427774157955
"Shreveport LA HRR, USA",0.2156970365495993,0.126449249654505,0.3018334571184045,0.5717172932270906
"Greensboro NC HRR, USA",0.1450104365467055,0.14366439866012684,0.15894041892436744,0.6973951824155058
"Burlington VT HRR, USA",0.10280938550574545,0.052289723655884524,0.22505597392647916,0.7226543024176364
"Billings MT HRR, USA",0.10413086698512801,0.11466203814652048,0.15395977636286515,0.7313781854906143
"Canton OH HRR, USA",0.1479949366993757,0.11998641211946766,0.19572521552714414,0.6842883723533882
"Springdale AR HRR, USA",0.11866573890498881,0.13745424380694063,0.16212820808005254,0.7004175481130068
"Charlottesville VA HRR, USA",0.12840389904682342,0.11299805060613814,0.12645680015123356,0.7605451492426283
"Lafayette LA HRR, USA",0.16126021925953077,0.11238780719458133,0.2785154992530043,0.6090966935524145
"Harlingen TX HRR, USA",0.2075159050003276,0.4121835208171972,0.13832827430150121,0.4494882048813014
"Youngstown OH HRR, USA",0.1438384618977593,0.07875490903304606,0.2766001882090518,0.6446449027579021
"Reading PA HRR, USA",0.13011817673367965,0.07583396982756845,0.19091267198625667,0.7332533581861749
"Lincoln NE HRR, USA",0.09781787463291093,0.09215781072239775,0.1038867302736132,0.803955459003989
"Gainesville FL HRR, USA",0.12909263456200762,0.15793864210203742,0.17651610834724313,0.6655452495507195
"Saginaw MI HRR, USA",0.1440235202539161,0.07451519792046941,0.2824595347580141,0.6430252673215165
"Temple TX HRR, USA",0.09513613465610889,0.2039789766027409,0.13516075281433404,0.6608602705829251
"Peoria IL HRR, USA",0.13108473384933894,0.07368319651674209,0.20226139202310925,0.7240554114601486
"Tyler TX HRR, USA",0.1593443842566965,0.24158066195487932,0.1362121978639596,0.6222071401811611
"Ocala FL HRR, USA",0.11133884632087951,0.19072491035097255,0.2014659854403052,0.6078091042087223
"Newport News VA HRR, USA",0.09668532487520261,0.10883021402671897,0.1488887560720714,0.7422810299012096
"Fargo Moorhead -Mn ND HRR, USA",0.11370194628721751,0.07979249837976411,0.15869467835822704,0.761512823262009
"Corpus Christi TX HRR, USA",0.1613046296272818,0.2589475803871104,0.13910776914145567,0.6019446504714339
"Danville PA HRR, USA",0.13924931022500964,0.06907523333877254,0.1781281575687299,0.7527966090924976
"Ogden UT HRR, USA",0.05437528015043466,0.09572989192491184,0.09619244413441255,0.8080776639406756
"Flint MI HRR, USA",0.12719879676894877,0.07734101646194305,0.2873264791944821,0.6353325043435748
"Gary IN HRR, USA",0.12006920528955023,0.08082644145428178,0.19643821095163408,0.7227353475940842
"Dearborn MI HRR, USA",0.10554849323960218,0.06707044426379821,0.27516368238813665,0.6577658733480652
"Green Bay WI HRR, USA",0.11421337058180933,0.06686573754187633,0.15905488876624505,0.7740793736918786
"Clearwater FL HRR, USA",0.10651935500874826,0.1667136898434299,0.1276848523022647,0.7056014578543054
"Ridgewood NJ HRR, USA",0.1128839200968551,0.05764345356397591,0.1952939502403817,0.7470625961956424
"Pontiac MI HRR, USA",0.07172838717586649,0.07023870317633561,0.15557015130660182,0.7741911455170625
"Santa Rosa CA HRR, USA",0.055662466691955306,0.08013253804236946,0.16993262031484202,0.7499348416427885
"Wilmington NC HRR, USA",0.10154364199718764,0.1447611787450567,0.15491445285834443,0.7003243683965987
"Davenport IA HRR, USA",0.12006990148165796,0.0746928441584334,0.1963424663636432,0.7289646894779235
"Hinsdale IL HRR, USA",0.04178914951460597,0.05765921730091015,0.07253340020337277,0.8698073824957172
"Salisbury MD HRR, USA",0.12522751274838412,0.09306290438749654,0.2484589957798817,0.6584780998326218
"Metairie LA HRR, USA",0.12496815399374797,0.12268039494429624,0.20983686389570258,0.6674827411600013
"Montgomery AL HRR, USA",0.15150582632864645,0.13918037794072755,0.17912718055826257,0.6816924415010099
"Winchester VA HRR, USA",0.13187007262520883,0.10883609731851782,0.1708246379854804,0.720339264696002
"Kettering OH HRR, USA",0.07941418941109353,0.07602708718016785,0.1539013295666847,0.7700715832531475
"Beaumont TX HRR, USA",0.14112496445167044,0.26287803798682385,0.1308966985368309,0.6062252634763453
"Santa Barbara CA HRR, USA",0.06312708983609903,0.13764671759403024,0.19576467438998774,0.6665886080159821
"Topeka KS HRR, USA",0.12217133097549422,0.10103962767011221,0.11773802953985399,0.7812223427900339
"York PA HRR, USA",0.1106956095118775,0.06778826829470211,0.15624373653873186,0.775967995166566
"Medford OR HRR, USA",0.10486150005836713,0.1063712419186805,0.31493941158105115,0.5786893465002684
"Hudson FL HRR, USA",0.11023033023355716,0.2076493006617124,0.22607519170155793,0.5662755076367297
"Kingsport TN HRR, USA",0.18872289961180616,0.13010597466227977,0.27769568001542816,0.592198345322292
"Amarillo TX HRR, USA",0.13517760608432594,0.23133800388680661,0.09891689299386966,0.6697451031193237
"Covington KY HRR, USA",0.09349535258009326,0.06465838467434472,0.17191070742760511,0.7634309078980502
"Sarasota FL HRR, USA",0.08586658877260524,0.18247747461282887,0.12363428161384109,0.69388824377333
"Olympia WA HRR, USA",0.07621590976424762,0.08324353283446563,0.22700946998427743,0.689746997181257
"Rochester MN HRR, USA",0.10171797774593036,0.06380685924085074,0.15717294795494038,0.7790201928042089
"Ormond Beach FL HRR, USA",0.11785778754051915,0.17513858781069103,0.1532432682541217,0.6716181439351873
"Urbana IL HRR, USA",0.11353432808862601,0.07161691073550941,0.19407834659338002,0.7343047426711107
"Greeley CO HRR, USA",0.08435524091294853,0.10887862953896704,0.1803719794284663,0.7107493910325666
"St Petersburg FL HRR, USA",0.08896702773726815,0.15388600004291014,0.14016549007935303,0.7059485098777368
"Lakeland FL HRR, USA",0.1338508543467429,0.19254486906403098,0.18599687758113342,0.6214582533548356
"Salinas CA HRR, USA",0.07649454753558128,0.1503868361744795,0.22074509291515323,0.6288680709103672
"Odessa TX HRR, USA",0.13493916199148864,0.21789433567901853,0.07277075489646342,0.709334909424518
"Missoula MT HRR, USA",0.11237102138530772,0.11778525243332544,0.21918261791733268,0.6630321296493418
"Spartanburg SC HRR, USA",0.15874580744528655,0.1426546696681074,0.17275403577140203,0.6845912945604906
"Paterson NJ HRR, USA",0.10012745822542567,0.13711246443644495,0.19432954621795864,0.6685579893455964
"Morgantown WV HRR, USA",0.1394780685970834,0.08201375580011608,0.23433822312050456,0.6836480210793793
"Lebanon NH HRR, USA",0.11204540306287497,0.07912004798016778,0.22468229786470834,0.6961976541551238
"Tupelo MS HRR, USA",0.17834453481389656,0.15236970298808344,0.1689097696542365,0.67872052735768
"Bangor ME HRR, USA",0.13217585274164553,0.12124193685898346,0.25027397042350075,0.6284840927175157
"Marshfield WI HRR, USA",0.13216329190304638,0.0897482815868278,0.1792290046755888,0.7310227137375833
"Fort Collins CO HRR, USA",0.05437332669285152,0.08782244247924047,0.1145302552946008,0.7976473022261588
"Dothan AL HRR, USA",0.19020606357655592,0.1788611682588336,0.21395095236420092,0.6071878793769655
"Joplin MO HRR, USA",0.1623036486192723,0.19124785281574647,0.17897052570692643,0.6297816214773271
"Columbus GA HRR, USA",0.15556043441111114,0.1707390473508096,0.1849794052552172,0.6442815473939733
"Paducah KY HRR, USA",0.1508201341278452,0.08505342848514279,0.28382942581034987,0.6311171457045073
"Florence SC HRR, USA",0.23975495781908868,0.1614888243858403,0.24535427485432068,0.593156900759839
"Bradenton FL HRR, USA",0.07730159435681987,0.18778594384736047,0.1297462758411157,0.6824677803115239
"Waco TX HRR, USA",0.15312298708564617,0.20410992243215847,0.1347805578051969,0.6611095197626445
"Iowa City IA HRR, USA",0.11008643097160482,0.06820374282735245,0.16981127860314496,0.7619849785695025
"Fort Smith AR HRR, USA",0.19656284982931743,0.17623953629611386,0.25041170261960327,0.5733487610842828
"La Crosse WI HRR, USA",0.12705654360630042,0.07248099117208072,0.1499172817340323,0.777601727093887
"Grand Junction CO HRR, USA",0.10105249062206664,0.1580042932414079,0.20347622604953175,0.6385194807090604
"Palm Spr/Rancho Mir. CA HRR, USA",0.08702123120806432,0.11825706940852102,0.3114115602263732,0.5703313703651058
"Salem OR HRR, USA",0.07212594797099937,0.10311751077039884,0.23312109537371828,0.6637613938558828
"Boulder CO HRR, USA",0.04279804932777483,0.06514409075547895,0.11173377299275059,0.8231221362517706
"Binghamton NY HRR, USA",0.12640644010905103,0.0555522785741404,0.27498522984477936,0.6694624915810803
"Redding CA HRR, USA",0.10550032530256637,0.09508023995234166,0.3190419012850976,0.5858778587625607
"Sun City AZ HRR, USA",0.07971303400092883,0.09809567240196665,0.17715446951752561,0.7247498580805076
"Huntington WV HRR, USA",0.17755456754496524,0.09103038811946786,0.33286031502999025,0.5761092968505419
"Appleton WI HRR, USA",0.10565134791618751,0.0663889967787998,0.14063210767005832,0.7929788955511418
"Duluth MN HRR, USA",0.13170261386811855,0.06582684969298147,0.20968239873050676,0.7244907515765117
"Aurora IL HRR, USA",0.08298958557968898,0.10763513728808274,0.12678939973727704,0.7655754629746403
"Jackson TN HRR, USA",0.18534404803516225,0.15273620564729426,0.23652891614217147,0.6107348782105343
"Elmira NY HRR, USA",0.12101982794225474,0.056377439316251714,0.2874473239078355,0.6561752367759127
"Cedar Rapids IA HRR, USA",0.09141933259357167,0.052234927495413135,0.15365029841163513,0.7941147740929517
"Scranton PA HRR, USA",0.1318722003682082,0.07006440764805055,0.22401180035353457,0.7059237919984148
"Yakima WA HRR, USA",0.10492419640613984,0.17468321486417976,0.24573089263312647,0.5795858925026938
"Bryan TX HRR, USA",0.10900089198736744,0.1562884102737477,0.08943546874866984,0.7542761209775825
"Hattiesburg MS HRR, USA",0.22659793269400175,0.17329976956226958,0.20688790029144463,0.6198123301462859
"Munster IN HRR, USA",0.12229299981930129,0.10990876542172251,0.19136641787335498,0.6987248167049226
"Lake Charles LA HRR, USA",0.16294789903378634,0.10997566012126898,0.24942823679166098,0.6405961030870699
"Abilene TX HRR, USA",0.15264495859302596,0.2378124856783763,0.12964843362407572,0.6325390806975479
"Hickory NC HRR, USA",0.15259728380673096,0.15452581637602472,0.16112349032994105,0.6843506932940342
"Rome GA HRR, USA",0.16128701939254386,0.20272705111938025,0.16519652464732662,0.6320764242332932
"Chico CA HRR, USA",0.10115415280812165,0.09093424855085813,0.31452836984414945,0.5945373816049925
"Tuscaloosa AL HRR, USA",0.1607976291991204,0.10464028655983969,0.18068550094625127,0.7146742124939091
"Altoona PA HRR, USA",0.17050925390389668,0.07208062794298385,0.25301271283483,0.6749066592221862
"Johnson City TN HRR, USA",0.14113752754854872,0.14750832825651475,0.1756057378449656,0.6768859338985197
"Santa Cruz CA HRR, USA",0.06215299551608071,0.07810908181916768,0.19030458000566525,0.731586338175167
"Idaho Falls ID HRR, USA",0.07067175178994867,0.12673966065545988,0.14672406148479797,0.7265362778597422
"Muskegon MI HRR, USA",0.13260756964636944,0.0711867344491981,0.24618208844289105,0.6826311771079108
"Napa CA HRR, USA",0.10484859052653815,0.10692097632439344,0.2816290956380662,0.6114499280375403
"Alexandria LA HRR, USA",0.18182400292616685,0.1276842003824996,0.32612501660304444,0.546190783014456
"St Cloud MN HRR, USA",0.10449824090274445,0.05393994138248945,0.17558904824163432,0.7704710103758762
"Sioux City IA HRR, USA",0.12626880707136076,0.08874000382063277,0.16351306156080622,0.747746934618561
"Monroe LA HRR, USA",0.23748359627186685,0.11068515685220072,0.3300174957851208,0.5592973473626784
"Bend OR HRR, USA",0.08540987641188284,0.10496937602869966,0.2240824488860078,0.6709481750852926
"Houma LA HRR, USA",0.16858510072884245,0.0987252380422452,0.28822214518801487,0.6130526167697398
"Lynchburg VA HRR, USA",0.1562293630529651,0.10673444060608751,0.16073741790286356,0.732528141491049
"Elyria OH HRR, USA",0.12529866496940498,0.07818029299019949,0.22114134482378428,0.7006783621860162
"San Luis Obispo CA HRR, USA",0.07133821497404186,0.08432383205477685,0.15638078088654123,0.7592953870586819
"Cape Girardeau MO HRR, USA",0.1687709807470452,0.13463461942624944,0.20915092380699274,0.6562144567667578
"Lafayette IN HRR, USA",0.08121179696863605,0.08329517440567098,0.13126922814163555,0.7854355974526935
"Texarkana AR HRR, USA",0.21196866080908905,0.1875086876011989,0.21993849277629593,0.5925528196225053
"Jonesboro AR HRR, USA",0.1490663512721069,0.12064014895836198,0.2829916989922502,0.5963681520493878
"Bismarck ND HRR, USA",0.11894774024983368,0.10005209123606425,0.10947562367566951,0.7904722850882663
"Wilkes-Barre PA HRR, USA",0.14191314825858872,0.06609947809639076,0.22378352974479415,0.7101169921588151
"Neenah WI HRR, USA",0.09976651490208883,0.06192984339728112,0.1452642755537923,0.7928058810489266
"Traverse City MI HRR, USA",0.10909961552074958,0.08559238519245575,0.22392839013607735,0.6904792246714669
"Rapid City SD HRR, USA",0.12210640944868865,0.19581680505132118,0.12586193877366814,0.6783212561750107
"Gulfport MS HRR, USA",0.13380578828383674,0.20874252507698784,0.1808171909416746,0.6104402839813377
"Panama City FL HRR, USA",0.09700339564110733,0.20060218870167554,0.1835970362330125,0.6158007750653121
"Longview TX HRR, USA",0.15389671235054395,0.22395967763178423,0.14151044561803966,0.6345298767501761
"Waterloo IA HRR, USA",0.11772600839240044,0.06067954207255122,0.18881450828008745,0.7505059496473613
"Albany GA HRR, USA",0.1930900552119149,0.20977080429900072,0.1827348832227615,0.6074943124782377
"Johnstown PA HRR, USA",0.1871586478590981,0.062442688810216994,0.24350366426235193,0.6940536469274311
"Bloomington IL HRR, USA",0.10095642101401989,0.05590302206326436,0.13074874376413997,0.8133482341725957
"Slidell LA HRR, USA",0.10587623241853411,0.1456270355569188,0.22663434464899943,0.6277386197940817
"Wichita Falls TX HRR, USA",0.1537083355705716,0.2113585434507177,0.15649810635735764,0.6321433501919247
"Marquette MI HRR, USA",0.1425800466008918,0.08097129033801251,0.24856249766716434,0.670466211994823
"Wausau WI HRR, USA",0.11639989120454183,0.06859359219945078,0.1691927232188794,0.7622136845816698
"Casper WY HRR, USA",0.1202834224085196,0.1776044784988747,0.11541982098809095,0.7069757005130344
"Lawton OK HRR, USA",0.13379542312006998,0.21915966831826555,0.1844311908678402,0.5964091408138942
"Sayre PA HRR, USA",0.1342586577972232,0.07557999720606641,0.23171185309405226,0.6927081496998813
"Pueblo CO HRR, USA",0.15613905555264612,0.09280486327833254,0.3408549860867317,0.5663401506349357
"Meridian MS HRR, USA",0.23674235646615424,0.168593788158286,0.23133879990155168,0.6000674119401623
"Terre Haute IN HRR, USA",0.1456358987327141,0.09907570120339838,0.2293427636564983,0.6715815351401032
"Petoskey MI HRR, USA",0.13475984864283663,0.09849285697208128,0.25211198327037143,0.6493951597575474
"Grand Forks ND HRR, USA",0.13275107893364416,0.09263729618570368,0.14910458699494283,0.7582581168193535
"San Angelo TX HRR, USA",0.14880753534953917,0.19509198625664334,0.1013381970373395,0.703569816706017
"Dubuque IA HRR, USA",0.11119418024034114,0.056899315855648114,0.15278203514521937,0.7903186489991325
"Muncie IN HRR, USA",0.1317718398970866,0.09235775302738537,0.23752028012842588,0.6701219668441888
"Great Falls MT HRR, USA",0.16790833561391738,0.14442225139711695,0.2534433290737724,0.6021344195291106
"Minot ND HRR, USA",0.0953372447505774,0.11799570869231908,0.09785506812930132,0.7841492231783795
"Oxford MS HRR, USA",0.20811278391015922,0.16464840988367585,0.18756184299407713,0.647789747122247
"Victoria TX HRR, USA",0.1872523569477116,0.2189725922371299,0.12550760476208764,0.6555198030007826
"Owensboro KY HRR, USA",0.14216009807564434,0.0645773845371345,0.2541469334153772,0.6812756820474883
"St Joseph MI HRR, USA",0.14303100155206913,0.10445423549839816,0.2563547868174523,0.6391909776841497
"Mason City IA HRR, USA",0.14701723923830753,0.06634047980165961,0.18829416779096242,0.745365352407378
