longname,Silent %,Boomer %,Gen X %,Millennial %,Gen Z %,Gen Alpha %
"Houston TX HSA, Houston TX HRR, USA",0.03811632502286545,0.17915555703625596,0.19515022843262722,0.2317743616782764,0.21242976047459589,0.14337376735537918
"Chicago IL HSA, Chicago IL HRR, USA",0.052796053733305835,0.18750898703037586,0.18356764084502164,0.27872823052351314,0.1849730960963178,0.11242599177146588
"Brooklyn NY HSA, New York NY HRR, USA",0.05989463633485211,0.19860215330056083,0.18454317578826854,0.2477206258096136,0.17693085975602577,0.1323085490106792
"Dallas TX HSA, Dallas TX HRR, USA",0.0406022998872606,0.18247228573418106,0.19308629550836984,0.23997398771248343,0.20691009004801855,0.1369550411096867
"Phoenix AZ HSA, Phoenix AZ HRR, USA",0.0427438974436871,0.1832773327259876,0.195550176932355,0.2217071974750066,0.21779970203477703,0.13892169338818655
"San Antonio TX HSA, San Antonio TX HRR, USA",0.04871705101904284,0.18808669128411265,0.1877156785479284,0.22292775436251072,0.21589484787732344,0.13665797690908207
"Las Vegas NV HSA, Las Vegas NV HRR, USA",0.05591585936709716,0.2113715675015226,0.19882961710236557,0.2202724970399619,0.18896140961083735,0.12464904937821553
"New York NY HSA, New York NY HRR, USA",0.07265063344989468,0.2018314623396011,0.18791262646385906,0.2990345458761015,0.14764578392984523,0.09092494794069851
"Miami FL HSA, Miami FL HRR, USA",0.07260899544685169,0.21650361798706116,0.21475946579030916,0.2086362288897532,0.1751827631422572,0.11230892874376767
"Los Angeles CA HSA, Los Angeles CA HRR, USA",0.04999834270327593,0.17460553721183233,0.19275386432641808,0.27502271363952735,0.20012439342697264,0.10749514869197367
"Denver CO HSA, Denver CO HRR, USA",0.048727363794286827,0.20252984680249006,0.20089432577622662,0.25781918095490164,0.17795933139430542,0.11206995127778939
"Philadelphia PA HSA, Philadelphia PA HRR, USA",0.059361166583925096,0.20707591473993053,0.17478165241722282,0.2474004861904948,0.1892616063652428,0.12211917370318404
"Austin TX HSA, Austin TX HRR, USA",0.03670580860044723,0.17857555280329482,0.20627180801946599,0.2645517269176928,0.19161536315733196,0.12227974050176726
"Atlanta GA HSA, Atlanta GA HRR, USA",0.04729487113537158,0.19709009012507236,0.1984815930964282,0.2434433554662111,0.19702476790309847,0.11666532227381826
"St Louis MO HSA, St Louis MO HRR, USA",0.06773657314286251,0.24129079535041903,0.18464813864217172,0.20521565031437958,0.18395968766606546,0.1171491548841018
"Columbus OH HSA, Columbus OH HRR, USA",0.046204310539822595,0.1944208811298347,0.19081503831711452,0.23736875211141878,0.19769191339617634,0.13349910450563304
"Portland OR HSA, Portland OR HRR, USA",0.0538023129384996,0.2108694629310972,0.20974231376104485,0.24648252422602068,0.17065259076115827,0.10845079538217943
"Orlando FL HSA, Orlando FL HRR, USA",0.05119299524486292,0.1981396496573237,0.20316641936096677,0.23507175283789403,0.19623992736459506,0.11618925553435747
"Minneapolis MN HSA, Minneapolis MN HRR, USA",0.050798876520704084,0.20969887139573887,0.18995410889277659,0.23350643983612968,0.18865874458902016,0.12738295876563058
"Fort Worth TX HSA, Fort Worth TX HRR, USA",0.04363227283213464,0.18660932511612566,0.19110092748392446,0.21887395959980002,0.21673923698737865,0.1430442779806366
"Raleigh NC HSA, Raleigh NC HRR, USA",0.043622840322911596,0.19120630295549265,0.2162800507369156,0.21821986006674213,0.2035043634449817,0.12716658247295629
"Charlotte NC HSA, Charlotte NC HRR, USA",0.042794211437390504,0.18745675182293117,0.21285423173744783,0.23020747105854816,0.19744466991297613,0.12924266403070622
"San Jose CA HSA, San Jose CA HRR, USA",0.05638686705130647,0.20137212427612586,0.20761637756126042,0.23565904718504155,0.18366644747981398,0.1152991364464518
"Bronx NY HSA, Bronx NY HRR, USA",0.05258050418408097,0.1863122036900774,0.18655359316047165,0.2226447719052366,0.21236026846367714,0.1395486585964562
"Baltimore MD HSA, Baltimore MD HRR, USA",0.06563503702460238,0.22493348550757916,0.17678473301658615,0.22837873461750874,0.18496244024691844,0.11930556958680523
"Mesa AZ HSA, Mesa AZ HRR, USA",0.06037338979413186,0.20399856144625853,0.18529176209393589,0.2135956320410662,0.21366113923237365,0.12307951539223373
"Salt Lake City UT HSA, Salt Lake City UT HRR, USA",0.04012933600065344,0.17064832900326024,0.18534454431534678,0.2383115360602815,0.21909494350882383,0.1464713111116343
"Memphis TN HSA, Memphis TN HRR, USA",0.051273316904592914,0.21488527184154357,0.189147693310715,0.20805180865291367,0.20367873786038881,0.13296317142984598
"Cincinnati OH HSA, Cincinnati OH HRR, USA",0.0602489213756636,0.22837629359495573,0.18200831475347573,0.20847684333247368,0.1953145087526209,0.12557511819081044
"Seattle WA HSA, Seattle WA HRR, USA",0.05152643389392154,0.1947008969402387,0.19889830678224116,0.29109010261683443,0.16259513879148618,0.10118912097527796
"Richmond VA HSA, Richmond VA HRR, USA",0.05939852140353819,0.23492928764044244,0.1948134966801789,0.21013546037141745,0.18552672099412526,0.11519651291029764
"Sacramento CA HSA, Sacramento CA HRR, USA",0.05286791323217132,0.20367757255363303,0.1890139850505901,0.2300694404952266,0.19409305569046975,0.13027803297790913
"Indianapolis IN HSA, Indianapolis IN HRR, USA",0.048773113711933415,0.2021832434507222,0.1889627469404993,0.22308998241303,0.20152990268155246,0.1354610108022626
"Tucson AZ HSA, Tucson AZ HRR, USA",0.08612366357045195,0.24047037345020247,0.1629336350730263,0.18676298018248,0.21082296943723128,0.11288637828660812
"Jacksonville FL HSA, Jacksonville FL HRR, USA",0.05382479731379168,0.21719072050442909,0.188701960704051,0.22279539813478152,0.18815501069660623,0.1293321126463403
"Tampa FL HSA, Tampa FL HRR, USA",0.05251825415386279,0.20150579306487856,0.20185661857687803,0.2276465391988475,0.19492170874713208,0.12155108625840097
"Pittsburgh PA HSA, Pittsburgh PA HRR, USA",0.07674830342484577,0.24878543068651313,0.17736695907784597,0.22103256878622393,0.17191908328390895,0.10414765474066233
"Flushing NY HSA, East Long Island NY HRR, USA",0.07412597755641981,0.23539974269842404,0.20261393799616859,0.21995185385044624,0.15417561647026254,0.11373287142827879
"San Diego CA HSA, San Diego CA HRR, USA",0.048797133560032735,0.18564496278772727,0.18407382905478706,0.282196434752528,0.19148809297685765,0.10779954686806723
"Oklahoma City OK HSA, Oklahoma City OK HRR, USA",0.0524036894871096,0.20294592045358575,0.1802931601887644,0.22414545772362163,0.20047191033483633,0.13973986181208223
"Washington DC HSA, Washington DC HRR, USA",0.053982770014346086,0.1923303425051968,0.1852684661778966,0.28256468000381213,0.1720157927264595,0.11383794857228882
"Fresno CA HSA, Fresno CA HRR, USA",0.05032070846831234,0.1819615471450817,0.16972113632802607,0.21771466168422543,0.22665644310774286,0.1536255032666116
"Louisville KY HSA, Louisville KY HRR, USA",0.06164607651300516,0.23399224490053172,0.1900544323627209,0.20604962289063697,0.18873744569129397,0.11952017764181118
"Albuquerque NM HSA, Albuquerque NM HRR, USA",0.06491490737338647,0.23779927712571672,0.18196516765682394,0.20814078923257262,0.1949167781417787,0.11226308046972157
"El Paso TX HSA, El Paso TX HRR, USA",0.05137022265716081,0.1768569358194746,0.1749164623398529,0.21325212241564,0.23916403711721648,0.1444402196506552
"Boston MA HSA, Boston MA HRR, USA",0.052712457908933634,0.18098022985762707,0.16917574350945444,0.2924461728416831,0.21093805426725387,0.09374734161504786
"Nashville TN HSA, Nashville TN HRR, USA",0.04356733375615011,0.19275692716043188,0.19125174257724425,0.25636290545653534,0.19216168793816338,0.12389940311147506
"Tulsa OK HSA, Tulsa OK HRR, USA",0.05924571327832698,0.21708255861887413,0.18276310143240587,0.20570941270714022,0.19953084720293698,0.1356683667603158
"Honolulu HI HSA, Honolulu HI HRR, USA",0.08204133185995184,0.2236049589165398,0.1848370069917777,0.2153506729505128,0.17548642339019319,0.11867960589102457
"Grand Rapids MI HSA, Grand Rapids MI HRR, USA",0.05498024767720948,0.20861233022155945,0.17812736362863638,0.21422302383701625,0.21070589604229167,0.13335113859328682
"San Francisco CA HSA, San Francisco CA HRR, USA",0.06855718516785116,0.2083279302656626,0.2012627731320918,0.31749543998947055,0.12483395846998768,0.07952271297493634
"Birmingham AL HSA, Birmingham AL HRR, USA",0.06252708848544045,0.22961385570398107,0.19026358788191788,0.20360037044762777,0.18923890720929748,0.1247561902717354
"Milwaukee WI HSA, Milwaukee WI HRR, USA",0.05526450169253762,0.1992771145034123,0.17594958697429877,0.22270959562976286,0.21103634940789193,0.13576285179209654
"Riverside CA HSA, San Bernardino CA HRR, USA",0.036148131053312924,0.16335122388528822,0.18781960786050572,0.22558630393386248,0.2524922304869495,0.13460250278008107
"Cleveland OH HSA, Cleveland OH HRR, USA",0.07299500899943275,0.24505138574553803,0.17910613026167901,0.20007316103978154,0.18800640519562886,0.11476790875793987
"Omaha NE HSA, Omaha NE HRR, USA",0.04898194694548864,0.19811086109708903,0.18359838236046608,0.2210572548677666,0.20370776620333117,0.14454378852585847
"Rochester NY HSA, Rochester NY HRR, USA",0.07226219998719348,0.24259070173524322,0.1801589877424075,0.19854634404525195,0.197402876041077,0.10903889044882688
"Jamaica NY HSA, East Long Island NY HRR, USA",0.06048561316185179,0.22716655301138794,0.20125285105241425,0.21264950521166698,0.18831996367825984,0.11012551388441924
"Buffalo NY HSA, Buffalo NY HRR, USA",0.07562174342934615,0.2470830631191015,0.17670204207373436,0.202524470069277,0.18608102826957565,0.1119876530389653
"Detroit MI HSA, Detroit MI HRR, USA",0.05789486782528605,0.21226323693774854,0.17871513952192067,0.21146921142936842,0.2049885094875071,0.13466903479816933
"Colorado Springs CO HSA, Colorado Springs CO HRR, USA",0.04854262533315185,0.206978216970021,0.17940751012310477,0.22376305208399827,0.21152383140247702,0.1297847640872471
"Bakersfield CA HSA, Bakersfield CA HRR, USA",0.04095485095807213,0.16810878545870406,0.1730671480607168,0.21970421150736136,0.23747021908704746,0.1606947849280982
"St Paul MN HSA, St Paul MN HRR, USA",0.05288995008215787,0.21372105365068905,0.18250680695791163,0.2199419331151818,0.2010680226534559,0.12987223354060373
"Des Moines IA HSA, Des Moines IA HRR, USA",0.05326477425904205,0.2026772054091414,0.19137166102221295,0.21834617931476055,0.196521678092221,0.13781850190262201
"Charleston SC HSA, Charleston SC HRR, USA",0.054796211310248796,0.2240090000191234,0.18240805891221287,0.22887188159228394,0.18626650737042855,0.12364834079570239
"Baton Rouge LA HSA, Baton Rouge LA HRR, USA",0.05203480128226849,0.2073764836433951,0.17477745834159183,0.21406139823059894,0.21876561704480973,0.13298424145733595
"Kansas City MO HSA, Kansas City MO HRR, USA",0.06235195747293563,0.22735451641022375,0.18221314975484196,0.21897994328587775,0.18332689069929625,0.12577354237682478
"Lawrenceville GA HSA, Atlanta GA HRR, USA",0.03402468481220952,0.1861304076027132,0.22798491470024732,0.19413324506681637,0.2203133978759175,0.1374133499420961
"Knoxville TN HSA, Knoxville TN HRR, USA",0.06830496276972028,0.2392110626880431,0.18801593848717865,0.1919535551583572,0.20399069202435105,0.10852378887234955
"Springfield MO HSA, Springfield MO HRR, USA",0.07423324108227591,0.23576951636253232,0.1782876648126436,0.18538311234712188,0.20470727418605877,0.12161919120936758
"Ann Arbor MI HSA, Ann Arbor MI HRR, USA",0.05498072466207352,0.22512425314229895,0.1886183091332206,0.195856003303757,0.2324066706719124,0.10301403908673752
"Falls Church VA HSA, Arlington VA HRR, USA",0.05928612646993451,0.2185430604799616,0.2082921299845891,0.1964322978711448,0.19650338105961154,0.12094300413475849
"Fort Lauderdale FL HSA, Fort Lauderdale FL HRR, USA",0.07456414703421879,0.2388502235222428,0.19725334524587756,0.20921857274941902,0.1683137618286569,0.11179994961958499
"Spokane WA HSA, Spokane WA HRR, USA",0.06366952057262545,0.24077491291485523,0.17873329756652612,0.2066939086665575,0.1906514109937683,0.11947694928566739
"Tacoma WA HSA, Tacoma WA HRR, USA",0.054546418900861884,0.21300266695416448,0.18021400134283977,0.23226834175423827,0.19132140626984956,0.12864716477804608
"Marietta GA HSA, Atlanta GA HRR, USA",0.04374085289657809,0.20852577567269098,0.20602153348321287,0.20495722053504012,0.2134872886793531,0.12326732873312488
"Arlington TX HSA, Fort Worth TX HRR, USA",0.03698439563952168,0.18071555485459923,0.20028869988261166,0.21422897608053215,0.23220974877518147,0.13557262476755394
"Mcallen TX HSA, Mcallen TX HRR, USA",0.050440667523219095,0.1505698622423801,0.17851129292968296,0.19006065251554402,0.2599086697561051,0.17050885503306873
"Wichita KS HSA, Wichita KS HRR, USA",0.05772229614530225,0.2157451691992754,0.17660243902001457,0.2014928908416246,0.2113120484706736,0.13712515632310956
"Joliet IL HSA, Joliet IL HRR, USA",0.053940226144117885,0.21257750191081803,0.20902591946144458,0.18610533278376684,0.21563973767412942,0.1227112820257233
"Wilmington DE HSA, Wilmington DE HRR, USA",0.06306741808462286,0.2305844100576339,0.19102312799487978,0.20736851774235973,0.1939207211960444,0.11403580492445935
"Jackson MS HSA, Jackson MS HRR, USA",0.056483567299301936,0.22044580631502347,0.18617547078878977,0.20468403446672173,0.20635155879244296,0.12585956233772022
"Madison WI HSA, Madison WI HRR, USA",0.051138816612399385,0.20066203191837892,0.1806060452509212,0.22935327552228565,0.22875647832059331,0.10948335237542144
"Camden NJ HSA, Camden NJ HRR, USA",0.06651599741783736,0.23070424487579005,0.19519657726664072,0.20121866404828412,0.18492974353926175,0.12143477285218604
"Long Beach CA HSA, Los Angeles CA HRR, USA",0.0456255242498352,0.20027070317580895,0.19743597077059785,0.2455598391641551,0.19527413674513386,0.11583382589446896
"Mckinney TX HSA, Dallas TX HRR, USA",0.03804730271553616,0.15701408819114673,0.24782209600796948,0.1948504303008841,0.21683559725036292,0.14543048553410054
"Anaheim CA HSA, Orange Co. CA HRR, USA",0.05297049316696236,0.19844693652178846,0.19599360371956326,0.22373134939064582,0.2057659766013054,0.12309164059973474
"Mobile AL HSA, Mobile AL HRR, USA",0.06304445795995262,0.23435821120897038,0.18636636574548543,0.19057191500476878,0.19744938683218335,0.12820966324863933
"Hartford CT HSA, Hartford CT HRR, USA",0.07548976611918048,0.2376527514626661,0.19657383506884227,0.18909153149066976,0.19440922687914147,0.10678288897949997
"Syracuse NY HSA, Syracuse NY HRR, USA",0.06879843561576342,0.24704467888650744,0.1789907203915557,0.19241952287651054,0.19911267007349973,0.11363397215616321
"Reno NV HSA, Reno NV HRR, USA",0.05968233486730923,0.23752757472853375,0.18693170192189623,0.21447092085291194,0.18542488542529384,0.11596258220405498
"Boise ID HSA, Boise ID HRR, USA",0.05674155741748065,0.22217226005080692,0.194529196078976,0.21209696889582233,0.20080788533340066,0.11365213222351332
"Providence RI HSA, Providence RI HRR, USA",0.0699345299539475,0.22512577247770338,0.18439752408298205,0.2104917911074194,0.2038161152053437,0.10623426717260391
"Vancouver WA HSA, Portland OR HRR, USA",0.056488997687706634,0.22685403594832743,0.19831876762135564,0.19997198733718272,0.1912638511611927,0.12710236024423496
"Worcester MA HSA, Worcester MA HRR, USA",0.06072301925838851,0.23111407769056427,0.20095738400747218,0.19369502870838254,0.20774215228160375,0.10576833805358862
"Greenville SC HSA, Greenville SC HRR, USA",0.05929827457828472,0.22333601821687565,0.19309789383352974,0.20479261864116013,0.19007383212560103,0.12940136260454868
"Aurora CO HSA, Denver CO HRR, USA",0.03732071560319764,0.18851038746652657,0.20576875722845514,0.22379728154979242,0.20726656157990342,0.1373362965721248
"Staten Island NY HSA, New York NY HRR, USA",0.06481489958874195,0.23797941132379416,0.20249918362707944,0.19297850262694632,0.1867955133868876,0.11493248944655036
"Columbia SC HSA, Columbia SC HRR, USA",0.05138725711438839,0.20810012656634,0.17841749829658468,0.20770390389589963,0.24098627562964695,0.1134049384971403
"Lubbock TX HSA, Lubbock TX HRR, USA",0.053979845621598584,0.18206305530759412,0.16305887455613285,0.2038149874333306,0.25910974148174815,0.13797349559959576
"New Orleans LA HSA, New Orleans LA HRR, USA",0.05612430523232984,0.22985183810453313,0.17856151243456178,0.24427236739240787,0.17415858881598614,0.11703138802018118
"Lancaster PA HSA, Lancaster PA HRR, USA",0.07981097643202015,0.23253480962400708,0.17590601643729953,0.18833852641660298,0.19606449334073042,0.12734517774933982
"Winston-Salem NC HSA, Winston-Salem NC HRR, USA",0.0674384196185056,0.23934689824148017,0.194260285341987,0.18199483772594108,0.20064317410452379,0.11631638496756234
"Augusta GA HSA, Augusta GA HRR, USA",0.05635014148231421,0.22240611466041058,0.18536851193616477,0.20747049030061254,0.2015289156255846,0.1268758259949133
"Dayton OH HSA, Dayton OH HRR, USA",0.06961724148499072,0.2380515842859661,0.1722059215460804,0.19770719182854987,0.20227973823506662,0.1201383226193463
"Oakland CA HSA, Alameda Co. CA HRR, USA",0.052710606924915825,0.19705903258368818,0.19988218188791573,0.28378578869604965,0.15529326676203617,0.11126912314539456
"Modesto CA HSA, Modesto CA HRR, USA",0.052026852307686736,0.19323109607840006,0.1787550940064603,0.2124369239320467,0.21928061321984318,0.1442694204555631
"Mount Clemens MI HSA, Detroit MI HRR, USA",0.06581672422423304,0.24746224370506986,0.20245246897955294,0.1859583142192817,0.18485646456514312,0.11345378430671929
"Chattanooga TN HSA, Chattanooga TN HRR, USA",0.06867104651820262,0.2419772001686441,0.19289139937205518,0.19806980321666068,0.1851212582635741,0.11326929246086324
"La Mesa CA HSA, San Diego CA HRR, USA",0.05886210276178446,0.22515453586219097,0.18115113969171123,0.2150115507567093,0.1929793142786433,0.1268413566489607
"Lancaster CA HSA, Los Angeles CA HRR, USA",0.04134144162505502,0.1911712843964955,0.1853707439655432,0.2077677800609553,0.2307127111274698,0.1436360388244811
"Flint MI HSA, Flint MI HRR, USA",0.06998657513079058,0.25024958039604817,0.18958391303409994,0.18223886064964046,0.1902706415664873,0.1176704292229336
"Gainesville FL HSA, Gainesville FL HRR, USA",0.06641299561309821,0.22665903197699477,0.16468611338880115,0.19762526124136984,0.24107923925364053,0.1035373585260956
"Oceanside CA HSA, San Diego CA HRR, USA",0.05872475592787165,0.19627297571369806,0.1847118042097204,0.22492575585843438,0.20994078778092215,0.1254239205093534
"Elgin IL HSA, Elgin IL HRR, USA",0.05310487868804424,0.21766737002568745,0.20896592392611937,0.1849925768913048,0.20933311819036476,0.12593613227847936
"Akron OH HSA, Akron OH HRR, USA",0.0714239594240192,0.24806503643169156,0.18843079378800603,0.1925206679849992,0.1870258989090648,0.11253364346221921
"Upland CA HSA, San Bernardino CA HRR, USA",0.04426313386782444,0.19477354739193237,0.19860945998306406,0.22552941700576934,0.20857548619892904,0.12824895555248078
"Huntsville AL HSA, Huntsville AL HRR, USA",0.060677414367079664,0.23386833284249484,0.19541069553216067,0.19908283810728622,0.19396266598384493,0.11699805316713374
"Corpus Christi TX HSA, Corpus Christi TX HRR, USA",0.06159585402150626,0.2144185993766024,0.18055921543638825,0.20385517886317508,0.20489384950164793,0.13467730280068002
"West Palm Beach FL HSA, Fort Lauderdale FL HRR, USA",0.07975468819382192,0.22613545136207364,0.19670448400734294,0.19616687859902718,0.18830133572704985,0.11293716211068452
"San Bernardino CA HSA, San Bernardino CA HRR, USA",0.035734062206830536,0.1680092148393993,0.18115631947366634,0.22498597842483617,0.2400418434168199,0.15007258163844775
"Greensboro NC HSA, Greensboro NC HRR, USA",0.06199045264478217,0.2154682172918322,0.1946018875674609,0.19733981200839762,0.21243601597851966,0.11816361450900757
"Savannah GA HSA, Savannah GA HRR, USA",0.05495821047536656,0.21188967161939942,0.1827833862105705,0.2209777070287173,0.20191569078590965,0.12747533388003646
"Naples FL HSA, Fort Myers FL HRR, USA",0.1664906106702896,0.31084517592359306,0.1566890404743818,0.14173018231787538,0.14109817036611097,0.08314682024774916
"Glendale CA HSA, Los Angeles CA HRR, USA",0.0701223955561784,0.22880191979020684,0.20940407663212052,0.23196894093061407,0.1592708790740927,0.10043178801678758
"Lansing MI HSA, Lansing MI HRR, USA",0.056457559355344474,0.21883817148927323,0.16899614522230813,0.1997124391535324,0.24491106934888734,0.11108461543065447
"Plano TX HSA, Dallas TX HRR, USA",0.04226073863889959,0.20340174980503,0.2293954935073606,0.20113085729375746,0.20303801265613755,0.12077314809881462
"Torrance CA HSA, Los Angeles CA HRR, USA",0.07199518528867423,0.23647650336640466,0.21927358959874274,0.19125854647462215,0.16120595755425196,0.11979021771730419
"Shreveport LA HSA, Shreveport LA HRR, USA",0.06748868583503938,0.23015993562352496,0.17388351629344914,0.203573335823741,0.1960648391221555,0.12882968730209007
"Chula Vista CA HSA, San Diego CA HRR, USA",0.0503225766353831,0.19285703188765493,0.19659327013228528,0.22566908072135233,0.21063145414244427,0.12392658648088015
"Ocala FL HSA, Ocala FL HRR, USA",0.1656159015358334,0.32516721585272373,0.14260173840161855,0.14353251322324623,0.13754718660752832,0.08553544437904961
"Tallahassee FL HSA, Tallahassee FL HRR, USA",0.05513493867024288,0.21231060473618255,0.1736519195790789,0.19748302610606291,0.25885333735512306,0.10256617355330973
"St Petersburg FL HSA, St Petersburg FL HRR, USA",0.098995101187501,0.2902871862188699,0.1853578067388908,0.19838172671091628,0.13809453813347722,0.0888836410103448
"Hollywood FL HSA, Miami FL HRR, USA",0.0609009003364182,0.2112966517990582,0.20751539040565195,0.22524498805964904,0.17549797564574812,0.11954409375347441
"New Haven CT HSA, New Haven CT HRR, USA",0.06983538854819876,0.2262762092710037,0.18004722197791076,0.2026975934572603,0.2183205570510225,0.10282302969460391
"Fort Wayne IN HSA, Fort Wayne IN HRR, USA",0.05616098494529805,0.21601993132518602,0.18336464593889454,0.20006759623445244,0.20422158510187083,0.14016525645429795
"Fort Myers FL HSA, Fort Myers FL HRR, USA",0.14588811047893718,0.3037114363778715,0.15556688713591002,0.16205322594445368,0.14669596808367102,0.08608437197915662
"Denton TX HSA, Dallas TX HRR, USA",0.039805670605438076,0.17450140328570465,0.20091923334527625,0.2219964797326699,0.22926154810838018,0.133515664922531
"Allentown PA HSA, Allentown PA HRR, USA",0.07005997694201421,0.23491315841189028,0.19047710807744128,0.19227294799992176,0.19567044819066196,0.11660636037807057
"Everett WA HSA, Everett WA HRR, USA",0.04608423366373486,0.2271465109425187,0.19847869162714848,0.2251625412733401,0.18135148283218294,0.12177653966107473
"Reading PA HSA, Reading PA HRR, USA",0.06983074228054277,0.23315518261112086,0.19052266384295063,0.18275369868852384,0.20218199349766616,0.12155571907919555
"Fullerton CA HSA, Orange Co. CA HRR, USA",0.06380654489558028,0.21715050235757283,0.1979272056605125,0.2000889310902295,0.20017385984357047,0.12085295615253432
"Stockton CA HSA, Stockton CA HRR, USA",0.04958564433805396,0.1827329116398817,0.17420375632923157,0.2127959027065942,0.23611485833757984,0.14456692664865867
"Durham NC HSA, Durham NC HRR, USA",0.04858009609583169,0.21679843529422976,0.1951135862910965,0.2337384200862215,0.18891436244571275,0.11685509978690779
"Roswell GA HSA, Atlanta GA HRR, USA",0.044850358711542054,0.20099689629374667,0.24766027766751028,0.1732669989047287,0.19950427910071708,0.13372118932175514
"Rockville MD HSA, Washington DC HRR, USA",0.050561023387557254,0.21341682199740336,0.21402508905129447,0.20566119616123707,0.18762874437239838,0.1287071250301095
"Fredericksburg VA HSA, Richmond VA HRR, USA",0.04735507098110715,0.20854845166414296,0.2038237668247323,0.1955703539585304,0.2185823438368562,0.126120012734631
"Norfolk VA HSA, Norfolk VA HRR, USA",0.04603321317203983,0.1879929182912515,0.16198113441940384,0.25076065350286797,0.2340392693263546,0.11919281128808228
"Brandon FL HSA, Tampa FL HRR, USA",0.047154055981596776,0.21089988564341886,0.21147216827599755,0.21669113605273435,0.18914775307977502,0.12463500096647741
"Lexington KY HSA, Lexington KY HRR, USA",0.05282119148406924,0.20225815185104726,0.18002872447863302,0.21776031731516352,0.22673405458281426,0.12039756028827264
"Lynwood CA HSA, Los Angeles CA HRR, USA",0.03375931613129186,0.15841081757520242,0.18764096970338082,0.2242938884283628,0.24620901088186412,0.14968599727989806
"Santa Ana CA HSA, Orange Co. CA HRR, USA",0.03749049822102825,0.1699557944716669,0.21238167434481844,0.22671642433177477,0.22014967541776204,0.1333059332129496
"York PA HSA, York PA HRR, USA",0.0690193444057694,0.2481826731427038,0.1917577470188343,0.18778035544804475,0.18835182746473275,0.11490805251991494
"Pensacola FL HSA, Pensacola FL HRR, USA",0.06786218795092176,0.23734009562741362,0.16895254775003382,0.2035640274483236,0.20233634791166186,0.11994479331164538
"Bradenton FL HSA, Bradenton FL HRR, USA",0.11961496418644885,0.2974902513717465,0.17545034398122442,0.1545061860039455,0.15744774503327183,0.09549050942336287
"Alexandria VA HSA, Arlington VA HRR, USA",0.047810163399318095,0.19135075175957703,0.21266522169116317,0.25725239183431237,0.15878655523539054,0.1321349160802389
"New Brunswick NJ HSA, New Brunswick NJ HRR, USA",0.05649589735719287,0.21085582828233884,0.18919790024772742,0.20339025952706363,0.22901226561850604,0.11104784896717122
"Pontiac MI HSA, Pontiac MI HRR, USA",0.06368669521711756,0.24658602096302074,0.20212686582095965,0.1837739634277908,0.19063727337529687,0.1131891811958144
"Lincoln NE HSA, Lincoln NE HRR, USA",0.05556945012618055,0.2042994766443567,0.16554339993907752,0.20345046998831037,0.24585013556901583,0.12528706773305906
"Burbank CA HSA, Los Angeles CA HRR, USA",0.059019508810248957,0.20217340456547564,0.2101773895514513,0.27454067611882926,0.15478406513548063,0.09930495581851417
"Whittier CA HSA, Los Angeles CA HRR, USA",0.07008278844521165,0.2158064055777388,0.19759364479207991,0.20449069902256825,0.2026193251952849,0.10940713696711646
"Arlington Heights IL HSA, Evanston IL HRR, USA",0.06925268237369606,0.22740065489242975,0.20312612669443478,0.21106029897665846,0.16044169418780796,0.12871854287497306
"Newark NJ HSA, Newark NJ HRR, USA",0.04380612760733116,0.1796340635605964,0.19828426079097267,0.23534923123252335,0.20557095204449352,0.13735536476408286
"Little Rock AR HSA, Little Rock AR HRR, USA",0.06281586233959856,0.22910150689590394,0.1890904859376194,0.2026613616306752,0.18730963918518262,0.12902114401102027
"Hialeah FL HSA, Miami FL HRR, USA",0.08635842208570656,0.23252355220902995,0.23367878992235394,0.18033064889645603,0.1719220709348122,0.09518651595164111
"Fremont CA HSA, Alameda Co. CA HRR, USA",0.05727316907341865,0.1991609799014133,0.21854703972647654,0.2392209803549089,0.16291923954679968,0.12287859139698312
"Mountain View CA HSA, San Jose CA HRR, USA",0.0614045569580397,0.1802754486764768,0.2110749246608558,0.26553100283184267,0.15944469419423293,0.12226937267855206
"Wildomar CA HSA, San Diego CA HRR, USA",0.04733106180089874,0.18568467595311974,0.20281691547893524,0.19558012002603917,0.22467812656055616,0.14390910018045097
"Toledo OH HSA, Toledo OH HRR, USA",0.06256646002665912,0.23400712212907904,0.1786806489604292,0.2053746799370997,0.19644873186476294,0.12292235708197
"Tyler TX HSA, Tyler TX HRR, USA",0.07743172559542684,0.2410175266284401,0.1771333678429638,0.1799477906023654,0.19893364768942184,0.1255359416413819
"Newport News VA HSA, Newport News VA HRR, USA",0.05881504874529906,0.2130090130392552,0.17539700954093412,0.21712147114631533,0.20997386149456615,0.12568359603363025
"Lafayette LA HSA, Lafayette LA HRR, USA",0.05135858325332657,0.2138074355517589,0.17899716801209756,0.22550490927708972,0.19676287675718496,0.1335690271485423
"Bellevue WA HSA, Seattle WA HRR, USA",0.054502382927841084,0.19233408065826574,0.23678829282157146,0.22424574795873814,0.17194069553856478,0.12018880009501869
"Richmond TX HSA, Houston TX HRR, USA",0.04031125196453149,0.17634553165882497,0.2231219231134593,0.1988689357894269,0.21217993867461368,0.14917241879914359
"Carmichael CA HSA, Sacramento CA HRR, USA",0.0636508438150839,0.2263217141432708,0.17380547118301215,0.22180391986938716,0.19254187444003107,0.12187617654921495
"Fayetteville NC HSA, Raleigh NC HRR, USA",0.046868382477364,0.17864339451994585,0.16091944547823672,0.23377791704776188,0.23389105419723186,0.14589980627945973
"Green Bay WI HSA, Green Bay WI HRR, USA",0.061868485281424704,0.2352878346395734,0.18625059550530218,0.19543548622448387,0.19399588488071604,0.12716171346849992
"Montgomery AL HSA, Montgomery AL HRR, USA",0.06134279974345499,0.22618334488230488,0.18875056850621186,0.20037900202757689,0.19682455047888037,0.12651973436157105
"Webster TX HSA, Houston TX HRR, USA",0.049335488149228106,0.20459594273570333,0.20400524796834318,0.2064781189752397,0.19776573585141452,0.13781946632007125
"Salem OR HSA, Salem OR HRR, USA",0.06142770958239366,0.20988447224621873,0.17499098535236013,0.21375286367802232,0.21064784655830074,0.1292961225827043
"Rockford IL HSA, Rockford IL HRR, USA",0.07031116586071304,0.24108950496976508,0.188776738305311,0.17928962636755455,0.19955625116984874,0.12097671332680768
"Wilmington NC HSA, Wilmington NC HRR, USA",0.06797845788019137,0.25310932653056717,0.1862464210396339,0.1917475450869841,0.19944395904063356,0.10147429042198995
"Royal Oak MI HSA, Royal Oak MI HRR, USA",0.07594269033378157,0.24827407678673127,0.19022465491992188,0.22542342151798556,0.15697534597030907,0.10315981047127065
"Trenton NJ HSA, Philadelphia PA HRR, USA",0.06477794186669926,0.22253315462142043,0.2033817729209892,0.1902136069092845,0.2061682892004812,0.1129252344811254
"Victorville CA HSA, San Bernardino CA HRR, USA",0.04041575885661046,0.17010186019769727,0.17843419463590396,0.21072813883987443,0.24215789589005962,0.1581621515798544
"Bridgeport CT HSA, Bridgeport CT HRR, USA",0.0675269640517222,0.2146089585107779,0.20294205887192068,0.17702524025458832,0.22284491779315652,0.11505186051783427
"Downey CA HSA, Los Angeles CA HRR, USA",0.04082352122010012,0.17040883533143214,0.19907318614341069,0.22484534866563047,0.2343449852622677,0.13050412337715872
"Puyallup WA HSA, Tacoma WA HRR, USA",0.046218573106015126,0.20489487037382215,0.2046563816129772,0.21261108301977816,0.19492741490289797,0.13669167698450946
"Leesburg VA HSA, Arlington VA HRR, USA",0.04097135652900088,0.16518029864395775,0.24877658273975634,0.18990469781698757,0.20593861288650345,0.14922845138379395
"Santa Monica CA HSA, Los Angeles CA HRR, USA",0.0745648584096867,0.22447053931884942,0.20594960922489322,0.2673914246313435,0.1328480126242365,0.09477555579099074
"Renton WA HSA, Seattle WA HRR, USA",0.04790799893115246,0.20440808856164838,0.20971862493073076,0.22675879547278377,0.1815896268980279,0.1296168652056569
"Kalamazoo MI HSA, Kalamazoo MI HRR, USA",0.060428033722752066,0.22138249006868113,0.1699108186095703,0.19441830143960723,0.23961074422325992,0.11424961193612937
"Roseville CA HSA, Sacramento CA HRR, USA",0.08060697603688188,0.22457825290495625,0.20261866601551595,0.1800042408813024,0.1904392462456291,0.12175261791571436
"Springfield MA HSA, Springfield MA HRR, USA",0.06711711551969149,0.227326039464207,0.18520525219672535,0.1940779971202469,0.20688295907405713,0.11939063662507209
"Melbourne FL HSA, Orlando FL HRR, USA",0.09753599250114937,0.2802743680829114,0.17708207508330923,0.16944181892564783,0.17896574634406606,0.09669999906291621
"Virginia Beach VA HSA, Norfolk VA HRR, USA",0.058687600755646434,0.21482578733784716,0.18725615615481925,0.2299429111683399,0.1864421917481482,0.12284535283519905
"Albany NY HSA, Albany NY HRR, USA",0.06955311982581842,0.24012257591030015,0.1778208296266386,0.19427853068327297,0.22179065610082532,0.09643428785314459
"Aurora IL HSA, Aurora IL HRR, USA",0.04024933108325812,0.1750222330858421,0.21895359556367003,0.2039818905935702,0.22006229225591495,0.14173065741774474
"Newport Beach CA HSA, Orange Co. CA HRR, USA",0.06961692967762592,0.2222961298335939,0.19509726842624361,0.21886340665799223,0.20662583221090042,0.08750043319364378
"Kissimmee FL HSA, Orlando FL HRR, USA",0.0534097391088199,0.19590066598319017,0.2057569480242919,0.21466994479060347,0.20661974912804856,0.12364295296504593
"Glen Burnie MD HSA, Baltimore MD HRR, USA",0.0507772288096038,0.2175451188754911,0.20020530234437178,0.22213844383862386,0.18441418792674102,0.12491971820516848
"Amarillo TX HSA, Amarillo TX HRR, USA",0.058320560587505225,0.20279038139646027,0.17528524519275634,0.21391887762956685,0.20520510663290012,0.1444798285608113
"Parma OH HSA, Cleveland OH HRR, USA",0.08234893284924533,0.25938437654713475,0.19135281943261886,0.1861777167382445,0.1756469587360383,0.10508919569671833
"Santa Rosa CA HSA, Santa Rosa CA HRR, USA",0.06874135437379575,0.24646012400495845,0.18973265569189493,0.20350044503499995,0.18421403779742304,0.10735138309692778
"Sioux Falls SD HSA, Sioux Falls SD HRR, USA",0.05402299814179343,0.21076948937158718,0.17742179140868944,0.21616910791591876,0.19472099894362016,0.146895614218391
"Sun City AZ HSA, Sun City AZ HRR, USA",0.165318625116453,0.3052651944867167,0.15514108731876533,0.14845699026657797,0.13876992719435138,0.08704817561713565
"Lakeland FL HSA, Lakeland FL HRR, USA",0.07771617264582724,0.22555589437075477,0.18726396346887317,0.19022109426530703,0.19807063900959726,0.12117223623964035
"Lowell MA HSA, Boston MA HRR, USA",0.05381911875350672,0.23300505229446142,0.2015046321905712,0.20517893773174478,0.2001370909858661,0.10635516804384977
"Olympia WA HSA, Olympia WA HRR, USA",0.06337579698183186,0.24067882626906714,0.18805937325756208,0.21432820916384995,0.1752174292236923,0.11834036510399673
"Pomona CA HSA, Los Angeles CA HRR, USA",0.057485411547876036,0.20530793478343523,0.19621262881974563,0.1934974476075452,0.23113783329980161,0.1163587439415962
"Walnut Creek CA HSA, Contra Costa Co. CA HRR, USA",0.09474124352693875,0.25115674871350135,0.22058012803167124,0.14839453122366084,0.18501387043356887,0.1001134780706589
"West Covina CA HSA, Los Angeles CA HRR, USA",0.054917822711378045,0.2195645729585304,0.20009184617595957,0.2112384712625141,0.20508652303636002,0.10910076385525795
"Anchorage AK HSA, Anchorage AK HRR, USA",0.03785803123976253,0.196970271630106,0.18300649217505144,0.24224317956046398,0.19920579816282022,0.14071622723179578
"Provo UT HSA, Provo UT HRR, USA",0.035717015808568224,0.121109546405433,0.12865452188604454,0.21143573776299693,0.3547108810891618,0.14837229704779548
"Canoga Park CA HSA, Los Angeles CA HRR, USA",0.06495185524757568,0.2248421121372845,0.2096382834905836,0.2085487442065186,0.17488287461198374,0.11713613030605383
"Asheville NC HSA, Asheville NC HRR, USA",0.08081251152339566,0.26226411737064786,0.19596413467678217,0.1997021082296347,0.1629021230547514,0.09835500514478802
"Valencia CA HSA, Los Angeles CA HRR, USA",0.04515963320537264,0.20489092299628217,0.21292212280093345,0.20134805831547548,0.20745475955492013,0.1282245031270161
"Cedar Rapids IA HSA, Cedar Rapids IA HRR, USA",0.06920712887966234,0.23200112013388893,0.18943645531378314,0.1927998130046931,0.19627870441397016,0.12027677825400235
"Winter Haven FL HSA, Orlando FL HRR, USA",0.0829582892388863,0.228478974020276,0.17918409994205034,0.20303541362427094,0.18598343722520655,0.12035978594930978
"Killeen TX HSA, Temple TX HRR, USA",0.029609805886713587,0.15142503820161682,0.17012694181827137,0.24296234512230275,0.250272331835304,0.15560353713579153
"Peoria IL HSA, Peoria IL HRR, USA",0.0747507962840563,0.2329927714280832,0.18322281711279909,0.19016371304911153,0.1849316175965563,0.13393828452939344
"Evansville IN HSA, Evansville IN HRR, USA",0.07026451094562994,0.24240806670816364,0.18322165747878516,0.19011419375226885,0.19367113878575767,0.12032043232939472
"Jersey City NJ HSA, Newark NJ HRR, USA",0.045451527882852456,0.16721733475393213,0.1806141884427157,0.32307632424720295,0.1511235747307661,0.13251704994253063
"Spartanburg SC HSA, Spartanburg SC HRR, USA",0.0626408620836257,0.22530184554723362,0.18790849214255537,0.20051084735471078,0.20168084585132365,0.12195710702055079
"Waukegan IL HSA, Milwaukee WI HRR, USA",0.042902941947302826,0.20233262368983074,0.19647154871025066,0.18737610084358367,0.2484961073677447,0.12242067744128741
"Naperville IL HSA, Hinsdale IL HRR, USA",0.04570460410478973,0.20593140075,0.22569300256939784,0.18697783459090508,0.21136427294824386,0.12432888503666358
"Laredo TX HSA, San Antonio TX HRR, USA",0.03911598392685159,0.14520690317307675,0.17486093090794266,0.2007444346019994,0.26303847899739824,0.17703326839273142
"Harrisburg PA HSA, Harrisburg PA HRR, USA",0.06666978422892703,0.24173774007446297,0.1865715533350563,0.19930690489182204,0.17993306212765678,0.125780955342075
"Scottsdale AZ HSA, Phoenix AZ HRR, USA",0.11440164565190448,0.31022160369887947,0.17709991443825124,0.186833951950206,0.1374581355575614,0.07398474870319745
"Gainesville GA HSA, Atlanta GA HRR, USA",0.061343184307941195,0.22297369849460655,0.1980231044875881,0.18587803775674458,0.21112181610375064,0.12066015884936895
"Columbia MO HSA, Columbia MO HRR, USA",0.057927135159581304,0.20567703604099613,0.16646002604468277,0.20453003971440256,0.2456065751840821,0.1197991878562551
"Rock Hill SC HSA, Charlotte NC HRR, USA",0.05158533825414786,0.21914090309920656,0.21491022360476023,0.1907872576133193,0.1949515714380615,0.1286247059905044
"Frederick MD HSA, Washington DC HRR, USA",0.05744970242442988,0.22593447482555568,0.20285707084503443,0.1995999102880021,0.18936102512474232,0.12479781649223562
"Brockton MA HSA, Boston MA HRR, USA",0.0576818834451823,0.22692994931037036,0.19703461681829906,0.19141899565564177,0.21491337454057824,0.11202118022992816
"Corona CA HSA, Orange Co. CA HRR, USA",0.04282777340014225,0.18351123583001358,0.21649198680455656,0.20404177934730613,0.21977907978435174,0.13334814483362964
"Waterbury CT HSA, New Haven CT HRR, USA",0.07992635971327901,0.24915849752505195,0.20308826623139317,0.17327692527783986,0.18653205612083337,0.10801789513160262
"Pembroke Pines FL HSA, Miami FL HRR, USA",0.06594914455648794,0.2247652660203828,0.24871160253785232,0.14665181152634862,0.21256516411455212,0.10135701124437621
"Arlington VA HSA, Arlington VA HRR, USA",0.04356204371662803,0.16933289411212063,0.20072617828077657,0.3132618190052836,0.1608857796688263,0.1122312852163649
"Athens GA HSA, Atlanta GA HRR, USA",0.05275887483930964,0.19857743383028587,0.17456822781489628,0.20270550941526197,0.2622755074476309,0.10911444665261534
"Portland ME HSA, Portland ME HRR, USA",0.06840137847382459,0.2547100840943777,0.19544261229877127,0.21141753015504017,0.17343124113224045,0.09659715384574584
"Charlottesville VA HSA, Charlottesville VA HRR, USA",0.07017424089925482,0.24461568776839882,0.17548328721732173,0.20219483117586967,0.19967556639465234,0.10785638654450255
"Ogden UT HSA, Ogden UT HRR, USA",0.04416946268173171,0.17813120705082758,0.17517010166716676,0.22321534516837344,0.22687528160632936,0.15243860182557117
"Belleville IL HSA, St Louis MO HRR, USA",0.06378459708614787,0.23639185679385,0.19109756758719254,0.19241945018157022,0.19134481581819895,0.12496171253304039
"Waco TX HSA, Waco TX HRR, USA",0.061325498544918366,0.20097698513924048,0.16446633424642212,0.18888982454852163,0.25288494583841686,0.13145641168248037
"Columbus GA HSA, Columbus GA HRR, USA",0.054969955753742444,0.20910258648336263,0.17249774178186492,0.22261142785702628,0.20780911635153698,0.13300917177246682
"Manassas VA HSA, Arlington VA HRR, USA",0.03931916508277883,0.18000578371535184,0.22687684496705368,0.20117061207225687,0.21248341877891894,0.14014417538363985
"Fargo Moorhead -Mn ND HSA, Fargo Moorhead -Mn ND HRR, USA",0.053635253378614474,0.18462396066192222,0.16768000539886121,0.22644566638251873,0.23339278602841157,0.13422232814967194
"Sarasota FL HSA, Sarasota FL HRR, USA",0.16526062861663746,0.31916311358992044,0.1599106429994398,0.14658341688558107,0.131332549928429,0.07774964797999233
"Tomball TX HSA, Houston TX HRR, USA",0.04403301463931476,0.2015229456812254,0.2121708232653184,0.17178022187858646,0.22326366683366236,0.14722932770189262
