longname,"Agriculture, forestry, fishing and hunting %","Mining, quarrying, and oil and gas extraction %",Accommodation and food services %,"Arts, entertainment, and recreation %",Construction %,Educational services %,Health care and social assistance %,Finance and insurance %,Real estate and rental and leasing %,Information %,Manufacturing %,"Other services, except public administration %",Administrative and support and waste management services %,Management of companies and enterprises %,"Professional, scientific, and technical services %",Public administration %,Retail trade %,Transportation and warehousing %,Utilities %,Wholesale trade %
"Central District of California, CA, USA",0.009441645286983514,0.0007845544947038238,0.07552631444741076,0.0292162283677306,0.0671113956863466,0.08548958525193523,0.12605796171297598,0.03887523448962905,0.022989762530802912,0.03143785020682379,0.09244507703551624,0.0532455433888546,0.04831709424046596,0.0011736715360531303,0.07795090411721865,0.03978741400729503,0.10527460670287159,0.056792307927402814,0.006739641135005685,0.031343207433974
"Middle District of Florida, FL, USA",0.007541538499021477,0.0008047411526998711,0.08689507372236009,0.03283841310443952,0.08106938735156112,0.0725005383327956,0.1351424042804545,0.05451602356772528,0.02671768842632913,0.016399156354952177,0.0556277480280806,0.04972035675301802,0.05825753189878355,0.0014359838814909562,0.07454589037345676,0.039445889343752566,0.12635324889951913,0.04870269865307567,0.00775658834921718,0.023729099027266783
"Southern District of Texas, TX, USA",0.006461054756484312,0.028010915855813237,0.07245475716526181,0.013374521815804116,0.09502240631287641,0.10177558655156596,0.12265614795934904,0.036578339931589564,0.01969258937428253,0.0119909201214356,0.08663064473485531,0.05142723063691924,0.045902984170451994,0.002351731893808461,0.06747897913332804,0.0359695143417103,0.10882124467112136,0.05437233714255158,0.010212687073391975,0.02881540635739908
"Northern District of Illinois, IL, USA",0.003550281078513239,0.0006726758728925433,0.06568272082234496,0.021317138637131267,0.05332219677429188,0.09079952984267675,0.13328584050195727,0.05879640783978292,0.01879980339159168,0.01872386924012602,0.1163877370500799,0.04592132303345887,0.043345327736347736,0.002009213031679261,0.09347164097467774,0.03340740689601528,0.10070754803086644,0.06393180398758701,0.005837379046347886,0.03003015621163131
"District of New Jersey, NJ, USA",0.0027736247252578626,0.00048552168081913077,0.05429907826113845,0.02042115917484912,0.06045021628048288,0.10310071915101568,0.13775022780866264,0.0666942160354012,0.019026403005429588,0.026078814076149412,0.08126237603568616,0.042507102624140286,0.03958320008030473,0.0015964685070381293,0.09693343514695894,0.04397529008069634,0.10713427178130382,0.05684885955714639,0.007481566582532495,0.03159744940498676
"Eastern District of New York, NY, USA",0.0014626008111224,0.00014674608929797804,0.06346534324490244,0.022886076845410188,0.06457847293574927,0.10686249419925843,0.17728966135560434,0.05601505985273137,0.024343914713606286,0.03199276694545521,0.03954763078853222,0.04808140858716101,0.039069790758147704,0.0011029474792531955,0.09035628346989122,0.045670084699336706,0.09501378595751951,0.06319531096428901,0.005589277887057512,0.023330342415673846
"Northern District of California, CA, USA",0.0160977328458975,0.0005484945553605816,0.06477108890073019,0.022391613514862813,0.05827734373398752,0.08585504220382685,0.12260088919789039,0.04019770516250308,0.02093600254494114,0.039715440101099155,0.0971119044573847,0.04450198554098268,0.041972013921873226,0.0017051407476408854,0.14965573058165782,0.03601187079649381,0.09200721084666422,0.038376490509079875,0.006646961611663615,0.02061933822545966
"Eastern District of California, CA, USA",0.05691235636645795,0.003563738303176489,0.07039374877814775,0.020009488224807564,0.0743204402641133,0.09077487219823088,0.1341724776944912,0.03160402021128176,0.01786079976351232,0.013236730691376103,0.0717387327406523,0.046765939268945546,0.043922415515435236,0.0009380852105323189,0.054579773367270344,0.07318444843010784,0.1086495757359984,0.05146595202957761,0.010519515844104408,0.025386889361780646
"Western District of Texas, TX, USA",0.006566423696261537,0.01883515631850337,0.07778503766182705,0.016395269572694538,0.08087237406693991,0.09946653994869054,0.12182349430476239,0.04775061449732846,0.021119756973024345,0.01946704908341607,0.07012425715829282,0.047933054440644794,0.04484854656178491,0.001279625276842007,0.08192713150667108,0.05739447475681746,0.10978952936151677,0.044789996068348506,0.009123128576317882,0.02270854016931558
"Northern District of Texas, TX, USA",0.01026885590210977,0.012965735301290986,0.07237605634631207,0.014144975640420913,0.08971277884558435,0.0867039431743381,0.11713748672575561,0.053602582508548845,0.020433253724775138,0.016369616717642192,0.09105592009334396,0.05062623409754514,0.04527258408634469,0.0018193903882688994,0.06640763289897204,0.03515289110174655,0.11363147320734601,0.06494451902722631,0.00825517611419938,0.029118894098229132
"District of Arizona, AZ, USA",0.007960144406425892,0.004512970203032755,0.07700360524690238,0.02325432145059901,0.07307274279469558,0.09031421998582653,0.1302935275858592,0.06304360866716917,0.023811198636840954,0.017510476221650736,0.07206666256094126,0.04560124356844982,0.055169282384665376,0.0016787377083745034,0.0681224910067727,0.04832740148336671,0.11961675798526965,0.046721855493260855,0.009439862931933734,0.022478889677963156
"Northern District of Georgia, GA, USA",0.004294168469565738,0.0006470600210944534,0.07035689824333888,0.016851839246346152,0.06804962315168249,0.0874189417420946,0.10997673253958244,0.04688956918462379,0.021998085152971768,0.027019722355335764,0.10168836270734684,0.04657990801783117,0.05102426304420892,0.002106139709594693,0.09471190844899832,0.03948837702342537,0.10951255061345501,0.06343030219998878,0.008005788399894692,0.029949759728620063
"District of Massachusetts, MA, USA",0.003774581404252666,0.00044673800624450596,0.0594575962058037,0.01953164465044147,0.05887316267336853,0.11775722504285095,0.16343769435810465,0.056213932400316066,0.016948845091833212,0.0216881889883028,0.08922320984426806,0.04323273801939236,0.03692142912656096,0.0014941853441916499,0.1099785589683011,0.03902785894325586,0.10014595765060175,0.0340265060206741,0.007097092336159068,0.02072285492507673
"Southern District of Florida, FL, USA",0.0070035144333403035,0.00029861307978346817,0.0809267735596192,0.025546754035825948,0.08178915067184053,0.07237895304173594,0.13595117596380285,0.044266166797727595,0.031680361744019295,0.01870222395917335,0.046225613619012264,0.05678311087372874,0.062421842661510574,0.0012429806660976866,0.07820008487948246,0.037825773641723355,0.11847179808159206,0.06230110537312327,0.007147183947205874,0.030836818969655268
"Eastern District of Michigan, MI, USA",0.0063077577834358065,0.000932355954595545,0.07115841039341335,0.017946703954407985,0.05406435898185133,0.0815133039032862,0.1515123967194527,0.04326112955060278,0.015358441006261839,0.013309398750117114,0.18633181815241184,0.04409514252918908,0.03890530953912831,0.0016251745761924573,0.06549419155161634,0.03231409043235723,0.10719400980969548,0.039453172032087896,0.007589624502039443,0.021633209877857305
"Eastern District of Virginia, VA, USA",0.00408397562100212,0.0006281612893349408,0.0650353713004409,0.019260807515797344,0.06333089837075918,0.09034751381272474,0.11642528191851967,0.04915896583143091,0.02033900814842205,0.01980025782309838,0.055367337159942506,0.05290765724848706,0.04251409177897757,0.0013258723942983098,0.14095476635923143,0.10273673427942395,0.09371599977736426,0.03866754845930595,0.007060408107649596,0.01633934280378887
"District of Maryland, MD, USA",0.0046569592269344266,0.0006186849920671794,0.05936076332538216,0.019113295810316455,0.07295871956476875,0.10108619973746515,0.13549321829267205,0.038681258580129295,0.021914883997419133,0.018400595808544817,0.046227398996396246,0.05349651052863062,0.04304100217894458,0.001222881368478177,0.11562643832275647,0.10965872873666918,0.09185225301080324,0.043523222825315205,0.005829747490800304,0.017237237205506753
"Southern District of Ohio, OH, USA",0.00645095052586885,0.002537344407685994,0.06907163836905565,0.01700863128691132,0.056190152342490494,0.08862731746111242,0.15526281153878838,0.057809378298466364,0.015360436051094047,0.015591411698938192,0.12642584724692002,0.04147089166124164,0.039172767566494814,0.0017473347988739498,0.06760388767061783,0.04333756649582508,0.11246920821404544,0.05113535304985941,0.008214470115352455,0.024512601200357583
"Western District of Washington, WA, USA",0.009690872472278548,0.0008175763631692684,0.06495170890756886,0.022716849347606663,0.07183814495970056,0.07913843391051338,0.12830992165969313,0.03243824279001133,0.021909037241362075,0.02423273975706869,0.0980170129740905,0.045277510074116074,0.038646126400615405,0.0019712489074091423,0.11104699015804019,0.050067977469573616,0.11841153410668191,0.049356616791342005,0.006400269052564023,0.024761186656594696
"Eastern District of Pennsylvania, PA, USA",0.007071653181483594,0.000737235003349725,0.05667204853913516,0.020120084910902537,0.05595153643228205,0.09931740723014847,0.1682977429679134,0.056235764114382365,0.017482748545098396,0.019161746193961514,0.10938752742683475,0.045379521895763296,0.03918370790597432,0.0018447142940283465,0.08501323715037308,0.035412952808610086,0.10219442609321433,0.04649104144910286,0.007522722800693666,0.026522181056748185
"District of Colorado, CO, USA",0.01188609564390439,0.009365790384531374,0.07087131993427044,0.025950407113309565,0.08104394404250242,0.08956795247040321,0.12434782900904957,0.048323997002516945,0.024283981275812126,0.026661805277855253,0.06922606466095173,0.04886737481643777,0.041556137279347274,0.001518567928947554,0.10251089611973803,0.04658901886196456,0.10398611479822437,0.04118918083358256,0.00855929270153201,0.02369422984511884
"Northern District of Ohio, OH, USA",0.008024047597542818,0.0018661531876272427,0.0721922765269633,0.016623941479720374,0.058798555260654736,0.0808398817459402,0.1582107392708009,0.04280242939810145,0.014434616800443268,0.013689641901277628,0.17534981350942044,0.04475683935242467,0.0357697346673061,0.0013888634853461905,0.051748584539371485,0.034708980451190405,0.11094488710935521,0.04372895986342833,0.00808255454997482,0.02603849930311036
"District of Minnesota, MN, USA",0.018652632784384098,0.0018993620695324947,0.05643846995301566,0.019676241392429104,0.0615269089308727,0.09153906639213434,0.1644553783232632,0.05793780350928328,0.014396776137541213,0.014962394175585704,0.13409882112545818,0.04269921386221807,0.03081382021902219,0.002119466226568642,0.06839499648771158,0.036770408403220115,0.10822518080891126,0.041121220564794864,0.006369974894919782,0.02790186373913352
"Southern District of New York, NY, USA",0.002546791347336255,0.00021684777781301036,0.060376101298434307,0.031050508572045228,0.04612167914365275,0.10965135128008442,0.17690063538899928,0.0754547631048711,0.02990701605456221,0.03489104145850669,0.03847622554192178,0.047792637863519116,0.039268851621103086,0.0014270611852838218,0.10755931955063487,0.039461113863343375,0.0884198573098527,0.044964690385890085,0.00534748180142839,0.020166025450717513
"District of South Carolina, SC, USA",0.008027690724431468,0.000737016694573233,0.08081208660943162,0.016886141780947352,0.06986578957412228,0.0892988457626216,0.13135289090876484,0.039034741927248054,0.01958217421434042,0.015072327705725554,0.13451503201562182,0.0502282675062961,0.04891760201443718,0.001064675729462682,0.057274572940725015,0.044789591215647594,0.11527607306142443,0.042016916279614756,0.01180783883999878,0.023439724494565137
"District of Oregon, OR, USA",0.028171154376475733,0.0007783529556197489,0.07346207343602057,0.020426527007885383,0.06622874542277238,0.08489839621735888,0.1489356540701389,0.0350808735593082,0.020055051138679298,0.015694266310613745,0.11035136510157639,0.04588552620936214,0.03910666533534781,0.001913060276462997,0.07422977097794736,0.04676079079358834,0.11634186380133753,0.03793083422106639,0.00790395956328133,0.02584506922515696
"Eastern District of Texas, TX, USA",0.009013956658300295,0.01402430179134249,0.06706271463396951,0.015569386766369849,0.07397742348085042,0.09262643244055321,0.12148308413674115,0.06375626561553728,0.020931886788469967,0.02122308728968897,0.09842424644504055,0.048476398725247234,0.03851135407935793,0.001985289310787245,0.08264546539471096,0.036144331460679614,0.11382193748556409,0.04507173158726023,0.008261925736290568,0.026988780173238323
"Southern District of Indiana, IN, USA",0.0093363360306295,0.0023801424708689532,0.06701940911088544,0.018024625759468057,0.06316837534047261,0.08808463832312433,0.1436204683313925,0.04172573985286121,0.015603763137835227,0.013689419464728653,0.16337818343434746,0.044364604257242105,0.03668041385577618,0.0012484202319558832,0.05632242414009718,0.03969122207628076,0.10925812354593059,0.052787219831706596,0.008412187243171306,0.025204283561225477
"Eastern District of North Carolina, NC, USA",0.013609225612154994,0.0016005645141196254,0.0748575065686628,0.015879733106806692,0.07384221589534315,0.09014893790012243,0.1350376195078337,0.04040482128657438,0.019683922437832083,0.018480645031817674,0.10409060602348044,0.04552902025712469,0.040777645934784584,0.0007450421833921246,0.08570542756840743,0.05660807158242644,0.11462457155494767,0.037682831251900015,0.008692030203440488,0.02199956157882848
"Western District of Pennsylvania, PA, USA",0.006711270621924392,0.008199078975813425,0.06354029846909821,0.016305291846942505,0.06264226403715098,0.09049672459130877,0.17339553355473034,0.051396040956490495,0.013965894740306494,0.013993285466870958,0.11742618247480074,0.049596643379794095,0.03432558403373519,0.0012510295112503954,0.06504794464082372,0.035562014166918406,0.11497246111261297,0.04611974177146989,0.01140842428683872,0.023644291361119018
"District of Connecticut, CT, USA",0.003458276691506707,0.000554074358918276,0.05679558909676966,0.02485198179450098,0.06234939291173426,0.10750526807453545,0.15704701312366098,0.07360485064129985,0.01672115580134616,0.019889057792334443,0.10569990915921745,0.04509507369306693,0.03893122258904447,0.0016835447124992971,0.07614681151638296,0.036477249149487155,0.10646643826388633,0.03708228152171436,0.007058367787043664,0.022582441321050667
"Western District of Michigan, MI, USA",0.01584842769709851,0.0016485030823377848,0.07269623482137155,0.017775052467269906,0.05980447833818696,0.09162341041835752,0.1412516620300067,0.03815254668180065,0.015013432589146707,0.011641500356797316,0.18774829507317983,0.04744078584315365,0.03470039955260652,0.0009897855222384905,0.04755125481495864,0.03829640320647488,0.1091904263812906,0.03468717418694073,0.008258373413293338,0.02568185352348982
"Southern District of California, CA, USA",0.009612550853861713,0.00034083146959678034,0.08047992310399744,0.02744994733955588,0.06403529614075167,0.08655871991860255,0.1282648612428168,0.036629944346572955,0.02477336081241337,0.019641512322150327,0.09415316852582882,0.049149001327088236,0.04627974387463829,0.0018598609330155245,0.10785292761487791,0.05222137354019398,0.10451636261497832,0.03711804359407683,0.007998452616098106,0.021064117808884578
"Eastern District of Wisconsin, WI, USA",0.01398205037263355,0.000972927679728922,0.06294429782286699,0.017590123109382426,0.05850450137611835,0.07979965339130321,0.1461785118298734,0.04876206949423141,0.0128494827127661,0.014400770974779655,0.19771716654722687,0.04250085499765531,0.03706514667420363,0.001846071712561976,0.050559450486400516,0.03130218809562292,0.1069079202673635,0.04158871508903898,0.007299453753004338,0.027228643613237815
"Northern District of New York, NY, USA",0.012460266925097456,0.001518208381175976,0.06498063198040764,0.020996355471861926,0.06083105581376225,0.13251746904377623,0.15920422341655938,0.0433271347348472,0.01473598058377686,0.016043019747276878,0.08837002823800826,0.04497054824185674,0.029331858580366525,0.0008404034083735707,0.06367747726905687,0.06810108387606154,0.1123683869692673,0.03664691576309942,0.009796396851158443,0.019282554704209608
"Middle District of Pennsylvania, PA, USA",0.013438619903983018,0.004068125102357486,0.06264083770482774,0.016549996768365022,0.06432000676906437,0.09285411423102605,0.1578980939572013,0.04041313643333152,0.011743382589901992,0.012414987144882747,0.12868100950215983,0.04656378752487591,0.03504749399678902,0.00121526425394808,0.047436469399590016,0.053492558766889096,0.11610872498230533,0.059321982828732064,0.008839626631819834,0.026951781507949517
"Western District of North Carolina, NC, USA",0.0077849863586500175,0.0010868080164635804,0.0739033872366057,0.02080975651063817,0.0732747370583729,0.07545014956033233,0.12754006685751285,0.06434370542243205,0.020754500949098666,0.01741685855170059,0.12843574908165717,0.05200423024802912,0.042534245108204104,0.001267942685874177,0.06636425071047648,0.028500738870757984,0.11886115680338975,0.04411834279428962,0.009130752710927552,0.026417634464587225
"District of Puerto Rico, PR, USA",0.01288504244109312,0.0003362542499994302,0.08233303134264511,0.012134248680567788,0.05783400665256031,0.09822329342644852,0.128626007719167,0.04202829674155385,0.01231889849679386,0.016082068591831283,0.08848814935640033,0.0569662367527054,0.06129833551972719,0.0003561453464782698,0.04322737613598583,0.0860517484322895,0.1342978026156024,0.02850557509603217,0.009315060122546908,0.02869242227957177
"District of Utah, UT, USA",0.007238342715089146,0.007258466691360463,0.06329870961290902,0.020859759153736487,0.0759950520173343,0.10838396295175969,0.11355016498516171,0.05267325014165393,0.01953597883963895,0.018933517300016415,0.1021241485828633,0.04416898354424728,0.045178326729105496,0.0012024075822111597,0.08143481435317453,0.046980051479646796,0.1150582054569935,0.045557537906968114,0.006698139727055994,0.023870180229073737
"Western District of Missouri, MO, USA",0.01733481438039245,0.0014313593586389084,0.07074180540703244,0.01735072439225964,0.06846487499897874,0.08988340341678605,0.14593269245407253,0.0514229413450933,0.015596768238178522,0.015448641173926289,0.10967437017554675,0.04817787993536565,0.035485107099293915,0.0009972961907878056,0.057973240415946974,0.04891747113958139,0.11799650770621559,0.05269736676766334,0.009424227308205727,0.02504850809603412
"District of Nevada, NV, USA",0.0038755426758331755,0.010024643780629857,0.13828691788327627,0.0787233846998993,0.07471402687081856,0.06795491255061997,0.09932134936729602,0.03273784226419512,0.024862441985573656,0.015203678714976281,0.04983099169255179,0.045507545514133524,0.05558217947302219,0.0011857481652594282,0.05887956685863734,0.042977949428246745,0.11477552550203489,0.05891734290638012,0.006780800569828695,0.019857609096787097
"Middle District of North Carolina, NC, USA",0.008201379368502413,0.0012199043814229008,0.06897888996452106,0.01619543687424973,0.06861165945091544,0.1051880269476204,0.1517628324814276,0.04431979452005308,0.015303057331850492,0.01310792102392714,0.13357348764294558,0.049809256858700114,0.04236038758624031,0.0013917319418687915,0.06112547243797935,0.035355577463642984,0.10877620792067419,0.042714844959909806,0.006828184839793758,0.025175946003754557
"Northern District of Alabama, AL, USA",0.007645332532316493,0.0039916905937578216,0.06759453523312137,0.012140323244417692,0.06939712639077665,0.0873620056075266,0.13912498527539377,0.043117804141495165,0.014334613385481346,0.01485045167481073,0.14587375216828838,0.04829412982595506,0.03728420112063662,0.0010398014438938144,0.06458254960253705,0.05052087442750125,0.11404816003759276,0.03850578941322365,0.015388749105583297,0.024903124775690656
"District of Kansas, KS, USA",0.026025778228898316,0.00530748522978646,0.06237484622980301,0.017705638332496675,0.06393116611594411,0.10509537889528181,0.14289664436194333,0.04998014088935717,0.013942061044699548,0.017194679964915572,0.12365537271689182,0.044068607710851346,0.03297646695388825,0.001128797365357988,0.06282236577171953,0.04652548310044848,0.10552152231115916,0.042611583377924395,0.009846119474616196,0.026389861924016836
"Eastern District of Missouri, MO, USA",0.011773962995311952,0.0025006211083952036,0.06317006686856502,0.019382804763637466,0.06342062164328742,0.09533609178187377,0.1508762027157041,0.061653365914838124,0.016811099294997984,0.017926631086950248,0.11939075776631826,0.04726969195135015,0.03588352581242034,0.0025231428858983407,0.06488735240317924,0.03787529551035403,0.11039330765381494,0.043044747252870996,0.0080346441242442,0.027846066465988244
"Western District of New York, NY, USA",0.010727175061053402,0.0016645965900035685,0.065869470393219,0.019499032893914203,0.05476271951814997,0.1236582621668893,0.16382800606388456,0.04698882847821425,0.014700189614641573,0.016689855497753873,0.12126014154373613,0.043669448763108965,0.036348666900142615,0.0009717079017180191,0.06167659955291322,0.04312518991818282,0.11074995386394883,0.03604876201752871,0.007072128991032919,0.020689264269964286
"Eastern District of Tennessee, TN, USA",0.008736883261369122,0.0021285541160496538,0.07990733451398617,0.01558364151239007,0.07170553494089225,0.08551795506984872,0.13953382467496683,0.04254615779972786,0.015845182656719595,0.01342799786696184,0.14870863807112897,0.047340877784813815,0.04362458541497755,0.0013932807387257102,0.049956872275628186,0.035095497469765986,0.12002292365268596,0.0454912534913948,0.012077603677012962,0.021355401010953803
"Middle District of Tennessee, TN, USA",0.006986312577274184,0.0010612894667020429,0.07529497042076151,0.021725849356535914,0.0686137403342756,0.08360483636032766,0.1415452772236423,0.047113453220302436,0.019488577757421955,0.020153795218539227,0.11528371524716652,0.047793198419076297,0.04225965960746053,0.003735157813284928,0.06562102637701926,0.042896586211036036,0.11167089627730546,0.05195424833103056,0.006981724870645789,0.02621568491019182
"Northern District of Indiana, IN, USA",0.011243329577473897,0.0009513586565554835,0.06543116673591028,0.01528074375716348,0.061616840907290624,0.09728026201565175,0.13705546008739244,0.031800597812117574,0.013102399169723354,0.012265009562084032,0.22433796915237741,0.04653897822302046,0.03221201799579365,0.0004744668915871443,0.04057055654077263,0.028112365399320067,0.1059370599865177,0.04624395196164174,0.007259262612170601,0.022286202955435677
"Western District of Wisconsin, WI, USA",0.02758107599185456,0.0021825107983186377,0.06188006480661517,0.01701025388698586,0.06320225846355383,0.09401838697438303,0.15054988015885196,0.048064943382305145,0.012231059348287424,0.017182615900503267,0.15491080474199317,0.04125889311865784,0.026193949925887843,0.00126634635961842,0.05724398458149289,0.039843792202590676,0.11348945663938341,0.03888428349898674,0.007415452501087192,0.02558998671864281
"Western District of Virginia, VA, USA",0.014926862092748353,0.004635781239533507,0.07025263764954318,0.01616303468626047,0.07119341845775173,0.1212810216107665,0.1452688218288435,0.03345772189595215,0.014410156529200021,0.014094735550835064,0.1150470108105784,0.05091803466589511,0.039100425926761925,0.0006738015760182189,0.055880665309455374,0.04952489885792786,0.1139203323938009,0.040234278634646854,0.008872867712203615,0.02014349257127739
"Western District of Kentucky, KY, USA",0.013182874868243509,0.004033014282066831,0.06817550069046914,0.015346089281151477,0.060016596571977596,0.08884090184076271,0.14124621804770587,0.04591839565206063,0.013549610396172489,0.013951210924404225,0.1559734298526602,0.044892747212630583,0.0393115017522374,0.001276148345965532,0.04596402733719527,0.03666835993840611,0.11465940358617055,0.06191786899851406,0.011145412980904388,0.023930687440301524
"Eastern District of Kentucky, KY, USA",0.014073039168141658,0.00646891508883946,0.06748862702397382,0.014435751251122076,0.06202336589854768,0.1041186256429968,0.14792888341081806,0.03918889993943965,0.013380770490183162,0.01472919863179051,0.1287248213278178,0.04452211576155194,0.03688065602328421,0.0009960678695928483,0.050420252938301054,0.049688032017748594,0.12360178430252834,0.04761680893004894,0.010193163416528473,0.023520220866744816
"Central District of Illinois, IL, USA",0.024514815078968848,0.0015898770891282124,0.06849547107909565,0.014567434562442052,0.056048863213116834,0.11555088002916261,0.15551672491263105,0.05586362519712495,0.011412444824826253,0.013641244482482625,0.12143094881487293,0.04661559248428944,0.030325543430885418,0.0014442621781613294,0.041057461426907256,0.048588823114534545,0.1118144212253049,0.04629662648883817,0.009302514482244886,0.025922425884982052
"Western District of Oklahoma, OK, USA",0.01596272279707786,0.03205923952735533,0.07298106966740639,0.021019731084253965,0.06922176193532421,0.09856186611351761,0.1328986204135339,0.04109888075842047,0.016278597195759636,0.014660998364293718,0.07607040176406799,0.05255989038957172,0.033634587643074004,0.001059285801948764,0.05621658924055344,0.07213504938303895,0.11785434769924734,0.04046109614452159,0.010970096552945176,0.02429516752408794
"Western District of Louisiana, LA, USA",0.014213680499839669,0.03827311528116906,0.0689908049834824,0.023783115467886924,0.07714135761921892,0.09511922397975307,0.16146065857528952,0.032313173604198706,0.014384790367578101,0.013745440659068964,0.07716361346350246,0.052002369871668175,0.034976938031694285,0.00048211361383057935,0.0458262285645148,0.0535155360533983,0.1204281076398995,0.04070565015766676,0.011264347576861714,0.02420973398947801
"District of New Mexico, NM, USA",0.018508524579842325,0.021537437544129484,0.08150406778288968,0.022857386994787662,0.07301546611979834,0.10607154260940739,0.14938477313509357,0.0317271324941423,0.016453271091083257,0.013259083365938559,0.04058226185818301,0.0544799579055303,0.038950876293527975,0.0004070031525879554,0.08028080968892366,0.07734296649082331,0.10991895915127475,0.03478078045665304,0.01084517240293762,0.018092526882445798
"Middle District of Georgia, GA, USA",0.022338923940535695,0.003047269627770125,0.07592404601909779,0.015042970186657081,0.0614914629225135,0.11274126617949842,0.13247940688461127,0.04011013689155399,0.016746015330301293,0.012254260749107668,0.10828857915763519,0.04660297225235304,0.039665570549868995,0.0005074902817829544,0.044122555301712045,0.06928639108580766,0.1194560315411995,0.04896684312263869,0.008365441869665351,0.022562366105689877
"District of Nebraska, NE, USA",0.04086111607932497,0.001433810051295024,0.05688599382009093,0.016021913281666106,0.0700827775795982,0.09935088227243577,0.14575652502151704,0.06561237325702157,0.012594998562237336,0.01684899737052478,0.1030999348807151,0.04533349670796817,0.03351123381775889,0.001097838019978478,0.055192299521042223,0.04268524657876716,0.1086879402839359,0.048713968234832594,0.0108785767434231,0.025350077915866673
"Northern District of Florida, FL, USA",0.010826315835804439,0.0018488575603174114,0.09544630391502261,0.01905643756390414,0.0709743140402949,0.11065032998737272,0.13543893408759558,0.04134740348667563,0.0249777759498219,0.012344348474189238,0.04394505397166718,0.048875009827731665,0.04765004755422047,0.0006131111677807256,0.06628028356848285,0.08974020824794436,0.11729444959299788,0.03673543851492831,0.008247788626670628,0.017707588026577376
"Southern District of Mississippi, MS, USA",0.013081435951337338,0.010787937440388584,0.0745310607080457,0.024567469333789685,0.07284290557644439,0.09518802026845229,0.16303586948369453,0.035712987028946486,0.013766644329201846,0.01225901981862339,0.10931909046032835,0.048386449706615375,0.034255755537268257,0.0005315459511907045,0.03824560216607203,0.05842909836235181,0.11241746405012899,0.04792034399465317,0.01267087140308108,0.022050428429385947
"Southern District of Iowa, IA, USA",0.02603991935612705,0.0015986060921695992,0.05710037776521045,0.01612131939851514,0.06449592786782585,0.10618535949466582,0.14090418694212534,0.07917094008901499,0.01279204381948638,0.01536728001593281,0.13036254596924413,0.04295361912277955,0.03218086720919161,0.001037336664738967,0.04792729697116865,0.03419909408771352,0.11581959714274455,0.040811849068580305,0.008859962745342368,0.02607187017742291
"District of Idaho, ID, USA",0.04103249133257653,0.004267039245904657,0.07167115476749593,0.018165597940115127,0.08615147517305345,0.08956888271070276,0.13197966548111575,0.037467578290021786,0.019794058714271215,0.016120581620106062,0.09701496059832954,0.045989856341438665,0.03711002494613099,0.0005900220196217722,0.05979755164462738,0.04977189748721422,0.11638420345847307,0.04032564495306965,0.010083476315336088,0.02671383696039536
"Eastern District of Louisiana, LA, USA",0.0065902263399660686,0.018536373341408563,0.08794313306104704,0.023999418600385757,0.0809711125985043,0.09786487839935801,0.14550432155898213,0.03427525578097051,0.018549630466032425,0.014261424235194269,0.06364911856265454,0.051350113318307904,0.04140464641744874,0.0007334220209908097,0.06511730361503269,0.049732578115336566,0.10802704867443955,0.055726751373085616,0.009504092207145773,0.026259151313708793
"Eastern District of Washington, WA, USA",0.07723122800089868,0.0017224828262334816,0.06902049958810193,0.017204403564790544,0.06964277203995071,0.10060389022405893,0.14625308923550356,0.028081235830366078,0.01794513926239609,0.013589232099454661,0.07807953377223739,0.04212389621530355,0.03552263396899531,0.0006685684329491221,0.05712515573831878,0.04808790789823054,0.10612672844002968,0.04492752636488041,0.013434004398118204,0.03261007209918233
"Eastern District of Arkansas, AR, USA",0.022653830553944473,0.003411820801619695,0.06377327306348335,0.011874394379009567,0.06770510827220041,0.09487002845578202,0.1666239319275668,0.04160978537489119,0.013068067316275541,0.015362353803575505,0.11597510432519086,0.048020537596435535,0.03427884642763653,0.0008497843632286972,0.040192118931808,0.05403670252676811,0.11851883770983065,0.04944533029559216,0.012536785564315906,0.02519335831084481
"Southern District of Georgia, GA, USA",0.017258832716246536,0.0013620373127542125,0.08747173665088379,0.014059219201371338,0.07012990948546373,0.09363693702363748,0.1361108291635433,0.0262140077702104,0.01549014260585035,0.013453053888690853,0.11026668979402579,0.044245664687810875,0.0481606688088298,0.0008776921476584258,0.0475675201067712,0.061911714150391386,0.11669294539036099,0.06296681154235427,0.012509076079387433,0.019614511473757864
"Western District of Tennessee, TN, USA",0.008650808365415276,0.0005596289147246069,0.07168520793117414,0.013183653655048075,0.054312897250671364,0.08476498559632363,0.14772198818645912,0.03222404269975794,0.01633574154239501,0.011137232142107578,0.12615328893641356,0.04952674146456671,0.04697538082074282,0.0010802288694011387,0.041793074110557854,0.04961227310806071,0.10870601451342582,0.10139340620200074,0.007354256141748423,0.026829149549005386
"District of Hawaii, HI, USA",0.013690834132333695,0.0001338286249474267,0.1299032309665098,0.02510516938348838,0.07315578821004638,0.09741106762311622,0.12268548208958498,0.03402781994778483,0.030511915621107066,0.014259410156839535,0.028643937746228802,0.04220015064656435,0.0469762715844269,0.000797089172763794,0.05579291287497835,0.0866459270946701,0.11160725268167826,0.05307215173628008,0.010829616863477387,0.022550142843173606
"District of New Hampshire, NH, USA",0.007143560245390515,0.0005349134391434833,0.06550065855910797,0.01836382271724805,0.06941180098425914,0.1003450825256801,0.1473030573073228,0.04789883998006308,0.015476937619873274,0.019926233893829325,0.1265040050791988,0.041927002982220435,0.03678658844906029,0.0011862890447840288,0.07720093864956276,0.03990343849605877,0.12156247144907517,0.030291115552994564,0.007844147863714474,0.024889095161413008
"Western District of Arkansas, AR, USA",0.020670734785457254,0.004876400533544445,0.06956575052449868,0.013646316406476514,0.0757725092239821,0.09370889064866184,0.12935018244096472,0.029314442924541807,0.014847087617484822,0.010143498690155243,0.15190660417179339,0.04757940339610016,0.03300191623285923,0.003143382335743179,0.044444171568919597,0.03339603935197939,0.14347240183905433,0.04861575527536163,0.00913391750306193,0.02341059452935992
"District of Maine, ME, USA",0.02365129949905827,0.000479971728000068,0.062109656331212765,0.017146067715703255,0.07583846668023271,0.10683494345705102,0.17053692805902027,0.05192480014851391,0.014337945661503369,0.016781312260565482,0.08847917005172228,0.04432942792977491,0.032642607473818835,0.0007737154426056928,0.061547425525356386,0.04446474310127974,0.12651682563649097,0.03487338288924832,0.007636484240945376,0.019094826167896473
"Northern District of Iowa, IA, USA",0.04778302654677768,0.001932967956436358,0.0542081651030354,0.014357933454864904,0.07002095759643208,0.08993287409456291,0.14482887073900094,0.04855298722745225,0.00803105654737898,0.013593839141281185,0.17338927892082312,0.04197385653505961,0.02769071926060309,0.0005675710160401142,0.037640077846691294,0.0276261892226037,0.11775998639002835,0.04219384530096663,0.00829650965824012,0.02961928744172131
"Southern District of Illinois, IL, USA",0.02136572215008721,0.009329592533495608,0.07086704711497299,0.016184384165519778,0.060557440500408635,0.09281476318685013,0.15800869629823563,0.040663508450410224,0.013109899557401583,0.012589819882610587,0.11791126096324417,0.04612257605722999,0.03254920413657929,0.001181677628436683,0.04810913889665274,0.051813379845674315,0.11467403033444307,0.056573700950649036,0.011993674132935195,0.02358048321416315
"Middle District of Alabama, AL, USA",0.013539730259543595,0.0025076577827602077,0.06868387496984527,0.01675082963536588,0.0618075813569733,0.09914472043771501,0.1321152508975469,0.03531803871564134,0.013306601201324174,0.010715827841285738,0.1400436660862091,0.04666027420031665,0.04266059044495215,0.00033854393671863757,0.04294439973321927,0.06985965630695191,0.11798965717865187,0.04977812195285117,0.013397825615410034,0.022437151446717846
"Northern District of Mississippi, MS, USA",0.01753644531746939,0.0028418830601776284,0.06254514561955422,0.01735747999577383,0.06107892370686774,0.10396160223555717,0.14329516125206726,0.02830023912354429,0.011928146501443582,0.00927169738904689,0.16791475213302945,0.045308413310707514,0.035277730460975855,0.00035793064339111253,0.03149358420102765,0.04292364649389685,0.11376803938099561,0.07087673601752567,0.009450662710742448,0.024511780446205826
"District of Rhode Island, RI, USA",0.004250946360502573,0.00019544477599769874,0.07220715255235144,0.02426993593638047,0.061859621335876296,0.11228666332789726,0.15686559918652251,0.053313820911368624,0.01494784887480333,0.015168492796090985,0.10568204123359824,0.04384739997637102,0.039497151321054025,0.0022025425347699046,0.06775490979928724,0.041673966332512705,0.11499681411420791,0.040872702738204446,0.005458726296412296,0.022648219595790796
"District of Montana, MT, USA",0.04794537455306366,0.01439120767277899,0.08454146183073478,0.024906910020298458,0.08454715831087971,0.0882080962173473,0.14595331544638568,0.035118800093422275,0.017178685290359087,0.01572418402668991,0.04850932608741059,0.049137837730066594,0.0323085365552625,0.000459516065023422,0.05796928078140517,0.05755723538425607,0.12276864125656757,0.043243879606790964,0.009347923917811184,0.020182629153446086
"Northern District of Oklahoma, OK, USA",0.009305225806859468,0.018731952644975364,0.06662729989148615,0.02608419386532904,0.07267795568647982,0.08090677681535019,0.13694428278611098,0.041160103019789916,0.01853318916031807,0.01981611710674243,0.12025833105823272,0.05333096322246573,0.04074049121884674,0.0018892569602274188,0.05495910736372515,0.03625526268627708,0.11165704030801994,0.04997624192192266,0.013803019767867698,0.026343188708973394
"District of Delaware, DE, USA",0.010382065181184681,0.0004190717485033252,0.06541297539177142,0.0199247877253915,0.06976728951819477,0.0975079792886506,0.15082684517806058,0.07698594928953235,0.01721825943881957,0.012176030271256012,0.07707238709497745,0.040828381301437226,0.0419616796804408,0.0014563026792577588,0.06309698515302191,0.05857186346473524,0.11818778038202764,0.049901636443589685,0.008438432002748604,0.01986329876639896
"Southern District of West Virginia, WV, USA",0.004665410920779282,0.02718822423611059,0.07686260810178142,0.015295062551105717,0.05682634693404226,0.09051294114487654,0.19296873966069106,0.03485088769815109,0.010712418086765808,0.016137152784793614,0.0699840391586072,0.044612364848982754,0.034219318416206054,0.0006940600141186556,0.042840883336103,0.06946425078575934,0.13301801753591205,0.04124026544469224,0.016449843429075066,0.021457164911446367
"District of South Dakota, SD, USA",0.05905561862533651,0.00405034381084716,0.06912348864855461,0.02012012748769396,0.07070035708152209,0.08539177485798148,0.15521559828440282,0.06098934554384118,0.012918277176446448,0.014847543363881907,0.10064747511469654,0.04476789701064107,0.02489980082835776,0.0012891512790031158,0.04040976275601808,0.04826064943783637,0.11609498680738786,0.03387925247068742,0.010226225976175235,0.027112323438688368
"Northern District of West Virginia, WV, USA",0.006882785242792666,0.027354578362915508,0.07021976645287399,0.017436389823145697,0.0712738751986085,0.10787589139706388,0.16201793391952488,0.0268396161379901,0.011331896987793194,0.01313962283371413,0.09076902031035536,0.0434655464505425,0.03324186752024784,0.0005553806405019614,0.04890875752459049,0.06506343623393117,0.12161364331592374,0.04638130812718394,0.016738119105201933,0.018890564415098298
"Southern District of Alabama, AL, USA",0.01408378433709467,0.0046335650469041464,0.0757223690714724,0.0159482244856506,0.07698914224817521,0.08435560678157847,0.1319319034812708,0.035251075591254705,0.02222062751343226,0.013940129736856304,0.12891874976737772,0.05128469228509653,0.0463344993485879,0.0002647751455373798,0.045970640637949554,0.047257122392114805,0.12570969628175185,0.04562864449531931,0.011318758125209882,0.022235993227365365
"Middle District of Louisiana, LA, USA",0.005591021731814519,0.008660602290457786,0.0723263545416535,0.01727276435615293,0.09189620534576122,0.10426885854434575,0.13593091914051744,0.03830601984519524,0.016398290824911534,0.016252970150623606,0.09793338704249482,0.04489898938394232,0.034456296719322044,0.0007444497700364066,0.06099389143270888,0.06771433524714712,0.11324814652403145,0.03805871975035438,0.008499984703086917,0.026547792655442132
"District of North Dakota, ND, USA",0.057344810493729,0.03116010582290984,0.06395277594214653,0.018622395804480437,0.07489229779591566,0.09611428790843507,0.1659702781301309,0.044963471683386214,0.011988573921900917,0.011533197774392755,0.06832290391403267,0.04364570279942007,0.023389446489426573,0.001077732848291785,0.04301762894644066,0.04700921681592952,0.11190449826783565,0.039496097767016715,0.013773993868175183,0.0318205830060037
"District of Alaska, AK, USA",0.01724682755815136,0.027585777685378225,0.07037038921061001,0.021082725794061608,0.06879544716660314,0.09499417175847626,0.14857120521479983,0.023105150596201534,0.01617890410897541,0.018307339796452802,0.03802100886002108,0.04420193322873936,0.028683693824103268,0.002620721224579429,0.052853874093590436,0.11553355589972882,0.1037247332914319,0.07637173006755711,0.01560604446881246,0.016144766151726025
"Eastern District of Oklahoma, OK, USA",0.022902240325865582,0.02273591310251188,0.06580108621860149,0.03091989137813985,0.07573998642226748,0.09124575695858791,0.14366598778004072,0.028604887983706723,0.013316361167684997,0.010560081466395112,0.11723014256619145,0.04815342837746096,0.03149355057705363,0.0006958587915818058,0.03250169721656483,0.06912423625254582,0.11444331296673456,0.046412084181941614,0.012926001357773251,0.021527494908350306
