longname,Architecture and engineering occupations %,Computer and mathematical occupations %,"Life, physical, and social science occupations %","Arts, design, entertainment, sports, and media occupations %",Community and social service occupations %,"Educational instruction, and library occupations %",Legal occupations %,Health diagnosing and treating practitioners and other technical occupations %,Health technologists and technicians %,Business and financial operations occupations %,Management occupations %,Construction and extraction occupations %,"Farming, fishing, and forestry occupations %","Installation, maintenance, and repair occupations %",Material moving occupations %,Production occupations %,Transportation occupations %,Office and administrative support occupations %,Sales and related occupations %,Building and grounds cleaning and maintenance occupations %,Food preparation and serving related occupations %,Healthcare support occupations %,Personal care and service occupations %,"Firefighting and prevention, and other protective service workers including supervisors %",Law enforcement workers including supervisors %
"New York NY Media Market, USA",0.014867900093439409,0.036122911525023615,0.010859224028447845,0.03301825244630705,0.01958641540867489,0.07329198772027523,0.019187600606583876,0.04436016074292722,0.01714656653952181,0.06785393879547942,0.11561442404655602,0.044291766436676844,0.0011353226917962657,0.021468464490091568,0.025673942255097688,0.02901900121422729,0.04084489138400806,0.10874134851774188,0.09522544650664475,0.0366088622916771,0.04375919588355078,0.04292353273475329,0.03096215533844031,0.015403208648335092,0.012033479653722645
"Los Angeles CA Media Market, USA",0.02036041689466368,0.026955616149669095,0.008614417754672402,0.03634266135856324,0.01744317896215816,0.053901771753022125,0.012729981928145808,0.034848541270185336,0.017061273667723153,0.055593269486908174,0.10388945421295252,0.0501183977493003,0.005164090688089998,0.026677808128763213,0.04284669385472175,0.053265699045235954,0.03849163950972412,0.11498116539838965,0.10129335205215069,0.03936667795062401,0.05437488704982924,0.03681597375797563,0.028374321733613896,0.013137772204509434,0.0073509374384084555
"Chicago IL Media Market, USA",0.018236689294975156,0.03659859335260444,0.009210643375011226,0.02083123016272617,0.016832439251086826,0.060800258451742584,0.01514784664840492,0.043431126207835534,0.01671118122482004,0.06871207900227755,0.11347446176735036,0.03997313519026338,0.0014868739216020532,0.02598617174102491,0.04183080429121167,0.05640598686684071,0.04268438235375027,0.11044812854547344,0.10028539020106805,0.03150446638534069,0.04973111707328099,0.030446776625094613,0.027054963848029162,0.01287397496031069,0.009301279257874741
"Philadelphia PA Media Market, USA",0.018610903137882037,0.03674495395344123,0.014483016359354268,0.0189303596312549,0.021305325934882286,0.06755762083168194,0.014586899353508407,0.050625351078293516,0.021141946614252453,0.06592503472526433,0.11020481178903024,0.039313785335993834,0.002933244686598418,0.026812969845803246,0.0375981717379606,0.04454287312651551,0.03633703594506141,0.11293721360914097,0.09391876183236599,0.031191533430142457,0.04826102053883996,0.03564671798426115,0.02720947573931943,0.012668716055236213,0.010512256723915168
"Dallas-Ft.Worth TX Media Market, USA",0.021096068222683076,0.04337689350434937,0.006073341003380993,0.017050093685047042,0.013469090920227904,0.05902483804693204,0.010622446192632355,0.034830208251602685,0.016601918960148426,0.06789373362701671,0.11706187750561006,0.060863256764522033,0.0022960747436205917,0.0313753992393121,0.043582381157941295,0.04727331737270685,0.03961909203776826,0.11548659214203298,0.10337493204856957,0.03218444651307652,0.04905531347239474,0.02428047017538639,0.025142534584908217,0.010707558050317931,0.00765812177781187
"San Francisco-Oakland-San Jose CA Media Market, USA",0.039593971686802246,0.08271012032520604,0.019654534724137123,0.029815745726033446,0.015417597952975374,0.05544819337166574,0.015586325157221885,0.03780578216596157,0.013241239167812042,0.07289807085596262,0.13938577074269748,0.03852536520583742,0.004434350679646984,0.019003094107411515,0.023081875130004547,0.03454813097985217,0.026870944248364923,0.09164549274642174,0.087056862435515,0.03251145893132851,0.04692887692273956,0.03190212386164219,0.025857810189487785,0.010969137545903883,0.00510712513936836
"Houston TX Media Market, USA",0.029804673868458566,0.02869277933263744,0.01122796096223542,0.015710724181118074,0.01270279562923043,0.06141110070464968,0.011470665828865446,0.03860818376103841,0.018091257831494803,0.06028208302917587,0.10787898848672928,0.07259544451146789,0.0021953300744821306,0.034239864674518006,0.03577059689439604,0.05188340362514162,0.042607055213129234,0.10344233198561753,0.1024594069024035,0.03748743068987853,0.05184455193009345,0.024788661664998445,0.02409753922140645,0.011193184973688198,0.009513984023145718
"Atlanta GA Media Market, USA",0.018581874752039464,0.042125601285170705,0.009883004417787767,0.022350517618888836,0.015088006112738103,0.06388124966564385,0.012321332456772189,0.036128234326227984,0.016769807772580213,0.06569438075145075,0.11925765124388932,0.04655814959515597,0.0022354687630007767,0.030296624203550795,0.041445088290024835,0.051756268330707386,0.04176239760949903,0.11060998726568123,0.1055690492694854,0.03345379258514451,0.04941085740260476,0.02127577433457427,0.024317791285227024,0.011247185386525908,0.007979905275628836
"Washington DC (Hagerstown MD) Media Market, USA",0.022888130982417033,0.08003387275331435,0.02140591051259284,0.02754839590977284,0.017169745876028035,0.06248292666317846,0.02774866508471267,0.03371560391384755,0.013476705392888576,0.08942682163454928,0.13597223548748735,0.04534092881664632,0.0016486010373428382,0.022649599545619768,0.022042994260306436,0.021867890009578676,0.031007268236887292,0.09530017294112551,0.07559939634172279,0.032437381128030573,0.042996708055300654,0.022235542243907027,0.027178108195776086,0.015972797659744055,0.011853597317223097
"Boston MA (Manchester NH) Media Market, USA",0.027703455102691406,0.04993485162833626,0.022832801067383057,0.023233344904335283,0.019452401280152576,0.0722649516919625,0.014383823691028646,0.049725230421315804,0.01835980427339657,0.0710161780470685,0.1275432006120672,0.043492894700043166,0.0018711575463812987,0.02184791400770317,0.023109850912711744,0.03904323408094229,0.02872244413133405,0.09861070619843651,0.0910326497584927,0.0312862582136788,0.04764605359495854,0.030413305136217053,0.02770160499155055,0.01088599608347032,0.007885887924341816
"Phoenix (Prescott) AZ Media Market, USA",0.02198858292039089,0.03568220516452295,0.007683109803043615,0.01800232836198119,0.015699651904931552,0.053757857865504625,0.01003097223047563,0.039667691066056755,0.01846851875721364,0.062272653896514873,0.10684791769114908,0.05232181440122945,0.0037318291324872944,0.032681753049453095,0.03534092151162401,0.039115795429161625,0.0357613768227405,0.1285729879418457,0.10876220185921649,0.040238638339553726,0.055669589908512056,0.029409580728753115,0.026060927048901228,0.013103293763441999,0.009127800401294876
"Seattle-Tacoma WA Media Market, USA",0.029493130385195864,0.06823999542336234,0.01248627293395423,0.023403909774064716,0.017876903540811867,0.05565766415931744,0.011387855007831823,0.03947629725145435,0.015393008032250407,0.06365020686958091,0.12277349203270002,0.04825867746774743,0.006908536311062062,0.028205703723347186,0.033612459279748395,0.04297457707637225,0.03549554377753469,0.09918283838520545,0.08918663294899488,0.029532433876119077,0.051695856091649575,0.03219030743867907,0.025678676218466756,0.010846720489170639,0.006392301505378702
"Tampa-St.Petersburg (Sarasota) FL Media Market, USA",0.013755848180429823,0.030954903129095712,0.006480708730469006,0.018251843858238106,0.013897359375593632,0.05081358002692112,0.012309626788994754,0.046116544678537714,0.023650551306709847,0.0588814100624834,0.10622734566213335,0.05124237116111199,0.005269269484588522,0.03287285711856766,0.032179221561553964,0.03685437935999047,0.03751364103213435,0.12649905305080245,0.1162016759542788,0.039349258284804324,0.061658991277603395,0.03019309735138585,0.028042148074963847,0.01232909929299486,0.008455215195612903
"Detroit MI Media Market, USA",0.043563249554262655,0.035289981016222584,0.008558596307569657,0.019521505302848,0.015708514399101595,0.05218891001488695,0.01120551150375383,0.04853639651374932,0.02011286471796723,0.05781489847403559,0.10529109946240219,0.03886680078890806,0.0020265816653048815,0.027391183039362894,0.0395642403814936,0.07738625198666316,0.033758235162944746,0.10972356793974428,0.09279960809094569,0.03150958336970718,0.0538811772077347,0.034527870282734366,0.02382045863099539,0.010017909524066658,0.006935004662594818
"Minneapolis-St. Paul MN Media Market, USA",0.02357097429693075,0.04020426151530913,0.011797379025178583,0.021690482315832538,0.019776738670183668,0.060939424024376944,0.011044552409257198,0.04273838381560365,0.01884150814775411,0.06924730792219398,0.11663149293199858,0.04251460676055303,0.005695657642688282,0.028026164258237528,0.03312759235441715,0.06876306195949244,0.03418862310212507,0.10531752344720165,0.09448747350759894,0.02931869499101482,0.048082143908543436,0.036466355811904494,0.024855299506733698,0.0064294326573337245,0.006244865017536625
"Miami-Ft. Lauderdale FL Media Market, USA",0.01175278335108581,0.023189363887655166,0.005736933982892744,0.019878834253933875,0.013477799591957778,0.04749959366463751,0.017245686638496707,0.04051339130305025,0.017931224349898012,0.053054195041066655,0.11259474003736299,0.05779346595806348,0.003251146927604734,0.03341712613413352,0.029653037602464363,0.029108850944618465,0.049771922936854396,0.12050004037074134,0.11975999662426116,0.051261914959391246,0.05467397372596591,0.030806970312839403,0.029818145096066017,0.017426699858708875,0.009882162446249503
"Denver CO Media Market, USA",0.028499293055806625,0.047041244867391474,0.014294234046948842,0.024207593032564624,0.016087822482762183,0.05756430286909588,0.012402593419931307,0.039991171267722024,0.014997950184644785,0.06805871187666244,0.132004073806265,0.056590237068408954,0.006012253699351806,0.02721614092399866,0.028573941843348914,0.0362300828964698,0.03502924618443819,0.10309844924205253,0.09976830630374713,0.02988897102497224,0.05307488443560675,0.024411364047207087,0.02650516166102833,0.011095230870542054,0.007356738889032358
"Sacramento-Stockton-Modesto CA Media Market, USA",0.019332197136484024,0.032308777267783396,0.011822348571308802,0.017035517856798403,0.017190270339474296,0.055824111821281046,0.010461745412237922,0.03859873690455099,0.019194690964064887,0.05418932989257203,0.10028878518299754,0.05531619307798368,0.016365705951503474,0.03185004095799831,0.0440937179872533,0.04452209041773695,0.04027298397568585,0.11367602219013005,0.09558277768340312,0.0355049292440894,0.05568796432390218,0.03801825966206417,0.02769444889211678,0.013887017965073065,0.011281336321506286
"Orlando-Daytona Beach-Melbourne FL Media Market, USA",0.021610796293424352,0.030091002964930336,0.005530690082147783,0.02095973823929932,0.013770738986201,0.05169245206753652,0.010394220761789892,0.041528184404855936,0.021674396060185848,0.05116949972515299,0.10510409591494319,0.05194128534532656,0.0030429872727094106,0.03143989883427281,0.03170456004800381,0.034801578432184004,0.04238338428136206,0.12428913433449651,0.11729444443985933,0.04384399525171926,0.06675622885459426,0.027754396179820465,0.02899220963054085,0.013580144449219235,0.008649937145424443
"Cleveland-Akron (Canton) OH Media Market, USA",0.019367489306361275,0.02735095831006403,0.008277753948896455,0.015407153102397599,0.01741952817571259,0.054488077818308674,0.01000920749805891,0.04878231688386335,0.021696580895422684,0.05264705081972382,0.103688445148299,0.04151302349005543,0.002841199692927467,0.0303612664970251,0.04381961118273894,0.083224999929785,0.03753145396050516,0.1191143250910752,0.09519111854738734,0.03392074906714131,0.05805442652562238,0.03354022470577882,0.023193892475255627,0.010021065366442622,0.00853808156115114
"Portland OR Media Market, USA",0.02987721910745043,0.036413653928673365,0.011159751369898711,0.02435651416058197,0.019520897481608956,0.05301066092194256,0.011744992694957787,0.04107451545013736,0.018000179226080326,0.05815307283736879,0.11454421875131898,0.048651946010679535,0.012402202422101341,0.02661879649454799,0.0361237314525408,0.05539439232145622,0.036020765138849914,0.10833543820088998,0.0935684745468526,0.02931675534388787,0.05623564553381002,0.03882985694182925,0.024213909761485946,0.010402919948821188,0.006029489952228043
"Salt Lake City UT Media Market, USA",0.021179308077363488,0.04209785778345837,0.010299657314570665,0.022000368761266462,0.01449267579261296,0.06442044512707047,0.008703481929802892,0.03463849760215672,0.01607274024826345,0.05496094293091216,0.11004062937642947,0.05840748835985371,0.003566482345703543,0.03258107228377194,0.03648827094525208,0.05940338245973312,0.03479602668685903,0.13038634604724322,0.09807915955846506,0.03330785419728489,0.04625149399032509,0.0249886477619831,0.02652395963675225,0.009679088193016092,0.006634122589849757
"Charlotte NC Media Market, USA",0.018614711205824867,0.035517052825993795,0.005816775359115657,0.016629655977108204,0.018456843802204814,0.056118698038496895,0.009062054663499904,0.03769269486388773,0.017871444244783895,0.06576295663599498,0.11555685016617105,0.04877271095939559,0.0036140492694715382,0.034534874871413726,0.043572551069476495,0.07423376498854674,0.03657825927902022,0.1043782963237816,0.10759133112493394,0.0319847294627991,0.050917428095982924,0.025656431970170628,0.02398013767448109,0.009713138729147372,0.00737255839829724
"Raleigh-Durham (Fayetteville) NC Media Market, USA",0.020864355334262733,0.04915086413017766,0.01708581506995646,0.01837223580797809,0.01828066319173708,0.06928262980790223,0.010941639738268286,0.04529197800570815,0.022035460050274416,0.06330209983480713,0.1166892043356708,0.04635391580444113,0.004814449126785433,0.029199025091614414,0.03362501531414934,0.05326754635338568,0.031154243986567222,0.10113213128726832,0.09732766893060388,0.03297446720695481,0.05016014678639334,0.02668971531094567,0.0231891985840508,0.00956000968523022,0.009255521224866621
"San Diego CA Media Market, USA",0.033141875709705615,0.04488417498353741,0.01918189766337184,0.024064354637323756,0.016666696796920996,0.05491755300714268,0.013717137172272291,0.03960675306077802,0.017622967043843103,0.06518817086185291,0.1141892003618978,0.04567696924424206,0.0038753106083711697,0.024282419864494323,0.027274048212746465,0.04217215518680017,0.02855764587659853,0.10022906202106571,0.10230499643439064,0.03853690850159207,0.06040950033812601,0.0322786178928418,0.030465455010015446,0.01227065126020594,0.008485478249863463
"St. Louis MO Media Market, USA",0.019588525619171123,0.038161269663243555,0.010721147565533525,0.017596472166374062,0.0166896608857182,0.06016434759612168,0.012033889124318537,0.04838217347943425,0.022862732477927142,0.06260375278399985,0.10559540158102515,0.04806354688749614,0.00293327640538224,0.029003941410942275,0.03923567853125886,0.05766695236851077,0.035730786019939655,0.11405175133106259,0.09672547451465205,0.031107514170917675,0.05355730658569303,0.032345697107189174,0.02499880515028023,0.010510854014854371,0.009669042558953886
"Indianapolis IN Media Market, USA",0.02210381912727364,0.029108271462322255,0.009922478776938741,0.016139631990499573,0.01925844612780269,0.0577667520674858,0.009202549211148736,0.0475860233270389,0.01964284888678414,0.05725949894223193,0.10404633440265991,0.04409007177499625,0.0028301818251469414,0.031097654812927294,0.05296700146693905,0.07977347977625382,0.03744360276532212,0.11486245052135449,0.08983466057962916,0.031499890689593454,0.05396367459976209,0.02899598886949262,0.0228429027824287,0.009378238444635105,0.008383546769332586
"Nashville TN Media Market, USA",0.015791018411391813,0.029383183985214775,0.0075853272708824625,0.02369503974482684,0.016939134200843996,0.0600111815309981,0.009566950608549037,0.042092812155046025,0.021603099231661302,0.05358554654329302,0.10827085999048004,0.051035313072653396,0.004152556396251123,0.0328248074726948,0.04370875448504011,0.07571571672456048,0.038709071136192,0.11423479716961538,0.09844718360931921,0.03261915446651772,0.054684632476967886,0.02406480657381411,0.022809778459958612,0.009511111050580424,0.008958163232647347
"Baltimore MD Media Market, USA",0.024563508264113097,0.0568822380963159,0.017416479913889945,0.020467341212516102,0.01919532221396621,0.06902363814151537,0.015925203968971353,0.04930108273897541,0.019443410175412516,0.06970957340550218,0.12304804809580482,0.03890886864524469,0.0018104797136034338,0.028681911536927413,0.03143884522776886,0.030110957999018608,0.03336816901755832,0.11172733142644324,0.08766619841720263,0.02759296136743825,0.043561679848101,0.027018060222321005,0.025764656985220596,0.015053874489832185,0.012320158876337013
"San Antonio TX Media Market, USA",0.014855284899525612,0.03033496539173209,0.0070937430992865135,0.014971026521583528,0.015334242006594227,0.062299450988753266,0.008797886192481364,0.04145834443792975,0.021386310507359493,0.05236166211060939,0.09727778750751939,0.06489678436269769,0.0035956048641939587,0.03513291250085664,0.03589970074699034,0.04225254517349821,0.04064815308352433,0.12316203065630069,0.10504694388815704,0.0384947497468152,0.06327564019584701,0.034243529510306334,0.025157050720720036,0.010930730162114417,0.01109292072460347
"Pittsburgh PA Media Market, USA",0.023562104713448457,0.03522930444761852,0.011223805968029871,0.017392350194068495,0.022190204937614144,0.05928396321025116,0.013152162188372847,0.05659243207845148,0.022714955139227534,0.05945753058564896,0.10197996897329474,0.04880299699584921,0.0022116450803326593,0.0307717493271742,0.033901165940372825,0.049961378503525625,0.03724012184579418,0.11160813587884248,0.096415247013859,0.03061364055268142,0.055074403465277796,0.0367287153801997,0.024374484811598568,0.01094718220639833,0.008570350562067867
"Hartford & New Haven CT Media Market, USA",0.02767622101987787,0.032586278111778805,0.012025372785643142,0.019918702699376758,0.020704016080623517,0.07441796307311664,0.01231940417501744,0.04786768403118113,0.020860148305618376,0.06109575585921481,0.11141856920714882,0.043969840951555705,0.0018286581127472527,0.02685635834916615,0.029007490911461375,0.05265734076818231,0.03196082428145283,0.10704963885840599,0.09420991212286182,0.03250699494950784,0.049080740003809936,0.03771609312832742,0.031840600648952215,0.01133887598884923,0.009086515576122714
"Columbus OH Media Market, USA",0.01839698694682534,0.041390871565220616,0.009712077960006308,0.017995270728179705,0.018457906808544536,0.06009310666050789,0.011305649469135877,0.0486458097533671,0.021714163684817295,0.06512874978203605,0.110730466390367,0.03641889902170143,0.002700428994514154,0.02689044287496948,0.0505493998920184,0.060264865274565704,0.0367025015116688,0.1147256811866457,0.09024910352693928,0.030628474531544155,0.05240986799771393,0.0312590001142958,0.023142425770854434,0.011859023311206267,0.008628826242354877
"Kansas City MO Media Market, USA",0.01994084755820963,0.03847370346234177,0.009336845112715608,0.018410551966165957,0.016551105754214233,0.059258888807043816,0.011252582901990726,0.04623033251415981,0.02083735596996782,0.06376615747501449,0.11213274579731544,0.04695972936951807,0.0034999447613057485,0.029094296403434475,0.042472492384933495,0.05679700693646721,0.036751946374982684,0.1135329753534476,0.10000698830960249,0.030816836426842808,0.05145878034789047,0.026801343074865806,0.025912354615883065,0.010250223868142132,0.009453964453544654
"Cincinnati OH Media Market, USA",0.02350571907043601,0.03424723236266693,0.010931939239068853,0.017300828481295022,0.01763172033712667,0.05656281916352308,0.00916023132783684,0.0498064756628964,0.021275476829398846,0.061194750386811825,0.10994697474216358,0.04099795931421845,0.0018636361519091464,0.028170849699391754,0.045802155276952146,0.06911828472236961,0.03477237837249389,0.1155649327926291,0.09674610255422658,0.02974693138869627,0.05500654479524581,0.02916058823013161,0.02234136755160421,0.011407235958826274,0.007736865588080968
"Austin TX Media Market, USA",0.031027165916913384,0.06518659960039287,0.010045047905041179,0.03153353352882572,0.014995849510054062,0.06343155767613323,0.014418151476030235,0.03402853060114301,0.014442450850595687,0.07461867618575069,0.13483958101607443,0.05183997215761985,0.0020952331681759716,0.02311575986887744,0.022962125113560383,0.03151315340822244,0.030646998282582914,0.10436816531099673,0.10280751838326072,0.030037162366069296,0.05108669154609082,0.02021707963845666,0.02391371997557521,0.008833998430730714,0.007995278082826377
"Greenville-Spartanburg SC-Asheville NC-Anderson SC Media Market, USA",0.02269927305693681,0.01990841037127123,0.006105838670303828,0.017925167183066044,0.019787713637714515,0.06044950108604252,0.007809373366867883,0.044625973820738754,0.022852224784107422,0.03846081485163615,0.09527690105682847,0.052416410738507266,0.004279410409092958,0.036954930785107885,0.042031838864761334,0.09528272366808527,0.03444576293208425,0.10075007860007511,0.10251247937196221,0.040999707926004346,0.06194220132489044,0.03066525905687544,0.02302580484453331,0.01035495598259539,0.008437243609911126
"Milwaukee WI Media Market, USA",0.024470246979164032,0.028868482962738105,0.008967645645189851,0.018582041098547133,0.016960528867639744,0.05779008879107536,0.009378293828472169,0.0462624269560598,0.019069422309917112,0.0568836271955343,0.10317303719443811,0.04081353874174699,0.004253202128287504,0.02866020760078588,0.044726923174217705,0.09311510797433238,0.033063502904893204,0.11071901376978405,0.09182329479817528,0.0306611688716872,0.05118514583491437,0.03987166190247316,0.023478620154646565,0.009170018466519946,0.008052751848760045
"Las Vegas NV Media Market, USA",0.01146842081296864,0.02200714914544185,0.00448908654867794,0.022280364894811937,0.01039832579460247,0.046196229622658694,0.010050165447314897,0.0326426413891503,0.01557898970887344,0.044027579612033636,0.08823161106220212,0.052646208372544856,0.0012095488904404845,0.03061439391639598,0.036655497708023434,0.030392406120032786,0.04769986490999059,0.1176677620594396,0.11087531495704442,0.05852509031298382,0.09964026592999606,0.02377641085577244,0.05051360766218391,0.023636956983698127,0.008776107282717585
"West Palm Beach-Fort Pierce FL Media Market, USA",0.01440304823824508,0.021903080499797875,0.006841219250815729,0.01878729117435552,0.015128475232490064,0.0488920499507879,0.015067283615306784,0.04611672115137675,0.020744036289604785,0.052458144334135974,0.11541225805549994,0.05586225603456813,0.005879752422260867,0.03204088915418032,0.027192144358418435,0.02985010982717701,0.035144845163162054,0.1058700260821387,0.12457190407656935,0.053185722738505796,0.06282911192827309,0.03510410704764131,0.033847130464434605,0.014847116929960125,0.008021275980293783
"Grand Rapids-Kalamazoo-Battle Creek MI Media Market, USA",0.02451989246168967,0.02329177079590699,0.008326154646634252,0.016328564977719534,0.01934859292129772,0.0498559656317037,0.005996882720076107,0.04273204064509488,0.01917052140398395,0.04838638144276629,0.09971365584706765,0.04292407048357456,0.008786764836260213,0.03281064385506688,0.0452491557287071,0.11621295836786437,0.0354401214130421,0.10732993898136081,0.09150624139814709,0.0354392368847612,0.05713684297527069,0.03146447399362977,0.02389790363669603,0.007059743934207557,0.007071480017470775
"Fresno-Visalia CA Media Market, USA",0.009267280472709215,0.012318855809755756,0.007620059779851151,0.012154849160276222,0.020930005643252102,0.06197651172677176,0.006561364512419427,0.030119514606439548,0.01854629698514259,0.03278804738579049,0.07860874386450595,0.04770376985945961,0.09088227639252061,0.03407074126743058,0.05246681399376405,0.05380293274127233,0.042983235359036955,0.1061951421002047,0.09186432348174056,0.0428062344931691,0.051301490033971865,0.04540688022096813,0.0233930977998953,0.01181012471949152,0.014421407590160787
"Harrisburg-Lancaster-Lebanon-York PA Media Market, USA",0.017516000619295872,0.028581568611290208,0.007195968367107653,0.015441900497961873,0.019749841109340787,0.05383962300259604,0.007458181819887508,0.04224257206721112,0.02375784743718949,0.05204613019305854,0.09686827982474126,0.0485816068388112,0.007128507076868569,0.038138053790702314,0.06188811901766418,0.07235611986979676,0.041932588009216135,0.11711299299934944,0.09089522967018104,0.032274892708780895,0.05178536908507217,0.03146037811638671,0.024289502203755132,0.008415329714513186,0.009043397349221922
"Jacksonville FL Media Market, USA",0.014026680331767648,0.03284974028004019,0.005828062159044602,0.01902061804502845,0.016357397953906144,0.05138304252672859,0.010351622847896905,0.04456179087093516,0.02174669161462644,0.05921674808975272,0.10605299353823741,0.048284179761953414,0.004359369366669174,0.036983926903064145,0.04310466970778597,0.03843678648945326,0.04099763483438986,0.12639431098594747,0.10611016031121874,0.03517388684506111,0.06149782851746689,0.026801492544256154,0.025162726908903123,0.013117892025445546,0.012179746540421185
"Norfolk-Portsmouth-Newport News VA Media Market, USA",0.025534468814338733,0.03756870959438629,0.008538665521236567,0.01667599505036932,0.020825178905835948,0.06546587339140797,0.009040410126008454,0.04085652119595057,0.02164772560778727,0.054719430788521886,0.09945213064845859,0.05073257259658052,0.0032894287255460686,0.0384035229498034,0.03395388278085055,0.04994149669575122,0.03621515086338339,0.11273443841938445,0.09670253897710733,0.03490183260350869,0.05709830797255663,0.030510749908929456,0.027760428524299805,0.01614534816671135,0.011285191171285553
"Oklahoma City OK Media Market, USA",0.018859494363672315,0.02548719085952495,0.008696735092052554,0.014896203958702251,0.01859403693026335,0.06319853266491952,0.011360048765513693,0.043495692051898564,0.02181776074092119,0.049805495078113306,0.09950721050119019,0.062194601054619776,0.0054577174374946065,0.041090188889896344,0.03967004624202945,0.052086462654071825,0.03903316688533222,0.11675757400308717,0.0990560421061371,0.03479131003789596,0.05826299075487136,0.02726673883904431,0.0284203316360808,0.010705690730073486,0.009488737722593704
"Birmingham (Anniston & Tuscaloosa) AL Media Market, USA",0.016680639242990188,0.02072052917519205,0.006692813433021404,0.014465485461362051,0.018152838056054586,0.05964277483273067,0.01093024785679285,0.05034305298149123,0.024499508430488877,0.04846428474372341,0.09410724373384699,0.053170405182245015,0.0032649842234946523,0.03969822749100615,0.04722027132488626,0.07922219840264123,0.040355132505212686,0.10925886117202091,0.10553048052267434,0.0337169966114973,0.05148739150368657,0.027704384710909122,0.02269085522533888,0.011992782517427828,0.009987610659264807
"Albuquerque-Santa Fe NM Media Market, USA",0.02343511664000076,0.0243453841092,0.01696928913425443,0.01882765020072955,0.02070971819709455,0.06839270739635184,0.013605204130792902,0.04282161737812073,0.018788603874973015,0.044194408455480984,0.09894700529270727,0.061775548293906524,0.006819450753069671,0.036469332696345516,0.029732070555252513,0.0339960751472581,0.0365742405949976,0.11490803978283119,0.09594800204920427,0.039821701480356145,0.05810947410948434,0.04287896666907564,0.02498964848418284,0.014919357032036307,0.012021387542293423
"Greensboro-High Point-Winston Salem NC Media Market, USA",0.016101984765944793,0.023118335844680697,0.008030686724950843,0.01478863881639098,0.019102515186934312,0.060682656030418385,0.006398873579684862,0.04057208169021276,0.02447898816213914,0.0474437066431373,0.0969985570561222,0.04904533140873971,0.00416764162326631,0.039280309680605405,0.04780469880634584,0.08647952958773296,0.04011847808512141,0.11333401710965098,0.0984421515675658,0.0373366101485026,0.05141806723365886,0.03194875631789692,0.02469067827785863,0.00905584519420019,0.009160860458238143
"Louisville KY Media Market, USA",0.01796970410413011,0.024551482262832727,0.005569286117725105,0.01425839307191013,0.016546648280213263,0.052360799741136055,0.010307006607293423,0.0452200053582053,0.022323535858803173,0.050834523079135586,0.09650800425409027,0.04538005564646979,0.0032961081104903684,0.035841986293664446,0.06415233076131747,0.09750541909399939,0.042506109165894444,0.11531971204865529,0.09183059256879553,0.030553368072750973,0.05008530216450618,0.026230850504912268,0.02367120567737805,0.00992079830300303,0.007256772852687627
"Memphis TN Media Market, USA",0.013192850423330198,0.019147068046409532,0.007510818438381938,0.01217184070241455,0.0186917529005958,0.06032110379429288,0.00809156475384133,0.04370774537472562,0.023217309501411102,0.04548510504860458,0.09295829413609281,0.042563813107557226,0.0050084666039510815,0.03428033866415804,0.07343618689244277,0.07197742238946378,0.04835497021009721,0.1198958921291941,0.09198871119473188,0.03686296644716212,0.050958921291941045,0.02893947946064597,0.022967701473816243,0.014857322044528064,0.013412354970210098
"New Orleans LA Media Market, USA",0.01897949362380768,0.016933640601362706,0.009840553545446365,0.019844220107947945,0.020030887477643037,0.06331030577380181,0.0167120371918383,0.04851220111331833,0.02476526567310121,0.04684591500220092,0.09634037228833055,0.06283093049498155,0.004439640232380584,0.035145148582236496,0.0318272124297826,0.04286043103793807,0.04705899558833669,0.10531071792468814,0.10104263081638068,0.03835484370332018,0.06617202159981105,0.029950219764739903,0.027105963880253197,0.014057806389849152,0.011728545156502712
"ProvidenceRi-New Bedford MA Media Market, USA",0.020823619856272697,0.02978606095209005,0.009789201532139661,0.019978711445249205,0.022714124821194094,0.06723006725410251,0.009725973918003991,0.04422403234024421,0.020832791172355637,0.053001726849283594,0.10094214547985596,0.05120056264263504,0.00282204121648843,0.028886509970591414,0.03333582097668394,0.054669091141137605,0.03444470377924123,0.1144326885814667,0.09847962494422194,0.03568605228505578,0.05593994782683083,0.0401453326369476,0.026938056506114368,0.014033358524242753,0.009937753347550855
"Richmond-Petersburg VA Media Market, USA",0.01636737211748346,0.0392976123480566,0.010865649183418966,0.018484510664315435,0.0206803233442445,0.06226056982446372,0.012696446477780005,0.04262315709384265,0.019824377500996502,0.06684972677142631,0.11130569551002562,0.050417407280283565,0.0031268342363252196,0.03037856452655736,0.038554415077111964,0.04048164415932527,0.038831572004055286,0.11223254629372055,0.09982615742287149,0.03127845263914096,0.04914132024527901,0.029225731620750716,0.02568482600143858,0.01529965776807662,0.014265429889009569
"Buffalo NY Media Market, USA",0.020114038484506654,0.020921649404246682,0.007763243065043371,0.014446989861616513,0.022558740510474327,0.07443252704085751,0.012470252075829824,0.046651737724699854,0.022525409620816568,0.05155332646159556,0.09474903409472889,0.04311538289078237,0.004450790127026284,0.030157975094568388,0.03394312291535757,0.06680380429704068,0.03303287141659711,0.12472025959986359,0.0981153911638346,0.03447005138716443,0.05594559719696305,0.03611697477931949,0.024978366983036456,0.012257021816647994,0.013705441987382085
"Mobile AL-Pensacola (Ft. Walton Beach) FL Media Market, USA",0.021380069083372946,0.021440093508589206,0.005514334656802293,0.015512772013713176,0.016426992383910672,0.056789218308076074,0.009455579197725323,0.0475226881480447,0.02242085624337995,0.042610311593386366,0.09728531170345946,0.05614193555418796,0.004165213010429079,0.04031556845018707,0.0367802077417774,0.05080898291025587,0.04393228808730386,0.11304569764335178,0.11312535166691828,0.041772039119653624,0.06590877693747178,0.027339043628283655,0.025859132617879855,0.011476994171705243,0.012970541620134557
"Wilkes Barre-Scranton PA Media Market, USA",0.014990990990990992,0.017545225225225225,0.007403243243243244,0.012211891891891893,0.022111711711711713,0.05558630630630631,0.006129009009009009,0.04536072072072072,0.02772036036036036,0.036593873873873875,0.08185081081081082,0.05314738738738739,0.005264144144144144,0.038822342342342345,0.06544864864864865,0.0768,0.04878414414414414,0.11859747747747748,0.08920216216216216,0.037248288288288287,0.05314738738738739,0.04076828828828829,0.02272288288288288,0.009164684684684685,0.013378018018018018
"Little Rock-Pine Bluff AR Media Market, USA",0.012702374493835272,0.02023458489087646,0.0072165412584272995,0.012702379956514938,0.019672338586084952,0.06607184257914127,0.00961159033788643,0.05286371681363719,0.026425712892192504,0.04274022695811603,0.09204203353920888,0.05144554235110253,0.008091323855043304,0.03759515021769557,0.040886980104792275,0.07277488102345138,0.04311708630302695,0.11323616269576424,0.09818273554451298,0.03856414491919947,0.05507818882266309,0.033546430555229954,0.0233552280538886,0.010316748536802815,0.011526054710905556
"Honolulu HI Media Market, USA",0.01705309743359529,0.021672936187857355,0.010400046742950234,0.02277564989702748,0.016882690759600732,0.06779686258274734,0.009483446475296302,0.03982972724836632,0.01607258622928583,0.044702216266379526,0.09974159366532662,0.05445618919462223,0.007748509363255284,0.029938865765577877,0.02961998627252539,0.024935537906000827,0.03729085334448525,0.12112729522972282,0.10371760355417813,0.0535051986816446,0.07866083664150082,0.02811546641639973,0.03202612325194803,0.021709304727754893,0.010737376161951253
"Tulsa OK Media Market, USA",0.019311848046084386,0.021625408687529192,0.005410244434065079,0.01445741865172038,0.020046707146193367,0.058080336291452594,0.009283823758368363,0.04053868908609684,0.02358866573252374,0.04833255488089678,0.10201619181068036,0.05872645181379418,0.004940059162385178,0.04109450412579791,0.0395049042503503,0.0754133582438113,0.034536820800249106,0.1186532772847579,0.09667600809590535,0.03704343764595983,0.054273703876693134,0.032067569671493074,0.02558461777985365,0.010671026000311381,0.008122372723026624
"Knoxville TN Media Market, USA",0.018683669522765605,0.020193833843408317,0.01070435283601156,0.015421008455957286,0.015536557691968204,0.05682775621037022,0.007971292434253287,0.04267457964953275,0.02557650242091698,0.041955606625464804,0.09380511658436458,0.0571936621244048,0.004392475818915089,0.03392814442370621,0.041299222770902776,0.07875964314544279,0.03817136914610719,0.11281457075866097,0.10680922018709348,0.04105207579387942,0.06265978292792135,0.031419763091969165,0.02286590992616083,0.00951355376489903,0.009770329844923296
"Albany-Schenectady-Troy NY Media Market, USA",0.026444375239588827,0.031670974346923064,0.0131662799780452,0.021588008735052296,0.022715558747381414,0.0734911632258718,0.01415328031673134,0.05011704846939655,0.020760219239013476,0.05795193580824908,0.1047360125013007,0.04370586553028998,0.004341411638585881,0.028105844747928203,0.030803195427378683,0.04257623343794276,0.03488072407588092,0.12032417132819095,0.0904280277385928,0.03409725843875376,0.04935085988168276,0.03290647051429592,0.028074281426390638,0.010433112464599117,0.013177686741933842
"Ft. Myers-Naples FL Media Market, USA",0.011107771334860569,0.017487504061884165,0.005374895058982977,0.01610104416664818,0.012115800267704226,0.04526049628336066,0.01135622239628349,0.04131407768335865,0.020639062460221267,0.042662844610715026,0.10401869871340501,0.08213685270026322,0.011025624180460094,0.0348174977712334,0.031195008370387533,0.02658375291564331,0.03979024568201154,0.11382441536445358,0.12667916908069035,0.05925153201694756,0.07286323321129828,0.027507320505858808,0.025896919498734867,0.012538804364476188,0.008451207300116925
"Harlingen-Weslaco-Brownsville-Mcallen TX Media Market, USA",0.005974011194534269,0.00862741861343369,0.0034166534844205687,0.010453517389067557,0.01717574773490636,0.08055097721818322,0.005502844062711855,0.030823420575767046,0.020509493060185405,0.02848383967664626,0.07103115478128444,0.0830795327223581,0.01193357004201677,0.034941498325279964,0.03730817810222936,0.04232867359663539,0.04549638106765801,0.10447497307658686,0.1134329589949091,0.0601015395302483,0.05623673172232163,0.0764244294869868,0.02303275598036552,0.011949773594659461,0.016709925966603936
"Lexington KY Media Market, USA",0.017384791947658393,0.018946788112879795,0.008985378606373499,0.015053066262616457,0.02209678481899221,0.06965705429366915,0.00939451411690874,0.051065659314940726,0.022823173712696723,0.04192425445454955,0.0929361713931064,0.04673159670333862,0.006939701053697302,0.03219341707898049,0.04563074479999168,0.0838953167853044,0.03644079843835056,0.11563105685249972,0.09532510670462149,0.034779985645584634,0.05308359886690267,0.031647325189918626,0.02485498226501579,0.011923873057039732,0.010654859524362632
"Spokane WA Media Market, USA",0.016725914103308183,0.020228163087637842,0.012086477074869414,0.01614371735345328,0.020986288450377248,0.06532211259431224,0.009122896111433547,0.041800275681950085,0.01824760591990714,0.04448998839233894,0.10120248113755079,0.05540300348229832,0.027359619849100406,0.033852655252466626,0.0391758560650029,0.05276226059199071,0.037909895531050494,0.11127938189204875,0.09582305571677308,0.0350859692396982,0.05510192977365061,0.04345073998839234,0.025477002321532213,0.01217534822983169,0.008787362159024956
"Dayton OH Media Market, USA",0.026540064691429326,0.02941158108074065,0.007564505256849409,0.01396685344077025,0.019283544618655363,0.0536646872933112,0.006963317900569048,0.0445750391279551,0.025215917659385537,0.04446478394028061,0.0957206134929154,0.040046832950892626,0.0038423713640527405,0.03199162632968201,0.0499969193403444,0.10264313674324066,0.04077161598018888,0.1134064849691794,0.08488801245336616,0.032074219628633896,0.057181959338546896,0.03481310435875086,0.022821866011004128,0.010338679955975016,0.0078122620732806024
"Tucson (Sierra Vista) AZ Media Market, USA",0.027647627225766542,0.03198918069507119,0.011216960489942389,0.019506253950141293,0.018257577067376685,0.06802215344894161,0.009501470557159625,0.04164433456087876,0.02034382798227263,0.04715772325862404,0.09130709575046442,0.04904418587227764,0.0035596896365581855,0.032404125628420655,0.032473283117312235,0.03281907056177012,0.03094989732033941,0.1280527748481897,0.0980211352970218,0.042305172788064956,0.06303128800059936,0.03771964706628169,0.027711021590583824,0.015537382504307935,0.01977712078163331
"Wichita-Hutchinson KS Media Market, USA",0.020066015396758684,0.01601351743838392,0.006880020775031692,0.012936557563580822,0.01810981381061235,0.06809460840090344,0.005899357272457023,0.042163405191707755,0.021603641097659734,0.03735405369388948,0.10159434700453429,0.055417738733474796,0.0152481215339354,0.04260077427996405,0.04004148172446431,0.08686047584390023,0.03940422129509087,0.1115854971143891,0.08898410778414469,0.039011272504860604,0.053470079512333464,0.034813554341400745,0.02410484557112544,0.00804861630771649,0.009693875807680611
"Des Moines-Ames IA Media Market, USA",0.018032008481824895,0.03777957011977976,0.011732432247846208,0.015474126856618782,0.016423779030249025,0.06649191332147353,0.00917292450590443,0.03886256386573479,0.01638149999512165,0.0657715436075725,0.10714483171317903,0.04822411791297674,0.01056975878184343,0.032806905142106345,0.041161892929969655,0.06963844920499153,0.036127435516340844,0.11029787206363971,0.09497172182996673,0.032467046744351684,0.04991202708460035,0.027746429860706842,0.0292375789073146,0.007380943863198051,0.006190626412688914
