longname,"Agriculture, forestry, fishing and hunting %","Mining, quarrying, and oil and gas extraction %",Accommodation and food services %,"Arts, entertainment, and recreation %",Construction %,Educational services %,Health care and social assistance %,Finance and insurance %,Real estate and rental and leasing %,Information %,Manufacturing %,"Other services, except public administration %",Administrative and support and waste management services %,Management of companies and enterprises %,"Professional, scientific, and technical services %",Public administration %,Retail trade %,Transportation and warehousing %,Utilities %,Wholesale trade %
"New York NY Media Market, USA",0.0020121628508479395,0.0002784228376365975,0.05859712263679333,0.023642846255597278,0.05902743034418034,0.10495954198107467,0.16099236600757633,0.06705031341551149,0.024148203043912294,0.031197350999187204,0.055662954283727153,0.046589652182685494,0.04009644815551435,0.0014532438490931728,0.09868939651036675,0.04133247863954525,0.09716237695081678,0.05576968906606965,0.006009672640036303,0.025328327349827397
"Los Angeles CA Media Market, USA",0.007006663062521892,0.0008042207704831789,0.07401701407142562,0.028856014727021033,0.06667182574709729,0.08510674693402394,0.1261656410966627,0.03957905612522559,0.022901686918126808,0.03216896483593456,0.0942178849758981,0.05307488666206973,0.04785687341275782,0.0011714528690751147,0.07839527752675603,0.04024323500917974,0.10502509142683435,0.058144589856132786,0.006620509532283351,0.03197236444049035
"Chicago IL Media Market, USA",0.003213612629837972,0.0006513551918104636,0.0662044748408165,0.021762064408772888,0.05445976813939545,0.09110480985167961,0.13388538157807314,0.057772453565879144,0.01889854527978677,0.01861406468365431,0.11550395497942792,0.04590829405601139,0.04317051080085454,0.0019304285141949658,0.09253450086193299,0.0335422114564182,0.10113551614916057,0.06430284121282583,0.006028052618121149,0.02937715918134608
"Philadelphia PA Media Market, USA",0.0054649268072158854,0.0006449145490396681,0.05855075155581616,0.021570294567183537,0.05616017879010043,0.10346358047991619,0.16380861483404482,0.0599484134441549,0.01694205052181534,0.018590594326138663,0.09390287266271317,0.04309811965595138,0.038942626849976236,0.0017623627022468123,0.08345375380081162,0.04481038710410535,0.10550730254874187,0.04861989486816311,0.008132517914883475,0.026625842016981326
"Dallas-Ft.Worth TX Media Market, USA",0.0048156289078499035,0.008027996905105096,0.06841754078016864,0.015950207034734126,0.08349133842554382,0.08435971823137256,0.11151528034921505,0.06541965696790654,0.022801709850701655,0.020469401773380736,0.09187314826737383,0.04910494485082275,0.045287781192968384,0.0022651912981175282,0.08431351623523055,0.0302470519842997,0.11226230416539938,0.06246505645504794,0.007006894478149042,0.029905631846612726
"San Francisco-Oakland-San Jose CA Media Market, USA",0.0070990181979322855,0.0005319796901843888,0.0632855354613558,0.021644186303793903,0.056908118860346926,0.0838967299666005,0.12388576567502957,0.04227022786959539,0.02102086306564873,0.04193693058188105,0.10021374776219576,0.04471210900171579,0.041707216098657435,0.0018204470154810845,0.1571647987269489,0.03449782032966417,0.09125669574181691,0.03952198384851514,0.006549948651006733,0.020075877151629524
"Houston TX Media Market, USA",0.0042309478836235195,0.029614070360736898,0.06982017663976706,0.01366377551706559,0.09844390553995111,0.09307546647055494,0.11430350613080184,0.03914821304301633,0.02088257926645796,0.012521383968449058,0.09565156511333339,0.05107166512925251,0.045681259701565655,0.0028590767496996525,0.07641532000223758,0.031758949947673025,0.10473296555395441,0.05498277013006175,0.010735753825858877,0.03040664902593886
"Atlanta GA Media Market, USA",0.0044450010140794464,0.0006686104352708683,0.07055412097473433,0.017123740733354813,0.06805718944108313,0.0914607558149182,0.11042558091122591,0.046512196206475544,0.02225031093674758,0.02672656724192659,0.09579615290220143,0.04671901226929803,0.05107948979783101,0.0020308048704576935,0.09455646509551081,0.040420281959095264,0.11006421593034336,0.06295300083403532,0.008103087905101204,0.03005341472630939
"Washington DC (Hagerstown MD) Media Market, USA",0.0037103465000657876,0.0006303960838626421,0.059857513128445436,0.01981655076674765,0.06765239545037222,0.0899574031822702,0.10677655943850034,0.03771971278550201,0.021931820465861316,0.023573640012864442,0.035627963764412275,0.06167866959235679,0.04335408019693714,0.0014130798666614245,0.1633409839745532,0.12687537304907331,0.08089768869347531,0.03771078130169049,0.005160339324193183,0.01231470242215499
"Boston MA (Manchester NH) Media Market, USA",0.0035298376724666645,0.0004420062584620004,0.059478910122556135,0.019154232446079878,0.05969847495117256,0.11305029448097613,0.1571404953466973,0.05743513474254957,0.017273107255683644,0.022788441321367772,0.09407490416260196,0.04264086295333411,0.03772833713227279,0.001533681952199201,0.11503956985702354,0.03821060680746943,0.10131614749261168,0.032430668686550056,0.006599715022257525,0.0204345713356682
"Phoenix (Prescott) AZ Media Market, USA",0.005634639228774097,0.004288336710637831,0.07600825084478717,0.023334116781651183,0.07543560147224038,0.08619479369998426,0.12676403688882598,0.07011064806005238,0.024555512557454074,0.018063436583614725,0.0743894594641441,0.045330605813943096,0.05516496666948451,0.0017798249961430259,0.06975907044373077,0.04250570889061306,0.12086124541429712,0.04750261060208996,0.009426533113274717,0.0228906017642579
"Seattle-Tacoma WA Media Market, USA",0.011968018737974843,0.0007641368586816487,0.06525197879995137,0.02347481638122005,0.0698823970617387,0.07991146938834377,0.1272168101917777,0.031927038089813245,0.022021738907233548,0.025054423896757227,0.09472755785838924,0.045312368042876056,0.0383812853665635,0.0019768555577873424,0.11417540811140958,0.05048027890879189,0.11938257211512089,0.047131517818884534,0.00627433352664749,0.024684994380037253
"Tampa-St.Petersburg (Sarasota) FL Media Market, USA",0.007994011467192119,0.0007941747490696266,0.08020275066169913,0.02735160249428094,0.07754010671132995,0.07378275838717052,0.1418803493212079,0.06239691042836949,0.025529495334437886,0.016208761079972503,0.05785470871149371,0.049825540661684396,0.0557936168855177,0.001529954296001783,0.08023264563998422,0.03695492828329864,0.12692552720661485,0.04387646427818992,0.008286416710106255,0.025039276692378477
"Detroit MI Media Market, USA",0.003796750725625439,0.000607905781743148,0.06850465875712679,0.018347009278537524,0.05112378225256721,0.0821842482966225,0.14744762477532025,0.046334052195922446,0.016049431309106018,0.013682659655248437,0.19034818007476978,0.04253702960707451,0.039781468203402115,0.0018048324414495255,0.073812422790965,0.031019841487571143,0.10316822748992478,0.040281928597701355,0.007142919345677276,0.02202502693364481
"Minneapolis-St. Paul MN Media Market, USA",0.015701082460003433,0.0011053066676304883,0.05610035517193393,0.020008914573936623,0.06132111177036834,0.09053219971344083,0.15270181053010762,0.06186071020730438,0.015119403215798473,0.01497843701996918,0.1401235246876774,0.042529565338764334,0.03177232453741244,0.002411859647294518,0.0731034968704678,0.03645077541735873,0.10829627580595803,0.042101150836427695,0.005784670434549297,0.02799702509359673
"Miami-Ft. Lauderdale FL Media Market, USA",0.0048323660389391985,0.00026982621268154905,0.08232807236944381,0.022636639941247497,0.0804073954578001,0.07273035700633478,0.13247932652448666,0.045970380749141504,0.0316411722689537,0.019618224566957047,0.04577798191711648,0.05617704599645013,0.06127329250427092,0.0011296606911883286,0.07817334522436642,0.039058968293205445,0.11552870495623717,0.07145955656034583,0.005427543264597354,0.03308013945623626
"Denver CO Media Market, USA",0.013383518838933166,0.011903051803837343,0.07039582418717591,0.026156531647857972,0.0807498127727702,0.09119176587557902,0.11714936859230883,0.049118095188906225,0.024798327221547668,0.027620858404565952,0.07102973362084675,0.04759203186736467,0.04034141530873287,0.0016676942643906708,0.1060626113679225,0.043466173204554585,0.10161717519303516,0.042576036851482674,0.008350576530744119,0.024829397257443764
"Sacramento-Stockton-Modesto CA Media Market, USA",0.02517950946845007,0.000845870445275716,0.069777199436286,0.02192486495431486,0.07925201770961926,0.08702529952410079,0.13331080824182395,0.037626593116712535,0.01977689567362367,0.014250441038032172,0.07368931951237867,0.047497628092262524,0.045887274882144335,0.0011435314330219318,0.06463632023198518,0.07958111898154382,0.10953822286144288,0.05349804972205238,0.011396007259440474,0.024163027415488546
"Orlando-Daytona Beach-Melbourne FL Media Market, USA",0.005695797058249225,0.0006686629455692604,0.0957004502119257,0.045249901948525094,0.07693633350700803,0.0735424376098496,0.1290526189795909,0.04160890937975384,0.027596297483717884,0.01785971780932111,0.058076759462684625,0.04849128321577287,0.06094401483227252,0.0015676596749129392,0.07203769049052151,0.04008327011198096,0.12413954437860412,0.05044708650913668,0.007175578123624112,0.02312598626697882
"Cleveland-Akron (Canton) OH Media Market, USA",0.006466658381015805,0.0017984812860233383,0.07091188206696834,0.017704157566841357,0.05880508509213565,0.07974063391041708,0.16002479933009695,0.049001788185524975,0.015433927512166956,0.014378628418347257,0.15941795705771897,0.04518405935051687,0.0362896769676561,0.0014624421817588833,0.058781587556364145,0.036023213903306726,0.11084814964148111,0.042218340072084956,0.008220860646725482,0.027287670872848883
"Portland OR Media Market, USA",0.02143567266244679,0.0008016321493895096,0.06903000793348944,0.01855335187984907,0.0705617316247063,0.07687750904103503,0.14488230639089344,0.03802443358699488,0.020290620551580645,0.016114877005419415,0.11856005331261886,0.04548520814849155,0.038334703208892956,0.0020564115750568174,0.08024520427588847,0.04617129335882693,0.11235553758557035,0.04408102507729008,0.008789893775362125,0.02734852685619763
"Salt Lake City UT Media Market, USA",0.00815451693765858,0.014090499265759357,0.0636459271272834,0.02139054025912349,0.07632522834258489,0.10728745060060904,0.11328608654194465,0.051248865522074985,0.019354596179561808,0.018563967250657835,0.09997905579214729,0.04397388597400345,0.04390884555645683,0.0011755011244831794,0.07885345081184168,0.04748248831510108,0.11469012417946245,0.045818289007393605,0.0071771205712100605,0.02359356064064262
"Charlotte NC Media Market, USA",0.007204672057175436,0.0010769147528861182,0.06902206397675233,0.01824481760649295,0.07010382131910174,0.07501583459429054,0.12112560474705997,0.0724892949465491,0.018949633755018454,0.017584721127150094,0.1347435103160139,0.05113583454956967,0.04308352516269733,0.0014348693387093742,0.0672205083111906,0.02786828389878508,0.11560565655913341,0.04731172121593386,0.010720669091243811,0.030058042674246055
"Raleigh-Durham (Fayetteville) NC Media Market, USA",0.00956956074548165,0.0011982007913253242,0.06865352257454878,0.015786049837802733,0.0689729505980517,0.10325240597289323,0.13728677436487272,0.043568887208527654,0.01777571595497246,0.019321813156244313,0.102751254999752,0.04483957940230077,0.03974009122997198,0.0008446586415480619,0.10470593197640916,0.05193387457135837,0.10606403474318954,0.03472045257863453,0.007448090782388514,0.021566149869726516
"San Diego CA Media Market, USA",0.006547653592289784,0.000254327193330347,0.08074041617295423,0.02787182866932221,0.06416133892656015,0.0864959582380746,0.12740054653175073,0.03732371000828145,0.025066797315847874,0.020092484091080696,0.0961445805306375,0.049558803435874606,0.04645269606172605,0.001911268857877556,0.11070750234964055,0.05009417479005112,0.10385781483413359,0.037128472291831166,0.007293468086731014,0.020896158022004698
"St. Louis MO Media Market, USA",0.008968701309873922,0.002769502337126013,0.06588242041504269,0.020324553046547976,0.06286120307028581,0.09382979604711936,0.1479402383964151,0.0620085583102588,0.01733774737372,0.017577354570857767,0.11375542860055946,0.04628242423856194,0.03794269182117379,0.0024553365174750665,0.06918339190752311,0.040649743346279923,0.10827568847240969,0.04653413924619397,0.008768603810136796,0.026652477162438837
"Indianapolis IN Media Market, USA",0.008131901664226221,0.000890995398395151,0.06562983599476048,0.018729396969823023,0.06146943568750333,0.09271966272950972,0.1437996561510725,0.043232100668609975,0.017272365206398698,0.013670075434087861,0.1512188935937511,0.04513760231751245,0.0388160923412045,0.001276719129056954,0.06313386000474215,0.03966019324494695,0.10832165924610904,0.05469351145315293,0.006806306582996355,0.025389736182140764
"Nashville TN Media Market, USA",0.00942462783275111,0.0012073601985164448,0.07403167737265326,0.020284059917207664,0.0691525257525917,0.08395954219734116,0.13844873622141804,0.045645433788244046,0.018456335849064354,0.01903311762466696,0.12760156160090597,0.04724503283297946,0.04199270953283393,0.0034150656489340013,0.061904278740177246,0.04298760702298227,0.11147278196082698,0.05059063951956255,0.007540383236419947,0.02560652314992305
"Baltimore MD Media Market, USA",0.004774942140368934,0.0005957115507167463,0.055844266691304364,0.01842920705305675,0.06497569646220426,0.10833034052992335,0.14612820656849287,0.04582696986035812,0.021777953679286123,0.016699712769806706,0.056449773359941745,0.047999055671697655,0.038943779912958505,0.0011142779055567304,0.10684388676471997,0.0957458524192415,0.09674274106144648,0.04532992118278041,0.006317789988016525,0.02112991442812233
"San Antonio TX Media Market, USA",0.007236135752739359,0.014757818270424189,0.08571809300448532,0.016820608100390586,0.08488201207672405,0.09464923435394122,0.13414149413296667,0.06302435904269439,0.01930829151659609,0.014709846413913314,0.0611351816458156,0.048865808249636315,0.046145118673235536,0.0014764671392782913,0.06454575220632457,0.05181493523799351,0.11398417690193155,0.045104205532754085,0.008069932306380222,0.02361052944177508
"Pittsburgh PA Media Market, USA",0.004449218091550731,0.009670318885406513,0.06344505620727972,0.016965703014255804,0.06178933019889423,0.09745103770202544,0.17022037587986485,0.055856922585230985,0.015601514332962014,0.015111554545997934,0.10005994513976783,0.04866530568034458,0.03581361352447111,0.0013115416916412062,0.0754682992450073,0.034006214249508844,0.11390404060214925,0.04443592974199986,0.012380058939453311,0.02339401974218831
"Hartford & New Haven CT Media Market, USA",0.004037089692770639,0.0005694472749952616,0.05793093257849201,0.025058908146838168,0.06004112064350496,0.11405852654973854,0.16309490310415187,0.06523827237295642,0.014418052145238416,0.017646062929302115,0.1150580591300204,0.04364463241333068,0.03437588857236818,0.0012091040146920808,0.06690137593678615,0.04036244125967691,0.10769691005412008,0.038698744969998464,0.007786915003611365,0.022172613207407346
"Columbus OH Media Market, USA",0.006854641065257185,0.001743727294201829,0.0678172080049158,0.017630447469773724,0.054982449947102226,0.0942173503558321,0.15193048604258985,0.07080725410062465,0.015047987911640432,0.017778501854510978,0.10343397389797064,0.04018600529605062,0.04071363645614319,0.0017420662439904503,0.06758485334362413,0.04700626780800948,0.11282536362195157,0.05261598387362807,0.009555954391470311,0.025525841020712717
"Kansas City MO Media Market, USA",0.010886122195575366,0.0011347245520399126,0.06381178838702793,0.01878396492945857,0.0663521064591281,0.08767477874689114,0.1406962788219052,0.06347568102607078,0.01709410015463931,0.019877585787329833,0.09630202730447116,0.04474115406879369,0.03565295258484187,0.0010852551906691524,0.08607441710469288,0.04630187475301483,0.1107706092637407,0.05385902012972371,0.007601349425885168,0.02782420911410073
"Cincinnati OH Media Market, USA",0.004591397766183321,0.0011959028400816123,0.06778762437904942,0.018485800660609817,0.05832608769089524,0.08225049242251022,0.14834249481712547,0.057944412333644016,0.016135077661394676,0.014751842666560563,0.1425531129243697,0.04071669730062016,0.03837281032285942,0.0015184873937304612,0.07446807913618446,0.034077553897631244,0.1118267583993628,0.05292362637710642,0.007091349648181072,0.02664039136189962
"Austin TX Media Market, USA",0.004227307323596309,0.0054211120804732536,0.07043212910336118,0.01904679040535267,0.0781742233802303,0.0970140771763822,0.10330291208407932,0.04489191873348517,0.025823964356736798,0.02897190913915139,0.07994023921558412,0.046759835171855564,0.04040907605155562,0.001210265623518027,0.13010512222977316,0.058527003267874,0.10239129361247844,0.034473757851245325,0.008923357421068142,0.0199537057721987
"Greenville-Spartanburg SC-Asheville NC-Anderson SC Media Market, USA",0.008169521388536976,0.001356282258720728,0.07855233509085222,0.01838857840735207,0.07117554656485464,0.08999520123797008,0.13874703367585162,0.02881476542834853,0.018702618022271366,0.013815518058479623,0.16545101819165056,0.051409105793714764,0.04382218382673251,0.0009750175307888956,0.05338890437381939,0.03198209912329601,0.11432728407418635,0.03818083206930741,0.009231291357130559,0.023514863526135812
"Milwaukee WI Media Market, USA",0.008669145733727826,0.0009014022750077965,0.06367154891098106,0.017845909960958927,0.05570227585101964,0.08610794903577804,0.1514499169428222,0.049262604032278334,0.013934211968665969,0.014935957434249851,0.18531026283170174,0.04272174580287209,0.038408675048274436,0.002127444284232623,0.056371792601586784,0.030737901899774937,0.10696162505375494,0.04072331419223732,0.006774430194024906,0.02738188594605058
"Las Vegas NV Media Market, USA",0.0018669742873622503,0.0028089994232111995,0.15818243222731598,0.08789768070186026,0.0725122188154577,0.06459275674691156,0.09537032118029169,0.03460637958774754,0.02570409975410586,0.01557804104307703,0.038316611517561903,0.04546291096202319,0.060846475516833406,0.0011791915849549228,0.05800332412495064,0.036793054248504896,0.11617361343007217,0.06053721046719869,0.0061056130657843165,0.017462091314774966
"West Palm Beach-Fort Pierce FL Media Market, USA",0.010942314940773424,0.0003503530803788435,0.07769801919290203,0.03284470864601317,0.08445961234701445,0.07144817200736989,0.14246439211851786,0.040742058847882415,0.03233845977467692,0.016926425502747804,0.04758025163790813,0.05804783857258606,0.06524993182527702,0.0015604496785032865,0.07986366745117732,0.03406259208270601,0.12486183672831137,0.04125591572571777,0.011376685862467133,0.02592631397706944
"Grand Rapids-Kalamazoo-Battle Creek MI Media Market, USA",0.016240038444609743,0.0005540277275029302,0.0683965267709169,0.015320875620539038,0.0586988294735749,0.08104878822240236,0.14131064485708436,0.03585335969575844,0.014539491546435046,0.011577506596930746,0.2179797983965341,0.048482822139009396,0.03580530011655854,0.001288139068030794,0.04876037027137643,0.026282441397817158,0.1070447205476669,0.03460177202409097,0.005952591489406,0.030261955593755174
"Fresno-Visalia CA Media Market, USA",0.11448310778987775,0.0006812236986734042,0.06780872477492249,0.014595381496087082,0.06335782661810689,0.09755440323954369,0.13456302702367295,0.023171399241920392,0.013804200815845486,0.010990007103377069,0.07725373872008995,0.04360562050196082,0.04233834347378,0.0005726149705392385,0.03704899786728196,0.06399730308572003,0.10524078149412101,0.0496312506239125,0.007662259477999059,0.031639787982568356
"Harrisburg-Lancaster-Lebanon-York PA Media Market, USA",0.016669958355555823,0.0015289127120034845,0.059798862085596836,0.016295130488827626,0.06870838786033137,0.080203739543026,0.15262344652942983,0.043073401081948445,0.013187006025146492,0.012296341157427467,0.1344075022583512,0.047134660052225434,0.03512303867514205,0.0012598062652814975,0.05605747390389164,0.05211893556029636,0.11468086981948099,0.05726592886932409,0.007098037936615523,0.030468560820097933
"Jacksonville FL Media Market, USA",0.006684285447860242,0.0010317838119309275,0.08125605545946993,0.018993448335647437,0.07410549154297173,0.07295940401130409,0.1380439062699733,0.07368242101385465,0.020552320596439168,0.013904812636586607,0.05966779538444868,0.05128482446321727,0.05420122690062255,0.0013080595208137076,0.06797572008495673,0.05179093218155249,0.12000151325524748,0.06251437444667302,0.007984857604540348,0.022056767031889756
"Norfolk-Portsmouth-Newport News VA Media Market, USA",0.0056448561949617605,0.0005759545254619975,0.07736543210434403,0.0198320507348608,0.06279161333515089,0.09769966619505656,0.1386033883388214,0.03855169098001848,0.021037253170761678,0.01379603515076989,0.08906746141996358,0.04686046780321701,0.04574264704865474,0.0008278647190778118,0.07835130546142585,0.08495286809583602,0.1097070658456916,0.04193537631809102,0.0074335609724681785,0.0192234415853667
"Oklahoma City OK Media Market, USA",0.013916305531673806,0.03306747534686939,0.07346944126126291,0.021263905108253087,0.06971917225347174,0.09812421004565237,0.1312758015339749,0.04177513461313641,0.016729280391872044,0.01494973241235262,0.07320726108011519,0.05253544621428229,0.03374258931331735,0.0011426686228221273,0.0581537490127285,0.07129225334033858,0.11785545351162942,0.041760933186657793,0.010914342457567955,0.025104844762021582
"Birmingham (Anniston & Tuscaloosa) AL Media Market, USA",0.006152339265782045,0.005557475216571692,0.06955856523733424,0.012417761957569183,0.06993417349363555,0.0910134150070369,0.14917911855680152,0.05192791675159705,0.016077697467752516,0.014574490811239184,0.13017405386454517,0.05076947134954154,0.03760097973756938,0.001278265410910374,0.050110006902559706,0.04424049431699588,0.11446495086164196,0.041318360485714196,0.016188639497956986,0.027461823807245114
"Albuquerque-Santa Fe NM Media Market, USA",0.015083584378611304,0.02308136948400279,0.07983387360227764,0.025250770787680107,0.07333497526887829,0.10402003925383001,0.1522104574969502,0.03161211902897298,0.017293861717105643,0.013435596653288081,0.03873470774580615,0.053620923278356235,0.038948709942144194,0.0004112066181235175,0.08313187340675766,0.07733313095604923,0.11034509368723107,0.03323330400953184,0.011094976322225988,0.017989426362177253
"Greensboro-High Point-Winston Salem NC Media Market, USA",0.00823280706321643,0.000803824661353778,0.06564401209997998,0.01563954738007069,0.06802553380461468,0.08849313626660374,0.14893975085736533,0.04572193540623669,0.014563518406594802,0.012227602501278684,0.15564658433219467,0.04925579926577241,0.045117643749911535,0.0015828617780843113,0.04694123625900514,0.032477407841024465,0.11662709774994434,0.050905835929968016,0.005981406040903989,0.027172458605876405
"Louisville KY Media Market, USA",0.007611666970143681,0.001392901421780059,0.06747975305864237,0.016719456200151066,0.060612667864337735,0.08262306185479615,0.13780909711921155,0.051986189283821385,0.014558777308580413,0.015285962313955945,0.159499390533141,0.04324489201824542,0.03795279444323951,0.0014868439822831295,0.04942770424098449,0.036972776373794265,0.11379111581726016,0.0685734300284498,0.009738712105484777,0.02323280706169695
"Memphis TN Media Market, USA",0.01108184383819379,0.0010498588899341497,0.06875133270617725,0.017194104735026722,0.05503919724051429,0.08871997491376668,0.14285481342113482,0.031888366259015304,0.015554719347757966,0.010775791784258373,0.12010912511759163,0.04802257761053567,0.04615239887111935,0.0009382251489495132,0.04101222953904039,0.048233301975540536,0.10748824082784582,0.10853935402947709,0.007051740357478876,0.029542803386641735
"New Orleans LA Media Market, USA",0.006560140953232688,0.018205181904737727,0.08782862129309789,0.024285732624165318,0.08159963926193174,0.09703849554927013,0.14527581720223173,0.034316661852094664,0.018479227522957487,0.013792049943812307,0.06341347153254465,0.05164711707988721,0.041339642334797144,0.0007717812886156058,0.06524288113600374,0.0495242111427857,0.10901086722142406,0.055837743623726066,0.009786439782691322,0.026044276749992733
"ProvidenceRi-New Bedford MA Media Market, USA",0.005079713270903942,0.0002007537881651558,0.06845499187766137,0.022673844864230814,0.06868049811293102,0.10389477020811999,0.1620258288199716,0.049965296913889644,0.014883531551451449,0.015024205969248049,0.10587898165988568,0.0445729813847294,0.038912475477262995,0.00185548767523061,0.06441560962205992,0.04147456007403398,0.1186129985870367,0.040096422255752745,0.007153328514128072,0.02614371937330706
"Richmond-Petersburg VA Media Market, USA",0.007068269317357138,0.0013598234450789884,0.06273225418829986,0.018919684515909068,0.07493920244905977,0.09062265728300177,0.13959405333526734,0.0707661202683452,0.018526300793786418,0.015409200434731348,0.07062202169123781,0.04804232060004702,0.041616052306096156,0.0011642601042732707,0.07570483535860897,0.07184845893543458,0.10941911873014869,0.04623403176867274,0.012368592397526136,0.02304274207711779
"Buffalo NY Media Market, USA",0.009296439421689322,0.0024502547209930585,0.06840701062329844,0.01961320380576375,0.055863675594047785,0.11366401523319819,0.1631902850449854,0.05535035028410874,0.01482665502028306,0.014399996864854844,0.12041103435369699,0.04420939519168505,0.03612345702320316,0.000857957855164774,0.05316371319889895,0.047663644735676934,0.11172369875197147,0.0395791547416658,0.008149574311026472,0.021056483223787812
"Mobile AL-Pensacola (Ft. Walton Beach) FL Media Market, USA",0.009306794510154863,0.0033763998362421168,0.09011535821163381,0.018388198158238462,0.07859357874092031,0.0808039138606865,0.13439926672030103,0.04725014876523328,0.025720897880463393,0.01333719810073421,0.08261526900932688,0.05009053558142405,0.04700901233289094,0.00046314915517919056,0.05931926540726277,0.05988534718063525,0.12404514701721667,0.04434463361751515,0.010098873989396866,0.020837011924544343
"Wilkes Barre-Scranton PA Media Market, USA",0.011310990990990966,0.006320720720720677,0.0628353153153155,0.017252612612612454,0.06616648648648595,0.08589837837837833,0.1694068468468483,0.03715891891891906,0.010901621621621657,0.013158918918918808,0.1349592792792814,0.04678198198198191,0.03480216216216222,0.001241081081081078,0.037904144144144065,0.04516468468468432,0.12178306306306204,0.06051315315315166,0.010590270270270194,0.025849369369369588
"Little Rock-Pine Bluff AR Media Market, USA",0.018563556643226085,0.004194860000274037,0.06951597470671127,0.013171960094764507,0.06856901918632656,0.09494587660291211,0.16377412179018916,0.043043290963396874,0.013701220008382826,0.015609407762463928,0.10711756542373504,0.05040430097965398,0.03665440303275239,0.0009957099364184744,0.04358980475074528,0.05600162477573896,0.11631436903177783,0.047101512957143724,0.012305027368830875,0.02442639398455611
"Honolulu HI Media Market, USA",0.013706449253323191,0.00013388183845900188,0.12991239511378275,0.025122975665132153,0.073153561507563,0.09736943624930343,0.12266263574375585,0.03402006777546324,0.030495077967559566,0.014268150354296117,0.028644311374673485,0.042230038237060015,0.04694667575234432,0.0007974061147777917,0.05572327496123616,0.08668588875444949,0.11166049844709909,0.05306913176132176,0.010832911669519168,0.02256523145888033
"Tulsa OK Media Market, USA",0.011119414603767698,0.01814105558150405,0.06604857543204151,0.02354818620582299,0.0735248326327264,0.08345944262805438,0.1399221547563446,0.038229799159271244,0.01774404483886054,0.01806165343297529,0.12088432196792802,0.05307955783901628,0.03917328351237709,0.0017375058383932893,0.05050910789350816,0.04418963101354496,0.1118838548964648,0.04895843063988784,0.014141366962478736,0.025643780165032215
"Knoxville TN Media Market, USA",0.008025857351258447,0.003933488575871722,0.08551124919958013,0.017886058824190375,0.07611324467069318,0.0860906002301352,0.13837021012307596,0.038336668747622586,0.017106101481116423,0.01438106533185906,0.12286414459061153,0.04429226895368561,0.04520061433677145,0.001510164320642708,0.057265880396911155,0.03768188974356106,0.12613803961091996,0.04550393108130048,0.010715586789512607,0.02307293564068027
"Albany-Schenectady-Troy NY Media Market, USA",0.009457680735697695,0.00135722282611534,0.06151851021904593,0.02155514221687179,0.06053917901558457,0.11508167929103535,0.15775716978247076,0.04840958775223647,0.015410145200079522,0.016623878152105122,0.08462155838790147,0.046023930352127075,0.030071540707754557,0.0010946834941486438,0.07550394116842349,0.08348802682099349,0.10886536218267472,0.03605440691219002,0.007700035989469659,0.018866318793074283
"Ft. Myers-Naples FL Media Market, USA",0.015001961017503028,0.0008958745301552493,0.09195938708579011,0.029328340961997244,0.12003129015025259,0.06309090573154032,0.12975863126739767,0.03390475141861024,0.03561105345473251,0.015391402446159275,0.03784887851850213,0.050975841344852356,0.06542189699886324,0.0006989663650385886,0.06606192257096276,0.034331156841999715,0.14036403686342405,0.040303704938590146,0.0068943733171136405,0.02212562417651513
"Harlingen-Weslaco-Brownsville-Mcallen TX Media Market, USA",0.01621135638968911,0.014785982167342792,0.0772377638361472,0.011103653921282437,0.08574627164886821,0.1298813735055739,0.17159735779319096,0.0265531734714527,0.012664253244037514,0.009780785974332708,0.05510599349013021,0.054312726246875935,0.05537286229535767,0.000727434801605749,0.029901721779719972,0.048628399050365964,0.12372227156820774,0.0465666635779838,0.007568321849238515,0.022531633388596765
"Lexington KY Media Market, USA",0.018216931969086213,0.0037775689722724234,0.0688578531480903,0.01483116225690254,0.060267741051894086,0.11515951084035778,0.14890972320942356,0.03040604965795609,0.012898170332128025,0.014619660001456283,0.1322183812796219,0.04719447459025789,0.03782249759892924,0.00101763790120418,0.047924330734051966,0.05241788684976089,0.12500130021878422,0.03960986501995395,0.00918647911155182,0.01966277525631657
"Spokane WA Media Market, USA",0.047219602437608574,0.004019152640742921,0.07011571387115477,0.020538305281485803,0.07440510737086552,0.10302887405687809,0.15061665699361412,0.035903946604759124,0.02117854033662219,0.01562137260591993,0.08463073128264613,0.045554628554846564,0.032884141033082216,0.0004534242600116091,0.053505876378410276,0.04950123331398735,0.1127103888566449,0.039446096923970074,0.011366439349971004,0.027299767846778997
"Dayton OH Media Market, USA",0.011293609437834789,0.00104728580036086,0.07003437448397205,0.013956536491033856,0.054685522927233964,0.08139862156088572,0.15318626586878709,0.0358526466767037,0.014447664843247767,0.013522636051283742,0.18029907129334208,0.04340466542391657,0.03449647555571333,0.002092829028674531,0.05925019617495301,0.051245870349477744,0.10591622943783657,0.046348712047112696,0.005510359019580034,0.022010427528050006
"Tucson (Sierra Vista) AZ Media Market, USA",0.006714039546557398,0.005985964871837724,0.08076634181857338,0.023592308918818656,0.06272007930058753,0.10836402196902886,0.14492912317909193,0.035012899792719536,0.021415769060092144,0.016102168663589166,0.0644624638123832,0.04818163830249104,0.05686666628245824,0.0010738621191775633,0.06661979325752915,0.0700584572885277,0.11554679560696257,0.043317561583783394,0.008934763356520334,0.01933528126927041
"Wichita-Hutchinson KS Media Market, USA",0.04172432763045044,0.009777590984729948,0.06491514014604226,0.01498501669178095,0.06413949340358402,0.1013773709334113,0.14508523571801718,0.03370988078275402,0.012191663335144614,0.013365384286832068,0.15778773248046685,0.04646192326222451,0.03233285154394653,0.0011429684376697738,0.039238499413993704,0.041276707704187524,0.10374873145879543,0.03998851906143218,0.010578864822199347,0.026172097902337342
"Des Moines-Ames IA Media Market, USA",0.03206864814411305,0.001510662447435781,0.05334150728012382,0.01541721277087011,0.06493571960543892,0.09848738621248307,0.13215288099101938,0.09835567075689378,0.013178050025855165,0.0164969542833538,0.11902849281744375,0.04360106803347291,0.03193368045505178,0.001105759380254394,0.05256097124700206,0.03443790022798123,0.1138671982984316,0.040477297784253394,0.007685027692768075,0.02935791154575415
"Omaha NE Media Market, USA",0.022256051909159198,0.0013725979535812204,0.056793943931452644,0.017434489643124544,0.07357125031195434,0.09062307628317069,0.1491905831461606,0.07759587388736412,0.015264952998918616,0.017825472090508256,0.0969187255635967,0.044169370268696696,0.03854587804675141,0.0012661176274852356,0.06488644871475038,0.03710340237916974,0.10880958322934899,0.04946343898178131,0.011228683137842116,0.025680059895183228
"Green Bay-Appleton WI Media Market, USA",0.02360768095428292,0.001213418620709085,0.060738461497763865,0.0169223050444278,0.06449128303193677,0.0685080124890835,0.13586232886143002,0.04722387420685005,0.01064667769973475,0.013123208131185725,0.22507579577462997,0.04233302086631978,0.03403109608000802,0.0012345253663367587,0.03904944349142458,0.03215890748815871,0.10593747743614927,0.04242564822363496,0.008318111858649405,0.027098722877284057
"Roanoke-Lynchburg VA Media Market, USA",0.012473843292257576,0.0016507788886305495,0.07148531349298641,0.016699604743083022,0.06305316593040414,0.12329109509416435,0.1514027745485539,0.03436216383786714,0.014225373944044037,0.012328528249244415,0.13305626598465412,0.050509571417500156,0.03990157327753193,0.0007575757575757582,0.04696775943579021,0.04359838797178946,0.11336510888940621,0.041720917616058346,0.009414477253351955,0.019735720375106413
"Flint-Saginaw-Bay City MI Media Market, USA",0.014320644632879263,0.0014257263674183327,0.081691567491845,0.016206954493999507,0.0626308620386568,0.07919044074738583,0.16996191175494185,0.03402348336176707,0.012757111828058111,0.011629378904369866,0.1726459281916459,0.048301526924869116,0.03652051788994343,0.0010687819243524529,0.03662615416478642,0.03285559986522318,0.12225031604483945,0.03768698467063493,0.0073039088030565445,0.020902199899327074
"Waco-Temple-Bryan TX Media Market, USA",0.01234443287124033,0.011000032214073238,0.08128899245116969,0.014109764085603499,0.0784992537073025,0.13862360003006427,0.13245138359444658,0.02978083692162325,0.019210325684280553,0.011695856196376976,0.0748869822929978,0.05054602854166857,0.04524359208392895,0.0008998464462508182,0.04586854510507191,0.06338870574591746,0.11236698272251885,0.04397006238792203,0.011126740902208755,0.022698036015333902
"Columbia SC Media Market, USA",0.010088799351434342,0.0008465620685675601,0.072567056888644,0.014619337259687254,0.0631012162293544,0.1009273932788098,0.13782968561519454,0.050689598414907375,0.01600563474806443,0.015917998393919112,0.11139647933366284,0.055192110407571666,0.04853933535391931,0.0006911321565546971,0.04614824782192836,0.06734494163360752,0.10944142190264358,0.04329347730181809,0.011719665309025948,0.02363990653068509
"Springfield MO Media Market, USA",0.022018763852934546,0.002364516183611668,0.08034279139806902,0.018192815931509225,0.07161227010473208,0.09069125086713092,0.14645195675346467,0.040714938328003436,0.015724667106576645,0.012366123547028002,0.11779224404852519,0.05150753768844229,0.035543881021267106,0.0010151768945738816,0.04054997208263499,0.039758980085613384,0.1303910123005606,0.051232593946161156,0.008622658748286901,0.023105849110874235
"Charleston-Huntington WV Media Market, USA",0.005995467103365814,0.020259952609078893,0.0689989317601649,0.011876921680697997,0.062251476142355155,0.09419010042213849,0.19333225100483423,0.03441578874380997,0.011564055903532032,0.014418170600763872,0.08791797368708403,0.043482435296392494,0.0360435499659908,0.0005868568003350945,0.037710169414735345,0.06248914785239908,0.1318148252421915,0.04437571565675435,0.01708834940646065,0.02118786070691526
"El Paso TX (Las Cruces NM) Media Market, USA",0.007937580242770005,0.008098912011731829,0.0802917320805653,0.013421430141294021,0.07382277628899725,0.12446841325151718,0.14420142442984435,0.030445682190081976,0.01464734181596438,0.01596974743282734,0.06155523698146201,0.0450144240327127,0.05672966583251511,0.0011316107766189071,0.04696000380127668,0.07193645638710615,0.11349880645956315,0.058707791647457694,0.008962971403181124,0.022197992792512708
"Rochester NY Media Market, USA",0.011376568564645558,0.0011455703357576208,0.06199834193767203,0.019126125786637464,0.05204431548404104,0.13854429664242476,0.16633379809322815,0.03763989900893092,0.01479443795455398,0.020307495195387614,0.11808795266985689,0.04211855145645699,0.037306402381580235,0.0011700644383313853,0.07659871123337231,0.03520367788370958,0.10787579605833328,0.03162565474620341,0.0059143836906960096,0.020787956438180547
"Huntsville-Decatur (Florence) AL Media Market, USA",0.011086359518916513,0.0015565138734512508,0.06357592748105535,0.011580940843619767,0.0712002513884835,0.07957588625498009,0.11979722340114558,0.027208907114018577,0.01172678971546622,0.014550417876556785,0.1753235545420053,0.04504232155661633,0.03601579084782752,0.0006225926968330983,0.08811539110086047,0.06091498808903943,0.11363235521336852,0.034073920881682915,0.01433852527184305,0.020061342332229847
"Toledo OH Media Market, USA",0.011173734383329779,0.001691820720528432,0.07597577946271832,0.014881479925251349,0.05639502888398101,0.08881435343945875,0.1484729453903461,0.02881360037568651,0.012673398382934246,0.011943467898839157,0.20700862574294804,0.042495896610987106,0.03324151059366936,0.001756814997335693,0.042539352350790725,0.029804998379709437,0.11139957024417822,0.047993111088512216,0.007414668672365022,0.025509842456430495
"Madison WI Media Market, USA",0.022805431946269262,0.0007569582822524619,0.06338536528372254,0.016496992620117806,0.058974464907760725,0.10957953230567391,0.1443725792774002,0.05085248006888226,0.01336156483771976,0.022606502312576354,0.12875448951296536,0.04153581976605164,0.02555179365440849,0.0016376846248732056,0.0830644913443191,0.04548201505616865,0.10640100270601802,0.031890864883885456,0.007445805838076716,0.025044160770858026
"Colorado Springs-Pueblo CO Media Market, USA",0.010460990184180981,0.0036340255391239295,0.07339151577926313,0.022556852968994578,0.07705626375652054,0.09309337646178467,0.15025466706752144,0.046114379637167704,0.0196645548647884,0.021534234671149205,0.060549536639799194,0.05587753158376372,0.04518831757345402,0.0006890603981189084,0.08311736190812666,0.06283616382081826,0.11134031025273612,0.03625906037617426,0.009754374107129152,0.016627422409385324
"Portland-Auburn ME Media Market, USA",0.016992883662602903,0.0004967608033518193,0.0655719587791997,0.018538917851634546,0.07686628240659978,0.10280835203348707,0.16481788448196524,0.05648542292434273,0.015886301738811465,0.01827764607887897,0.09457299510790321,0.043410268747971326,0.03343137108343091,0.0007498632658960937,0.06561841999133097,0.04199352484243053,0.12551382867364685,0.032001891973662176,0.00695819352634088,0.019007232026512784
"Syracuse NY Media Market, USA",0.012749797852648273,0.0017300810950031118,0.06504047273365157,0.020853176721185737,0.05833394331659038,0.15953635814511272,0.15342910696753714,0.041101089001836684,0.01480551712002641,0.01657446359534468,0.09064186597434544,0.04336768970116692,0.03047099963280034,0.0007257901179037425,0.06224146057335919,0.04598546139811866,0.1082618445099167,0.037679617458867214,0.013323866738951045,0.02314739734563403
"Chattanooga TN Media Market, USA",0.0102259193977702,0.001053646792611898,0.06983792761809023,0.016077021146464997,0.07126637143355115,0.08174297673593595,0.1258265117054661,0.04756927163860417,0.015332224485333522,0.01046969800715039,0.1925127182987524,0.05219211659655862,0.03999865045132131,0.0011290657209251705,0.04181074966564558,0.0300300426913261,0.10981134758075847,0.048989030347018535,0.01520343149517939,0.018921278191535742
