longname,PW Mean PM2.5 Pollution,Utility gas heating %,Electricity heating %,"Bottled, tank, or LP gas heating %","Fuel oil, kerosene, etc. heating %",Other fuel heating %,No heating %
"New York-Newark-Jersey City MSA, NY-NJ-PA, USA",7.224824313702093,0.6502926537398515,0.12712862704583527,0.025937731656651235,0.16828040536649638,0.013955403206818302,0.014405178984347455
"Los Angeles-Long Beach-Anaheim MSA, CA, USA",11.147009124448665,0.6574139846779833,0.2661894236318094,0.015574335905461376,0.0007792940589500608,0.007751577200473196,0.052291384525322615
"Chicago-Naperville-Elgin MSA, IL-IN-WI, USA",8.403351864461124,0.8327279158588679,0.13503626116114192,0.01639921810378239,0.0011198604006081906,0.00657123520013448,0.008145509275465139
"Dallas-Fort Worth-Arlington MSA, TX, USA",7.926183069977456,0.3508574986702972,0.6209285032433014,0.019425633764609727,0.00057819637283778,0.0035136548810911343,0.0046965130678629395
"Houston-The Woodlands-Sugar Land MSA, TX, USA",8.131136435315462,0.4398372184452416,0.5295523542246822,0.020694171585780453,0.0007358381443432093,0.003068160483623337,0.006112257116329362
"Washington-Arlington-Alexandria MSA, DC-VA-MD-WV, USA",7.045467982911117,0.4872216224617919,0.4365026310658488,0.026397426069473217,0.03078103040512633,0.012347037652981037,0.0067502523447788626
"Philadelphia-Camden-Wilmington MSA, PA-NJ-DE-MD, USA",7.303181201151844,0.5913734558866548,0.23813635869429034,0.03526349243520437,0.11749270283606722,0.012470832253046371,0.005263157894736854
"Miami-Fort Lauderdale-West Palm Beach MSA, FL, USA",6.941137273238894,0.027759268910418435,0.9239619318364567,0.004328302419782851,0.0013304641031415764,0.001720312756150311,0.04089971997405025
"Atlanta-Sandy Springs-Roswell MSA, GA, USA",7.85378589938438,0.5455252501143193,0.4126443782081491,0.031591745668342934,0.0015446330821596813,0.004891471052928445,0.003802521874100687
"Boston-Cambridge-Newton MSA, MA-NH, USA",6.040622602398065,0.5305447390097425,0.16842163786484257,0.04797287587905677,0.23076063195783836,0.016169338697942532,0.006130776590577342
"Phoenix-Mesa-Scottsdale MSA, AZ, USA",9.156702848764454,0.27770468103537876,0.6913306763495644,0.010903383857276568,0.000598524502096799,0.011039514430121852,0.008423219825561483
"San Francisco-Oakland-Hayward MSA, CA, USA",8.13724314106474,0.657061005051252,0.28366620403229054,0.018543419668370795,0.0009434722228277022,0.014114829082249586,0.02567106994300933
"Riverside-San Bernardino-Ontario MSA, CA, USA",10.13089819310292,0.7102817098684879,0.22010143489741843,0.030993859622891765,0.0007369347720434564,0.021453708290610492,0.016432352548547937
"Detroit-Warren-Dearborn MSA, MI, USA",8.131985403777092,0.8576742589981171,0.09979312548057472,0.02493932701367592,0.002837664449645052,0.009845748211583905,0.004909875846403355
"Seattle-Tacoma-Bellevue MSA, WA, USA",5.506303734201778,0.4023650232831094,0.5283392552210546,0.022138579508872946,0.01932144132820718,0.02168913291366717,0.006146567745088619
"Minneapolis-St. Paul-Bloomington MSA, MN-WI, USA",7.065262485165908,0.7585131180006662,0.1686710247287892,0.044280481606757974,0.004405264725985406,0.015853064371965916,0.008277046565835318
"San Diego-Carlsbad MSA, CA, USA",8.741375162548263,0.5682358969255202,0.32635588235279384,0.035504196540775496,0.001000997977160524,0.024860869806368268,0.04404215639738169
"Tampa-St. Petersburg-Clearwater MSA, FL, USA",7.57536628431573,0.04919462073021227,0.9257894753638831,0.006803039403629881,0.0010075127661180819,0.004439815379332469,0.012765536356824257
"Denver-Aurora-Lakewood MSA, CO, USA",6.824556783388341,0.6895611805085521,0.26541591646619433,0.023737220283075133,0.0009016859707583028,0.014645051130278884,0.005738945641141124
"Baltimore-Columbia-Towson MSA, MD, USA",7.208704368660975,0.4676435342492668,0.4000443021721752,0.029804809652569545,0.080393990559775,0.015775963360470963,0.006337400005742433
"St. Louis MSA, MO-IL, USA",8.177055734031962,0.6260824196224822,0.3148470755093796,0.04412735114475552,0.002121287307293638,0.009408098372828964,0.003413768043259781
"Orlando-Kissimmee-Sanford MSA, FL, USA",7.310867356609565,0.05373588383413772,0.9159625417943333,0.008059672808513732,0.001552750946173491,0.006559335396388299,0.014129815220453467
"Charlotte-Concord-Gastonia MSA, NC-SC, USA",7.283360561762153,0.428695458884676,0.5250620805611288,0.026442673581612064,0.008214962230598095,0.007630274020249001,0.003954550721736139
"San Antonio-New Braunfels MSA, TX, USA",7.623697862769968,0.2552205628784867,0.7109696068460925,0.02145005019032777,0.0005062963052450561,0.005529722119108133,0.0063237616607397604
"Portland-Vancouver-Hillsboro MSA, OR-WA, USA",6.444107130199891,0.4407229671691829,0.4955966690841025,0.014511806852140513,0.013687821788798562,0.03095653247334383,0.004524202632431707
"Sacramento--Roseville--Arden-Arcade MSA, CA, USA",9.298947918442646,0.5797840131539098,0.3217863979989669,0.05757048567928494,0.001547587440437103,0.03233048735612925,0.006981028371271929
"Pittsburgh MSA, PA, USA",7.890519541355585,0.7367348369664523,0.1602492082025068,0.021340565256750776,0.059927743413636686,0.017857783303009654,0.0038898628576438444
"Austin-Round Rock MSA, TX, USA",7.519905601179781,0.3952084422683849,0.5595843328305405,0.03564799302506517,0.0008220127835161532,0.005158159201499816,0.0035790598909934616
"Las Vegas-Henderson-Paradise MSA, NV, USA",6.859947794172365,0.5859520722034699,0.38686210267394516,0.012756649469481164,0.0008893151060921185,0.007336237149291566,0.0062036233977201
"Cincinnati MSA, OH-KY-IN, USA",8.180164559231654,0.527108964803455,0.38443026293795357,0.038375935097854585,0.024734440223575987,0.019709469933755983,0.0056409270034049105
"Kansas City MSA, MO-KS, USA",7.4819579041523285,0.6718116147902508,0.27122756847640256,0.04338313717636494,0.0007125923924940211,0.00974574889734471,0.003119338267142993
"Columbus MSA, OH, USA",8.143845575569411,0.655926632650488,0.268231058636478,0.048913167479445116,0.0103285415273177,0.013664512735652584,0.0029360869706187313
"Indianapolis-Carmel-Anderson MSA, IN, USA",8.230821456769634,0.5727026926923205,0.3686161215847514,0.04053360000987689,0.0042236132202427175,0.010252231564131981,0.003671740928676358
"Cleveland-Elyria MSA, OH, USA",7.646827122201314,0.7879599238035158,0.16249047328201818,0.019614184354828285,0.00850027645564823,0.014936117249071084,0.006499024854918512
"San Juan-Carolina-Caguas MSA, PR, USA",7.944757208203593,0.0008785829398048951,0.11604428286557719,0.007532209561551193,0.0001442449602664753,0.004997432214323074,0.8704032474584771
"Nashville-Davidson--Murfreesboro--Franklin MSA, TN, USA",7.610960194579529,0.3358370541895557,0.6240792364354689,0.0272952166448206,0.0015362542823912331,0.0073080868952894625,0.00394415155247397
"San Jose-Sunnyvale-Santa Clara MSA, CA, USA",8.128103741652447,0.6145821968532655,0.334725616107074,0.021117668878199908,0.0009503806078214567,0.014439695872661177,0.014184441680978105
"Virginia Beach-Norfolk-Newport News MSA, VA-NC, USA",6.108079348219813,0.37301435334402966,0.571590170450447,0.021247593600319786,0.01993655856686272,0.00812475966451005,0.0060865643738306245
"Providence-Warwick MSA, RI-MA, USA",5.981568275720665,0.5532719503254642,0.10895067905549778,0.03846229982561399,0.27337526757909236,0.020958340454279037,0.004981462760052738
"Jacksonville MSA, FL, USA",7.217243467787297,0.027558200246972843,0.9469439172557829,0.009887204647732026,0.002778031012506105,0.003132743802885759,0.009699903034120393
"Milwaukee-Waukesha-West Allis MSA, WI, USA",7.324958448337064,0.7811310358147633,0.1687681371460332,0.02051488802532387,0.011683532567446574,0.01178954105268879,0.006112865393744348
"Oklahoma City MSA, OK, USA",7.1814852711639245,0.5636693448645509,0.38182551097999756,0.04194296079814572,0.0009747785218912931,0.008714373402471777,0.002873031432942756
"Raleigh MSA, NC, USA",7.13649695642111,0.36231989997008884,0.5827170406728087,0.04188411669364641,0.0037151933897902373,0.005614431521682177,0.003749317751983612
"Memphis MSA, TN-MS-AR, USA",7.658134566455043,0.4918040214566972,0.4620597407151336,0.03554381465130899,0.0006756929792938504,0.006016228451205326,0.0039005017463610106
"Richmond MSA, VA, USA",6.622974461857631,0.2701023647500792,0.6422702471875706,0.029949002164417888,0.03860324623154656,0.013588915637613502,0.005486224028772329
"Louisville/Jefferson County MSA, KY-IN, USA",7.9782711620367275,0.5289406226382795,0.40751288910085004,0.04082013334282024,0.0043075846180768585,0.014547713230246213,0.0038710570697271193
"New Orleans-Metairie MSA, LA, USA",8.096597914532808,0.3900906210461721,0.5926439300262478,0.010051332527849089,0.0002784749827029049,0.003039009593844737,0.003896631823183389
"Salt Lake City MSA, UT, USA",7.1095008457217395,0.8475284547823746,0.12816352323777605,0.013961908246244558,0.000734087059399283,0.006742197652346817,0.002869829021858678
"Hartford-West Hartford-East Hartford MSA, CT, USA",6.3510055082328805,0.40387144109418704,0.15406436700873363,0.04607638742058687,0.3657623563298323,0.025658042580795248,0.004567405565865007
"Birmingham-Hoover MSA, AL, USA",7.5838872747455275,0.40742316542628376,0.5431648025590323,0.03824520681904721,0.0007707403785538147,0.005580071237795683,0.004816013579287155
"Buffalo-Cheektowaga-Niagara Falls MSA, NY, USA",6.495135058964428,0.8599435401769241,0.08106973518233819,0.025311603872689582,0.01711438387001253,0.013125286456537634,0.003435450441497954
"Rochester MSA, NY, USA",6.006979009386526,0.6940387008728179,0.16690916509218598,0.06123700772184552,0.04164221653331202,0.0307864550267033,0.005386454753135253
"Grand Rapids-Wyoming MSA, MI, USA",6.663625213656453,0.7895835391759697,0.09047277936962786,0.0757015117083296,0.008050093864242665,0.031234561802193684,0.004957514079636427
"Tucson MSA, AZ, USA",6.812515288488843,0.5218128642363881,0.432331376367421,0.0227290692076085,0.00017485741934402158,0.015128759733929232,0.007823073035309259
"Urban Honolulu MSA, HI, USA",3.4455090219697575,0.03361823618640507,0.40368338416075705,0.008577507089816637,0.00034546422890530836,0.04167096379287725,0.5121044445412388
"Tulsa MSA, OK, USA",7.483401363981659,0.6035872382748682,0.334255780756407,0.04540090389540827,0.0008734907162623989,0.01360996449350427,0.0022726218635499497
"Fresno MSA, CA, USA",13.555418157920888,0.5499717329312362,0.35082342752415985,0.04861011694023249,0.002274027323492943,0.03976844426986814,0.00855225101101055
"Worcester MSA, MA-CT, USA",5.883093818018724,0.29993064441553074,0.18092398842998167,0.04340638071377071,0.42494542952075015,0.04738222991645059,0.0034113270035161553
"Omaha-Council Bluffs MSA, NE-IA, USA",6.901175483091995,0.6993451246678654,0.2409484956654768,0.04455567782280805,0.002147132236506619,0.008773719101425133,0.004229850505918015
"Bridgeport-Stamford-Norwalk MSA, CT, USA",6.562994671801116,0.41124802248232323,0.16970109962143398,0.04664809330306648,0.35332367233321166,0.013656246373865023,0.005422865886099678
"Greenville-Anderson-Mauldin MSA, SC, USA",6.989628629332448,0.34988480439277486,0.5934675956532098,0.029241504553229065,0.009461235578560767,0.011834203701296613,0.006110656120928857
"Albuquerque MSA, NM, USA",5.616012565426471,0.7496659082876831,0.16401694203922984,0.041548860222654256,0.0010160805796077027,0.039925340166106944,0.0038268687047181395
"Bakersfield MSA, CA, USA",12.357839809061744,0.6100418658803366,0.30236932645569115,0.03281279219693591,0.0012886761132007089,0.038343574859725726,0.015143764494110045
"Knoxville MSA, TN, USA",7.071285053298532,0.30898681399999367,0.6390787066786108,0.03110435226460768,0.0022004244541177767,0.015771103026661643,0.0028585995760085207
"Albany-Schenectady-Troy MSA, NY, USA",6.803614584660016,0.5951417114042908,0.1645031406898647,0.06892401486665684,0.12769240800712886,0.038769588558760205,0.004969136473298683
"McAllen-Edinburg-Mission MSA, TX, USA",9.544026687636869,0.059444417980596805,0.8908088410422521,0.036004064847012435,0.0003294749043331902,0.0026556471204687254,0.010757554105336693
"El Paso MSA, TX, USA",7.186668338035618,0.711231426545122,0.2540416183771246,0.024690802788396714,0.0008475895590804515,0.006396706509141868,0.0027918562211343796
"New Haven-Milford MSA, CT, USA",6.261003149432571,0.4025676641966643,0.18611220841482795,0.037379035694767936,0.35156916956039147,0.018265556517559723,0.0041063656157886074
"Allentown-Bethlehem-Easton MSA, PA-NJ, USA",7.416517839533935,0.3535701583606308,0.3170171165594072,0.037262573946122424,0.25208766299809077,0.03666461382228041,0.0033978743134683393
"Baton Rouge MSA, LA, USA",8.21139490526655,0.33617524970813367,0.6399857309638082,0.012488649630302249,0.0004994162667012594,0.00520495524711377,0.00564599818394087
"Oxnard-Thousand Oaks-Ventura MSA, CA, USA",8.695286811969014,0.7553531905929785,0.17067091172155585,0.013747833478051216,0.0007541882957363737,0.011250147209755992,0.04822372870192207
"North Port-Sarasota-Bradenton MSA, FL, USA",7.112427814222771,0.05404695339785285,0.9221165296407248,0.005168814628030956,0.0009823603491948309,0.002918524060689303,0.014766817923507166
"Columbia MSA, SC, USA",7.012548360210411,0.2242325055585705,0.7236154721166539,0.032389770310415,0.004272165782693697,0.00990126311928143,0.0055888231123853785
"Dayton MSA, OH, USA",8.043086485727077,0.6402040761622243,0.2925478843330152,0.036002227801653935,0.015850749202548184,0.01128494714927755,0.004110115351280824
"Charleston-North Charleston MSA, SC, USA",6.731725411272835,0.18136161433821044,0.7865063503320233,0.021284894590935678,0.0011733608406937065,0.005112500805879742,0.004561279092257105
"Stockton-Lodi MSA, CA, USA",9.508685336429775,0.6628299426409027,0.26326375808610003,0.03676351518354073,0.0011164994758418544,0.026293136511237644,0.009733148102377078
"Greensboro-High Point MSA, NC, USA",6.90560763220075,0.3406729643734446,0.5736518456237528,0.04331569315989903,0.02108577740409189,0.01564205285457573,0.005631666584235962
"Boise City MSA, ID, USA",7.86808223855305,0.6462754874641748,0.28408625606498966,0.024582471219593612,0.007015280701817935,0.03500030800560917,0.0030401965438146836
"Cape Coral-Fort Myers MSA, FL, USA",7.291930500774694,0.01984315187805185,0.9503754824963498,0.004789841897590532,0.0006636729851105148,0.002828944292266938,0.021498906450630503
"Colorado Springs MSA, CO, USA",5.075900803435725,0.6907261296240214,0.24235310880367705,0.0446257146419222,0.0014711382620620883,0.01674889130318637,0.004075017365130813
"Little Rock-North Little Rock-Conway MSA, AR, USA",7.368716607154434,0.4264931578006452,0.5274210794383241,0.02887317055071539,0.0005396854308544919,0.01160660979731443,0.005066296982146559
"Lakeland-Winter Haven MSA, FL, USA",7.199180685989768,0.03060297498202821,0.9437549866102113,0.007488802344595504,0.001358727851551081,0.006130074493044409,0.010664433718569535
"Akron MSA, OH, USA",7.8816013915709044,0.805252781539833,0.1402616104644186,0.02082254718760169,0.01681095815261179,0.012435926008468868,0.004416176647065875
"Ogden-Clearfield MSA, UT, USA",6.759745414654359,0.866102397914302,0.10637696616666466,0.015155037169722767,7.292649465129739e-05,0.009690107976791144,0.002602564277868182
"Madison MSA, WI, USA",6.888078276875467,0.6640415437966577,0.2130802649433885,0.08049285922164999,0.011700848197536445,0.02449569239076684,0.006188791450000534
"Winston-Salem MSA, NC, USA",6.895532941447915,0.2149258863366253,0.668787047488058,0.03447051524506484,0.056431780297650884,0.017722995044139295,0.007661775588461757
"Des Moines-West Des Moines MSA, IA, USA",6.944055883959541,0.6306650479911956,0.2989263629121011,0.0548351606661861,0.001141924959216966,0.009321294434538465,0.005110209036761638
"Provo-Orem MSA, UT, USA",6.750546593754114,0.8160831551723199,0.1540678123650119,0.018902382345382586,0.00033353928928792043,0.009710914389759805,0.0009021964382378182
"Deltona-Daytona Beach-Ormond Beach MSA, FL, USA",7.185806229500071,0.03562723491206305,0.9426001605487848,0.007491060351747843,0.0023462015617018318,0.0038495220024812407,0.008085820623221248
"Syracuse MSA, NY, USA",5.832273079473287,0.6233021868711365,0.17745846395882003,0.07343029849435449,0.06809199598290853,0.051229375174220534,0.006487679518559959
"Wichita MSA, KS, USA",6.904588829157137,0.6458112449479037,0.28883237805218404,0.04914184131438195,0.0015026745214958405,0.012033353794153413,0.0026785073698811566
"Springfield MSA, MA, USA",6.533374945336062,0.4485025213862512,0.19980771225368552,0.04904718420335804,0.25957752366994497,0.03492878901976055,0.008136269466999805
"Augusta-Richmond County MSA, GA-SC, USA",7.142481866622071,0.31973888344128537,0.6259017314163943,0.038426303165900226,0.0020209832382688487,0.009000050639671043,0.004912048098480299
"Palm Bay-Melbourne-Titusville MSA, FL, USA",6.543118106171451,0.09026733207778884,0.8825749926851482,0.008538801683034088,0.0005357356268312884,0.0047968943817816925,0.013286243545415972
"Toledo MSA, OH, USA",7.863542257207842,0.7230396982446163,0.20195606371645342,0.05539560387512288,0.0031870233661943034,0.013269898298033206,0.003151712499579823
"Spokane-Spokane Valley MSA, WA, USA",6.423900640479437,0.46531914438044775,0.4352311414684275,0.018427081772048846,0.013361026058283302,0.06254844442541128,0.005113161895381456
"Harrisburg-Carlisle MSA, PA, USA",7.778943970939556,0.33875941654559977,0.3672304455673546,0.048341185459546264,0.1880178637312861,0.0501836822329538,0.007467406463259455
"Durham-Chapel Hill MSA, NC, USA",7.056125460991396,0.3321556794806219,0.5824848097628091,0.058314255400317073,0.009180812174568117,0.012700279297521008,0.0051641638841626375
"Jackson MSA, MS, USA",7.3250695502599585,0.42078467984124074,0.4791872663137728,0.08437308854437343,0.003660796821177416,0.007427370434926566,0.004566798044509015
"Fayetteville-Springdale-Rogers MSA, AR-MO, USA",6.653925141497079,0.4494958198968364,0.435494361936585,0.06665758501466316,0.0006143362690280983,0.04451625944058254,0.00322163744230483
"Scranton--Wilkes-Barre--Hazleton MSA, PA, USA",6.311436141840996,0.5292237896344743,0.21196072841581132,0.06032588357192658,0.15036106526625362,0.044187267136662635,0.003941265974871488
"Chattanooga MSA, TN-GA, USA",7.245181830503476,0.2334356325149397,0.7058508531931748,0.0430466556267549,0.0032984736122110953,0.010907912736698088,0.003460472316221467
"Lancaster MSA, PA, USA",7.963300308358946,0.33070900328523506,0.3437727638923076,0.07819442233382008,0.18081826996830583,0.06271859366783893,0.0037869468524923833
"Modesto MSA, CA, USA",10.900610422581929,0.7016285193668703,0.24089634254314127,0.02987998880428646,0.00021705975426551007,0.021197598633666003,0.006180490897770574
"Portland-South Portland MSA, ME, USA",5.233039948269096,0.1251178711917455,0.08690948946433925,0.13136769639045381,0.5834538269694685,0.06899386989853912,0.00415724608545393
"Youngstown-Warren-Boardman MSA, OH-PA, USA",7.379211641729251,0.7601280252542967,0.14209049456331133,0.02586373202385122,0.0373991581901087,0.028275166608207582,0.006243423360224503
"Lexington-Fayette MSA, KY, USA",7.197608922093442,0.3839840310537702,0.5797356298487581,0.02310470285986795,0.0018955007506440864,0.008336153715982345,0.0029439817709770873
"Pensacola-Ferry Pass-Brent MSA, FL, USA",7.32274960941535,0.15151957006269792,0.8190263919845037,0.013091840773220455,0.00016143479075968022,0.008779969587768392,0.007420792801049804
"Huntsville MSA, AL, USA",7.161566917388141,0.20256573885982473,0.745878243617763,0.03806089147810336,0.0015440141018772172,0.006315245091571779,0.005635866850860062
"Reno MSA, NV, USA",8.155619213131503,0.6144396789315918,0.29549737780134316,0.04019654678222884,0.021045834667618522,0.02390164261453406,0.004918919202683606
"Santa Rosa MSA, CA, USA",7.792434547069872,0.6531489569512724,0.23022550692715915,0.059101107842841866,0.0010802790118089908,0.04859094448989434,0.00785320477702321
"Port St. Lucie MSA, FL, USA",6.40208299522773,0.02966106195630271,0.9380277650907617,0.007328964279265437,0.001880038662942012,0.003128086927889385,0.019974083082838663
"Myrtle Beach-Conway-North Myrtle Beach MSA, SC-NC, USA",6.182265293975486,0.060108948675487,0.8899102627415783,0.03574755934530564,0.0029585940634041653,0.004974733092634974,0.006299902081589964
"Lafayette MSA, LA, USA",7.674955343834366,0.22517690867094606,0.7558361656661094,0.011391074137763172,0.0002540961008423679,0.004233132914033492,0.00310862251030557
"Springfield MSA, MO, USA",6.56289578477037,0.4053177055658443,0.4322570327533114,0.11389113870503408,0.001134939100199648,0.04523248195704758,0.0021667019185629692
"Killeen-Temple MSA, TX, USA",7.196126101679704,0.12779792730161194,0.8369859049120374,0.020314414675147816,0.0005973016742920118,0.009359778813648,0.004944672623262744
"Lansing-East Lansing MSA, MI, USA",6.909708168608202,0.6958745294065128,0.1531732571632606,0.09209192915763138,0.018393182498385438,0.033320906689909946,0.007146195084299912
"Visalia-Porterville MSA, CA, USA",13.104054470635633,0.6817771484899748,0.20599917618049138,0.0710511220768541,0.001475308048365284,0.02931995703887113,0.010377288165443178
"Asheville MSA, NC, USA",5.6002472713261415,0.18433071161249204,0.6082624362193676,0.0665031883623436,0.09275430602924442,0.042854159862507034,0.005295197914045398
"York-Hanover MSA, PA, USA",7.699828489563199,0.5132461967488159,0.22530437345546095,0.07664883125127486,0.1350069150021534,0.04447706713220126,0.005316616410093625
"Vallejo-Fairfield MSA, CA, USA",8.06894968390005,0.6664454159694388,0.2660803221235441,0.02870118588412248,0.0006446623982140872,0.029298492291566277,0.008829921333114178
"Santa Maria-Santa Barbara MSA, CA, USA",7.046738068602019,0.7159541249039496,0.20263638364476794,0.02711061575225243,0.000718902697584263,0.011463126284481056,0.042116846716964695
"Fort Wayne MSA, IN, USA",7.773415007466007,0.6711093037641176,0.24860248802950896,0.05356365552475433,0.005406767623542368,0.016982061444706598,0.004335723613370314
"Corpus Christi MSA, TX, USA",7.464904644705799,0.167039088535138,0.8091998252882417,0.014908500001611136,0.0006411915927255805,0.0020800904226256495,0.006131304159657839
"Salinas MSA, CA, USA",7.072521715975951,0.4747916939150755,0.428975895735401,0.044715603529855305,0.0010078706232641173,0.02905898735930203,0.021449948837101992
"Salem MSA, OR, USA",6.403712190673215,0.4099846932768167,0.5150254457919585,0.014279733636851314,0.010930570273558643,0.04569122283710791,0.004088334183706844
"Shreveport-Bossier City MSA, LA, USA",7.612475084510432,0.4119849963208669,0.5618841940906574,0.015530124013663636,0.0008076143073361307,0.005820805341022625,0.0039722659264532665
"Reading MSA, PA, USA",7.741300784200735,0.41156405210383173,0.22261581232624297,0.06333052197544785,0.25020460437947045,0.04839284040858441,0.003892168806422422
"Manchester-Nashua MSA, NH, USA",5.821859300218537,0.37751120628640944,0.11323037463175038,0.1463017742530647,0.3061236835260034,0.05149144934637539,0.0053415119563968
"Brownsville-Harlingen MSA, TX, USA",8.240400143246989,0.06505526620256787,0.9070284641572026,0.01694183746195472,0.00045375109381383866,0.0018611485542872697,0.008659532530173607
"Salisbury MSA, MD-DE, USA",6.040057134276953,0.16487001014935723,0.5386246118921653,0.17476112976164035,0.08985484616816695,0.026910811768450425,0.004978590260219919
"Mobile MSA, AL, USA",7.587080087965873,0.35551257747468357,0.6210085293518576,0.012852769720843784,0.0006518705870276109,0.005379514553140475,0.004594738312447054
"Beaumont-Port Arthur MSA, TX, USA",7.366281598411091,0.33304412743891365,0.6372685512129833,0.01860333730150731,0.0005246060410403346,0.004734905806312749,0.005824472199242683
"Flint MSA, MI, USA",7.202726155073299,0.8152633334344015,0.12603620266213905,0.03733058427579515,0.0032867408507928765,0.013389527303599026,0.0046936114732724936
"Savannah MSA, GA, USA",7.00323771592584,0.22270378724296946,0.7554880927402452,0.013939886697440139,0.0004917645824590827,0.002399811162400324,0.004976657574485924
"Canton-Massillon MSA, OH, USA",7.603461787100156,0.760870352268202,0.1555277988969743,0.02559646645668157,0.033742442344592706,0.02202430517842711,0.002238634855122308
"Anchorage MSA, AK, USA",4.131313095991149,0.7742069297158285,0.1244752428164255,0.01569862530473321,0.05227974045648211,0.027253851604529748,0.006085610102001049
"Gulfport-Biloxi-Pascagoula MSA, MS, USA",7.656688471037085,0.16126374118908066,0.8001540931223815,0.02449191669901227,0.0004931258395774268,0.004918108373385533,0.008679014776562726
"Trenton MSA, NJ, USA",6.910004412646352,0.7485887655527519,0.16375424828974416,0.012456787782429238,0.06610557638169696,0.004704114824160924,0.004390507169216865
"Fayetteville MSA, NC, USA",6.709239448629782,0.1562052106322317,0.7796446673179506,0.04533493253587769,0.007216362959261122,0.004389462977531491,0.007209363577147396
"Montgomery MSA, AL, USA",7.57271312826361,0.36711081379950444,0.5683763600868288,0.05499733784761548,0.0003617796829990841,0.004368660323007818,0.004785048260044496
"Davenport-Moline-Rock Island MSA, IA-IL, USA",7.382527292970339,0.771345092522455,0.16752070376900838,0.048059479175286454,0.0011330579196292747,0.007625861728740854,0.004315804884880044
"Tallahassee MSA, FL, USA",7.100424626064023,0.08043649154597406,0.8714575033642895,0.030664996735640094,0.002964571702663445,0.0060290727885627315,0.008447363862870209
"Eugene MSA, OR, USA",6.592070877957712,0.17729016496694872,0.742713906720193,0.010611834613157952,0.0038871888181291935,0.06085899874668365,0.004637906134887367
"Ocala MSA, FL, USA",6.773332071287815,0.09463149522799565,0.8731044538706256,0.014110551431601268,0.002226935312831393,0.004540031813361617,0.01138653234358433
"Naples-Immokalee-Marco Island MSA, FL, USA",6.9362865424541065,0.03256157659195941,0.9183378961700445,0.007417144696504331,0.0008717784741903209,0.0015353710440963867,0.039276233023205036
"Ann Arbor MSA, MI, USA",7.67602524937011,0.768120668569099,0.17479277075689637,0.0362753091452642,0.005979073243647233,0.011020519092267957,0.003811659192825109
"Peoria MSA, IL, USA",7.628082103110299,0.7088800530152428,0.21322067594433328,0.0648707753479123,0.0012591119946984712,0.007455268389662068,0.004314115308151091
"Hickory-Lenoir-Morganton MSA, NC, USA",6.591474192197161,0.1369187443046739,0.717987838431488,0.04987990211575887,0.05333394216506873,0.03411613102284191,0.0077634419601687816
"Fort Collins MSA, CO, USA",6.913584804535758,0.7127121679709034,0.2213366582166865,0.04189628568279485,0.0007370770417722873,0.018991788823983117,0.004326022263859784
"Spartanburg MSA, SC, USA",6.920029845136833,0.26424872621649237,0.6595470664417715,0.037929452015892505,0.018364054641815723,0.012823305530752772,0.007087395153275208
"Huntington-Ashland MSA, WV-KY-OH, USA",6.919832595255352,0.42383467171804234,0.4955456029212417,0.05096412188817528,0.0038695334140283685,0.021759316139051334,0.00402675391946119
"Lincoln MSA, NE, USA",6.421139274872653,0.5912082185662173,0.35348767959502725,0.04351224596143838,0.0015484255192436587,0.0075634631132286394,0.0026799672448447965
"Rockford MSA, IL, USA",7.038352489742447,0.8311129665938563,0.12714612672118736,0.027568828883902198,0.0006038602324489131,0.0067841087843025895,0.0067841087843026
"Kalamazoo-Portage MSA, MI, USA",6.757095529688051,0.7058469136537082,0.14790958518970243,0.09042968604728989,0.016073248194455807,0.03202005251139857,0.007720514403445224
"Boulder MSA, CO, USA",6.735497958722079,0.7116195017501764,0.23287598423702185,0.030857776326679326,0.0007668886341030048,0.018701452532630645,0.005178396519388608
"Greeley MSA, CO, USA",6.830706867600132,0.7325157487604625,0.17089326333049862,0.06933005596024341,0.0013306835591418173,0.019834279111963483,0.00609596927769021
"Green Bay MSA, WI, USA",6.237104631964059,0.6962637806842902,0.17005726566792045,0.08031662450710472,0.012124018051819117,0.03270911736576934,0.008529193723096204
"South Bend-Mishawaka MSA, IN-MI, USA",7.1463649328044445,0.7744462112505324,0.14017507124076944,0.05780342270573211,0.006636018703654128,0.017239479194546353,0.0036997969047656404
"Lubbock MSA, TX, USA",5.403958886945563,0.4577976568737673,0.5145671408319896,0.018021541118769347,0.0010998680158381005,0.004505385279692388,0.004008407879943303
"Columbus MSA, GA-AL, USA",7.550162117163852,0.3153146348423057,0.6310824647095346,0.04284371485640446,0.0009147825503130452,0.004028400221562029,0.005816002819880186
"Roanoke MSA, VA, USA",6.243951737330191,0.3478048326272162,0.5287179725933873,0.04140478296630804,0.05177925725902796,0.027654918757856427,0.002638235796204038
"Evansville MSA, IN-KY, USA",7.810027987834707,0.5651268151016445,0.3970416263310755,0.02598257502420148,0.0015411423039690265,0.008154888673765756,0.002152952565343661
"Aguadilla-Isabela MSA, PR, USA",7.421995397519325,0.00044154808167066393,0.04566612575261894,0.007898017775686269,7.208948272174106e-05,0.0024958914497809426,0.9434263274575215
"Kingsport-Bristol-Bristol MSA, TN-VA, USA",6.304226619077969,0.10774175058235576,0.823135756270668,0.026644021310302596,0.012445908192680714,0.02475794386208239,0.005274619781910627
"Clarksville MSA, TN-KY, USA",7.336804907042396,0.2213079334724699,0.7161639100094683,0.04506881682863382,0.0029788446863478974,0.008458447874814999,0.006022047128265014
"Kennewick-Richland MSA, WA, USA",6.1764704694266905,0.20817362833419878,0.7621432982717554,0.008616717804942619,0.00337218535256002,0.014449422121143762,0.0032447481153993233
"Gainesville MSA, FL, USA",6.764839589759152,0.17561032401354146,0.7867224301911115,0.017920151886944652,0.0007880926367072101,0.008651107807490531,0.010307893464204528
"Olympia-Tumwater MSA, WA, USA",5.062860554502243,0.32015782673976095,0.5768095953070981,0.04183979887565915,0.00542965885680366,0.052978455951674296,0.0027846642690038063
"Utica-Rome MSA, NY, USA",5.451590248257921,0.5513455384321868,0.14126635850381994,0.06891168792874672,0.1666420945822888,0.0666048028307033,0.005229517722254455
"Ponce MSA, PR, USA",8.023828479863113,0.000596597509677461,0.10856881827443535,0.009488245110241546,0.0,0.007547431987506916,0.8737989071181388
"Crestview-Fort Walton Beach-Destin MSA, FL, USA",7.2066911125839574,0.19206551930479546,0.7716023471201335,0.01712111604311976,0.0006073218001732628,0.007484348066841109,0.011119347664936939
"Wilmington MSA, NC, USA",6.027797451761176,0.06953443629381248,0.8804317333667944,0.029895578396466164,0.0076892347206954014,0.006215503172529858,0.006233514049701709
"San Luis Obispo-Paso Robles-Arroyo Grande MSA, CA, USA",6.354933663208694,0.668976495926585,0.1917595280456972,0.07952991853169751,9.364172675344153e-05,0.04492930049630119,0.014711115272965652
"Merced MSA, CA, USA",11.745846960078184,0.5185130730966198,0.39909088681418425,0.033522017202087744,0.0006616187605675218,0.04171873851356318,0.0064936656129775325
"Duluth MSA, MN-WI, USA",5.071809552379083,0.48928668294006034,0.17673582858692705,0.1886272714944403,0.06861947382695897,0.06787360998101394,0.00885713317059935
"Waco MSA, TX, USA",7.263181688358218,0.2722937769166673,0.672693323160632,0.042845813297461094,0.0008131468784194803,0.006987039844197023,0.004366899902623145
"Hagerstown-Martinsburg MSA, MD-WV, USA",7.252044849429771,0.17362612356354543,0.5949671938407851,0.04695263018166648,0.13025751886828263,0.04893427390298503,0.005262259642735231
"Sioux Falls MSA, SD, USA",5.715064328345514,0.6217884828349943,0.27662421557770445,0.06981358434846789,0.0066445182724251635,0.015522332964193423,0.00960686600221482
"Cedar Rapids MSA, IA, USA",6.8758904349393,0.7195023717891351,0.16982905217935965,0.08614517139532872,0.002998299471941283,0.01658462364629019,0.004940481517945083
"Bremerton-Silverdale MSA, WA, USA",5.454446010141001,0.2653391768292681,0.5754192073170734,0.058860518292682955,0.03243140243902437,0.0638528963414634,0.004096798780487802
"Fort Smith MSA, AR-OK, USA",6.9769321762438405,0.3964387558466962,0.5178776736309625,0.04658553138259891,0.0019233842320356407,0.03467841236009024,0.0024962425476164987
"Atlantic City-Hammonton MSA, NJ, USA",5.9709486287251226,0.7245284084061276,0.1576406638867442,0.025296170879438917,0.06565223201026091,0.018884261249840134,0.007998263567588258
"Erie MSA, PA, USA",6.20735990918021,0.7847438476589411,0.10118407877936077,0.04292630051166177,0.031168186954005604,0.03675329089389229,0.0032242952021385137
"Santa Cruz-Watsonville MSA, CA, USA",7.0806976596358115,0.5908502028834786,0.22798410866081423,0.09538227191957399,0.001451153887061548,0.05516428055092308,0.029167982098148623
"Amarillo MSA, TX, USA",5.442875106292096,0.5933254956975342,0.38144258602463804,0.014265814406101458,0.0019363570800525552,0.0040801809901107496,0.004949565801562925
"Norwich-New London MSA, CT, USA",5.760355286964108,0.1445466536244874,0.20346041505485596,0.07558318308697454,0.5268305289239859,0.04488430746369386,0.004694911846002316
"College Station-Bryan MSA, TX, USA",7.279134722005963,0.3126602481593969,0.629604077639913,0.04803583380528258,0.00025742676208618664,0.0036142717396900575,0.005828141893631257
"Laredo MSA, TX, USA",8.496913650648617,0.13797945070662765,0.8429409371842486,0.006456099833348634,0.002230766202579811,0.004028501318776483,0.006364244754418869
"Lynchburg MSA, VA, USA",6.423209313643661,0.0692334794863765,0.7849201378014403,0.04119362668336992,0.06023919511431275,0.036280535546508105,0.008133025367992507
"Tuscaloosa MSA, AL, USA",7.446143120414349,0.2609033604497626,0.6858788704800044,0.03927978193279107,0.0013096809915243447,0.010083478853443524,0.002544827292474136
"Yakima MSA, WA, USA",7.2137958129080015,0.22967767852923013,0.6786001228791542,0.022862611654615048,0.014024764875466663,0.05136112292641425,0.0034736991351197936
"Fargo MSA, ND-MN, USA",5.439148783868746,0.441301286720079,0.46832726389900414,0.05264384559359035,0.01323622238407363,0.013129400339888062,0.011361981063364739
"Binghamton MSA, NY, USA",5.798326985741969,0.5440318904358292,0.15743929272696777,0.08798484414930854,0.14137566972875412,0.062024529586470284,0.0071437733726701196
"Appleton MSA, WI, USA",6.512836719852635,0.7095749319932727,0.1480781610150129,0.08359117054633798,0.02148181988080646,0.030026787382934867,0.007247129181635061
"Charlottesville MSA, VA, USA",6.598204971709926,0.17575506556072634,0.6486751610406888,0.09219919997384096,0.03921654114030962,0.04086237152168449,0.003291660762749726
"Prescott MSA, AZ, USA",5.373429149501403,0.5066099640156267,0.30303846671926266,0.1344603305944155,0.0018665691688956418,0.051927184559432196,0.0020974849423672694
"Champaign-Urbana MSA, IL, USA",7.3916390982698035,0.5832130730050922,0.3463073005093387,0.053873089983022385,0.002281409168081502,0.0093060271646859,0.005019100169779313
"Macon-Bibb County MSA, GA, USA",7.463256055924714,0.2955396348509355,0.6337069563207769,0.056216778368384714,0.0016293043679223508,0.006470996071180961,0.0064363300207996394
"Tyler MSA, TX, USA",7.231802529186317,0.3840633456611711,0.5728750393307284,0.03185379740325254,0.0031091862434501835,0.006316686676416568,0.001781944684981331
"Topeka MSA, KS, USA",6.717919698468357,0.6352289651989658,0.2096662541167603,0.12354471271842468,0.0019089173711480923,0.027144385475446318,0.0025067651192549087
"Daphne-Fairhope-Foley MSA, AL, USA",7.361364631892469,0.09396719807317333,0.8763160912948736,0.0197270329166188,0.00036701456589058264,0.0046794357151049215,0.004943227434338783
"Barnstable Town MSA, MA, USA",5.12111534463844,0.612694880519504,0.11045685699557768,0.03964550802926407,0.2152084132280859,0.018489027212280577,0.003505314015287703
"Bellingham MSA, WA, USA",5.3094539482672705,0.40557359762592693,0.4361852019488326,0.09336394383836856,0.011946825768752447,0.04925779484291189,0.00367263597520759
"Rochester MSA, MN, USA",6.252388037049227,0.6508341314564442,0.16213778203443532,0.146791545092099,0.005534890972670767,0.02761877185558067,0.00708287858876985
"Burlington-South Burlington MSA, VT, USA",5.610328997937068,0.4832127756782935,0.0978235355509699,0.12029183432456106,0.21068308821438467,0.08608089493237003,0.0019078712994207512
"Medford MSA, OR, USA",8.61686139566442,0.3458146579185631,0.5463355203594613,0.016866554148456923,0.009936624677255323,0.07808465691260456,0.002961985983658776
"Lake Charles MSA, LA, USA",7.574776518003802,0.266926992496867,0.7128702242120365,0.014572993225335312,0.0,0.002429033017137333,0.003200757048623674
"Claremont-Lebanon MSA, NH-VT, USA",4.822165403166494,0.030981083122512798,0.06849651943230071,0.24648566797743815,0.4722372277149055,0.17779395155345962,0.004005550199383103
"Las Cruces MSA, NM, USA",5.782537391970957,0.5877547445986019,0.3216568876434007,0.058724181502008116,0.0014512153928915455,0.02689752667859324,0.0035154441845045206
"Longview MSA, TX, USA",7.169124114777433,0.29417133585173555,0.6575945034606898,0.03515199148137822,0.0002408538904241568,0.009304566082701629,0.003536749233070518
"Hilton Head Island-Bluffton-Beaufort MSA, SC, USA",6.87757032672749,0.14893213773824013,0.8130323023892164,0.028725080252543715,0.002013716966157704,0.0028192037526207805,0.004477558901221247
"Athens-Clarke County MSA, GA, USA",7.06678136698369,0.25930842965543244,0.6810469775769465,0.03856131931841701,0.0018878725503331153,0.01490810323617892,0.0042872976626919706
"Lafayette-West Lafayette MSA, IN, USA",7.7876625355771525,0.5538700660272767,0.3300881970215448,0.09746252831461759,0.0015422429996626399,0.013169309364306709,0.0038676562725914404
"Lake Havasu City-Kingman MSA, AZ, USA",7.35563459684477,0.32217319297919417,0.5791964024317537,0.06388044308426472,0.00158949320384519,0.027311359576880356,0.005849108724061836
"Chico MSA, CA, USA",10.306878509469197,0.47662148853350805,0.3108849599024528,0.1039136144069784,0.0015359002016601786,0.10063077428129279,0.006413262674107782
"Charleston MSA, WV, USA",6.627732750915323,0.5080218175179144,0.4510589255557081,0.019580994112008813,0.0037313432835821034,0.01604363503582998,0.0015632844949564143
"Springfield MSA, IL, USA",7.541206617455522,0.7253298270636482,0.20870476020680945,0.05482260652522781,0.0007799964343020158,0.006262257086824765,0.004100552683187755
"Johnson City MSA, TN, USA",6.106089997497219,0.15085187238623052,0.764404275428536,0.03829520169900924,0.015908274314671036,0.02731000433460999,0.00323037183694337
"Houma-Thibodaux MSA, LA, USA",7.840676101866811,0.32340631858316776,0.6583728882764249,0.0068774562343694255,0.0032664727198489295,0.0019394681774103021,0.006137396008778649
"Elkhart-Goshen MSA, IN, USA",7.235854345300686,0.8149222768877106,0.13265492059487338,0.027599063678286687,0.0012194609141751847,0.021754061365515928,0.001850216559438213
"Jacksonville MSA, NC, USA",5.964973686087607,0.03005227738786352,0.9200242613291743,0.02816047136296683,0.005386592727377747,0.005040002310602774,0.01133639488201483
"Yuma MSA, AZ, USA",8.652363879810705,0.17630232686066408,0.7048655041531428,0.04472193189944472,0.00034380328950987576,0.012101875790747644,0.061664558006491066
"Gainesville MSA, GA, USA",7.2491976235129005,0.2846775033089938,0.6666914531312734,0.03390788358293298,0.0013384690887999885,0.00817953332044437,0.005205157567555513
"Warner Robins MSA, GA, USA",7.293976153370375,0.14072956664838163,0.8288123971475592,0.018883708173340653,0.0004936917169500832,0.0077207899067471344,0.0033598464070214006
"Hilo MSA, HI, USA",3.5732580979740236,0.008417131172796275,0.22608610403069898,0.04359821853729597,0.000672250077028654,0.043920338365872044,0.6773059578163082
"Florence MSA, SC, USA",6.397511518689994,0.08938076074256812,0.8465922367908603,0.04229520965857463,0.01020381669479427,0.00681552641827861,0.004712449694924079
"St. Cloud MSA, MN, USA",5.828862298515421,0.5090583264660119,0.28982720506481185,0.1361822914622828,0.019817132990621242,0.03508221167052542,0.010032832345746803
"Bend-Redmond MSA, OR, USA",5.911519631619455,0.3893405942341394,0.46545399538630217,0.02764436712929692,0.009555143768357055,0.1051948215658838,0.002811077916020624
"Racine MSA, WI, USA",7.2009658482942385,0.7809210526315792,0.15394736842105228,0.03309716599190283,0.01567560728744943,0.01262651821862346,0.0037322874493927174
