longname,Architecture and engineering occupations %,Computer and mathematical occupations %,"Life, physical, and social science occupations %","Arts, design, entertainment, sports, and media occupations %",Community and social service occupations %,"Educational instruction, and library occupations %",Legal occupations %,Health diagnosing and treating practitioners and other technical occupations %,Health technologists and technicians %,Business and financial operations occupations %,Management occupations %,Construction and extraction occupations %,"Farming, fishing, and forestry occupations %","Installation, maintenance, and repair occupations %",Material moving occupations %,Production occupations %,Transportation occupations %,Office and administrative support occupations %,Sales and related occupations %,Building and grounds cleaning and maintenance occupations %,Food preparation and serving related occupations %,Healthcare support occupations %,Personal care and service occupations %,"Firefighting and prevention, and other protective service workers including supervisors %",Law enforcement workers including supervisors %
"New York-Newark-Jersey City MSA, NY-NJ-PA, USA",0.01477047854742768,0.036291117235843766,0.010900920506832884,0.03350997763494901,0.019643053755437075,0.07348968133269068,0.019349357689419762,0.04461527585394897,0.017024064957538453,0.06735924842879497,0.11470147197695092,0.043785425031061975,0.0010849101181632488,0.02131196400406814,0.025768949738100455,0.028773781763053924,0.04156749882134512,0.1094907758904221,0.09448459484568535,0.03599453103625233,0.04370474606962794,0.043432245173900395,0.030977087191283784,0.015769122449428016,0.012199719947773125
"Los Angeles-Long Beach-Anaheim MSA, CA, USA",0.02158875657233369,0.028976625679614443,0.00907247929787737,0.04322233578119345,0.01700406069785415,0.0534046805841203,0.014943489845648701,0.035208434342608376,0.0161812911634007,0.05965936122223247,0.10914601645116713,0.04640222933209954,0.003155534264732332,0.023442720624029904,0.03570519991204407,0.053107074588540255,0.03585754048394251,0.11399455057615793,0.10143872848617277,0.039961704976633435,0.05463878269393944,0.03643836249477074,0.029150779986304082,0.012651450680906331,0.005647809261675873
"Chicago-Naperville-Elgin MSA, IL-IN-WI, USA",0.018321062798924245,0.03714752288238142,0.009368734741494087,0.02101127758674426,0.01685416196997998,0.06099923144322601,0.015272162362392289,0.04353130782318056,0.01647767732690708,0.06954883308912936,0.11439462460557906,0.03962599062825516,0.0014484423885792103,0.025539639256147394,0.04143705431821294,0.05557674950734938,0.04243017988015836,0.11036822195810665,0.10057183049715843,0.03115398821622732,0.04942805424341562,0.03033189137058502,0.027052630966242382,0.012883557299635463,0.009225172839988152
"Dallas-Fort Worth-Arlington MSA, TX, USA",0.02160820027461974,0.0455498120264157,0.006154152099070797,0.017598979820455992,0.013385962302475915,0.05868524672814794,0.010874455556793016,0.03501882591602883,0.016229515474427903,0.07032478502005915,0.11862910258417249,0.05939918548674089,0.001352070201727931,0.03048778113285747,0.04327663101905543,0.04540754350288407,0.03909191143732499,0.11594910629146414,0.10386355098600017,0.031847120529218204,0.04886456477903863,0.02349896972146764,0.025219172708535607,0.010681302670831904,0.007002051730185216
"Houston-The Woodlands-Sugar Land MSA, TX, USA",0.03047783841995369,0.029467274011496136,0.011396809723977276,0.015927048518403212,0.012790949900975096,0.061074469717623175,0.011732608852906678,0.03903610595296433,0.017658922656596833,0.06151950221866,0.1090116961906892,0.07192016523533981,0.0015991470721628677,0.033625526318046,0.0353756633749605,0.05098813435810468,0.0424379862987813,0.10326865738750099,0.10321288800777854,0.03737639346015864,0.05196474734798799,0.024320551940798237,0.024084076527505723,0.011241956707962283,0.008490879798666627
"Washington-Arlington-Alexandria MSA, DC-VA-MD-WV, USA",0.02256651896734943,0.08447192142727332,0.022910975230115083,0.029105349933523584,0.017139410130728092,0.06335313466336655,0.030189116494593854,0.03374342801472701,0.012909038324632308,0.09400277921508769,0.14015134977492127,0.04373525693239354,0.001227792450689387,0.02051594875715534,0.018646355707242053,0.017799428274500956,0.029340197076132103,0.09327672150552181,0.07450291057068198,0.03196920995940387,0.042167243743720766,0.021362183037058047,0.0273825027167531,0.01617533434371718,0.011355892748711788
"Philadelphia-Camden-Wilmington MSA, PA-NJ-DE-MD, USA",0.019239926378031128,0.0395147972772051,0.0157243542691219,0.01991304522464608,0.021402134415160864,0.06789171273438514,0.016575308653172874,0.05346662684532761,0.02095641182952936,0.071448099556805,0.11454131064467075,0.038165968173593155,0.0023102423551774024,0.025553897772747244,0.032829282419029736,0.038988093117149375,0.03467598624220223,0.11306226316938488,0.09408244960840592,0.028651281031329336,0.04567846686979022,0.035575205644610114,0.026432709818400162,0.012782455633434572,0.010537970316689769
"Miami-Fort Lauderdale-West Palm Beach MSA, FL, USA",0.012580403764674352,0.023476711609222514,0.005886846940375497,0.0199055869213288,0.01390987233907684,0.048074146369398524,0.0173944650447128,0.041809036603578986,0.01838057804544983,0.054356271107956426,0.11389631680044451,0.0567243547198779,0.003559131944455992,0.031976471805060455,0.028807683352825336,0.02891677935449717,0.046139812677283454,0.11674508381052148,0.12051614087178332,0.05244915390475977,0.055450128018031314,0.031778964670534864,0.031066003950127773,0.01701230372250638,0.00918775165151606
"Atlanta-Sandy Springs-Roswell MSA, GA, USA",0.01952441222127173,0.046410845548238155,0.009736224829543965,0.023280751243116498,0.014445035844988645,0.06265956867074529,0.013418952766496477,0.03662571810584035,0.01603785085636912,0.07027489983339102,0.12442524188816692,0.04466311879380499,0.0016919102440901082,0.028280068749690617,0.03918948888921197,0.04409800989738833,0.0424692428119378,0.11121717713920058,0.10680723692643007,0.031354109148463115,0.04888212189725619,0.02055115814412986,0.024587548910589126,0.011722734034027614,0.007646572605611531
"Boston-Cambridge-Newton MSA, MA-NH, USA",0.028043116416231386,0.054399831314350486,0.026435216789615894,0.025250593032158885,0.01908910290397861,0.07415130307758058,0.01642603777168246,0.05075154607675071,0.017364823814562096,0.0765255290851567,0.1322450033039201,0.03976665151044425,0.0014495369674596926,0.01968948648355091,0.020634078037256934,0.033742581865128386,0.027213232107592206,0.09642710559031892,0.08845853134632274,0.030131662240794926,0.04690882517806964,0.028713006849221602,0.027443060911663347,0.011307901140990425,0.007432236185198091
"Phoenix-Mesa-Scottsdale MSA, AZ, USA",0.02314428745310906,0.03824654863586099,0.007466689534296566,0.01842521366212531,0.01543040000560019,0.05213075850820216,0.010258932157517124,0.03995155795937864,0.017982007492065657,0.06610378462192772,0.10954848973013022,0.05021792793021406,0.003259949825386372,0.03199441026453202,0.0355943119103891,0.03897851697002732,0.0350587893515012,0.12977584180733606,0.10945354823071952,0.03879213411864986,0.05344987657605142,0.02811012163887401,0.02518312333907066,0.012762412616631328,0.008680365660403451
"San Francisco-Oakland-Hayward MSA, CA, USA",0.03145351770693614,0.07489591618473182,0.021675519075308895,0.03495617092464135,0.016165886079481367,0.055779304865638146,0.018313037041206213,0.03991866331530367,0.013624471739118038,0.07936653708391175,0.14371127097966457,0.03541166781797198,0.0023290814044246025,0.0179507281706045,0.023546578172455673,0.029703937531214364,0.028929867098517376,0.09207326270190272,0.08915251535780226,0.03241137457199189,0.04619838634239579,0.030465608690741643,0.026009270118908575,0.010801668505679969,0.005155758519446785
"Riverside-San Bernardino-Ontario MSA, CA, USA",0.01323787602168198,0.017945543827321542,0.0061949156741422555,0.015343987977406917,0.018485565910513205,0.054852683331023104,0.005741793854223181,0.033871023530047575,0.020118063049976855,0.04056444822672378,0.08587368105623022,0.06359516308919144,0.006081715323601477,0.03704107962172052,0.06785852798282381,0.0522491252823344,0.04884470586102307,0.1172117439674222,0.10341498573267685,0.041563859786935706,0.056640166484098295,0.038994647443919166,0.026430030682951442,0.01488381257004312,0.012960853711967653
"Detroit-Warren-Dearborn MSA, MI, USA",0.044202751086520366,0.03470070555038268,0.006535463061416362,0.019360623229369156,0.01519971139320936,0.04673613767448352,0.01158665329913416,0.046220321196273374,0.020378152769608013,0.05922762787192592,0.10521820378597588,0.03947891887223637,0.001722261594514152,0.02736918923335727,0.04052608783030506,0.07914583091508033,0.03395322653347473,0.11150111141694745,0.09511147351577992,0.03211537039313562,0.05357710060700804,0.03494499300359514,0.02362111404049659,0.01042779369267311,0.007139177433097476
"Seattle-Tacoma-Bellevue MSA, WA, USA",0.03190972448887181,0.08130800424049094,0.012345681836700474,0.0250982007110383,0.017132000966053076,0.05448848072073792,0.012078655870403797,0.03962072669451865,0.014543169905508727,0.0678612395075074,0.1281672341821981,0.044982055790286544,0.0027950611877834803,0.02579005144325523,0.03185841307374014,0.04082269730375299,0.03506079287911777,0.09739821624057181,0.08801602885137855,0.026965197633119317,0.050045255069617135,0.030486024894794544,0.025812168787976,0.010385705036948727,0.005029212683628513
"Minneapolis-St. Paul-Bloomington MSA, MN-WI, USA",0.02609090799416093,0.047537590129851384,0.012913752820013665,0.024314952808753447,0.019466640393454842,0.06121340014235816,0.012802158692880861,0.04405052499507333,0.01729658702934415,0.07865676863621898,0.12109923231283329,0.037821863601816025,0.0025912960602246407,0.02535147123284368,0.030430512046133694,0.06119379576867258,0.031225243194768954,0.10487133498747431,0.09604182668527249,0.027293309580204837,0.04658702934422863,0.034107588802786026,0.024707542958712234,0.006662470995580505,0.005672198786338484
"San Diego-Carlsbad MSA, CA, USA",0.03313939499623989,0.044881164567628806,0.019180361399019956,0.024066890796822404,0.016665374811189446,0.054914859450266904,0.013716035431863765,0.0396080301678576,0.017621582135517396,0.06520104228727107,0.1141818151624387,0.04569091388010493,0.0038750060654464064,0.024280866715681533,0.027271634510300024,0.042170473568839115,0.028555438643069503,0.10022475238535146,0.10230200314850846,0.038535806832633926,0.060415383931642815,0.03228036179265942,0.030466160394872408,0.012269686965881843,0.008484959958892119
"Tampa-St. Petersburg-Clearwater MSA, FL, USA",0.015028766909219815,0.037608728138417966,0.0067262369141119814,0.01820227134411838,0.013381486656939254,0.051772050661951625,0.014128409444986069,0.04843316545651158,0.022667054728037095,0.06616515064216033,0.11069458302552297,0.04704452098495757,0.0042619294090621655,0.031225031349359993,0.02900892104109914,0.034475268361470926,0.03586059785431494,0.12684075377143203,0.1157421574350531,0.035978079834131746,0.05880102041180725,0.029832001323355437,0.026377794910408252,0.011696557369329348,0.008047462022241143
"Denver-Aurora-Lakewood MSA, CO, USA",0.030042898937626593,0.052459987999545946,0.01259106605353247,0.024430352396432285,0.015824984322048027,0.052380569848848924,0.01415779119529139,0.04116673417820108,0.014548045933250377,0.07761663806436939,0.1357484551131981,0.051448614488464224,0.0026096112368540767,0.025367332207207393,0.028440072233853284,0.032399809451458,0.0341751126531481,0.105952102021947,0.10169734517489688,0.027690182773713944,0.050689984947317475,0.023349647476481987,0.026210117838642126,0.011808893373414871,0.007193650080255987
"Baltimore-Columbia-Towson MSA, MD, USA",0.024827143210938443,0.05866604891391512,0.01771544487799719,0.02109171509765026,0.019298294618115004,0.06916942576949758,0.016217963256373324,0.04992789107309946,0.019367929807003078,0.07110108856486788,0.1245227778917496,0.037058711309987204,0.001338310315902971,0.027674271333433847,0.030785975828821296,0.028554357064752775,0.033289529081371436,0.1112101786524958,0.08782954930787527,0.026728313383194473,0.04302059903447765,0.026913225175705574,0.025963056394325102,0.015461304211859537,0.012266895824590387
"St. Louis MSA, MO-IL, USA",0.02036032596392199,0.04113580670961086,0.01119001811778066,0.018513064601632233,0.016657996910113024,0.06069917742579874,0.012478062440698592,0.04928987242329067,0.021894624490725968,0.06617354321477427,0.10842849366942127,0.04612688975263181,0.0021282892145626487,0.027784145061467792,0.03781953611953048,0.05338748560264527,0.03409165907915169,0.11539883600534584,0.09783317590569358,0.030182817133899437,0.05311852207736238,0.03089461242639879,0.025599082543415263,0.010512286807374618,0.008301676302752223
"Orlando-Kissimmee-Sanford MSA, FL, USA",0.019063639128074978,0.031649813505367864,0.005185667050305473,0.023955225891382763,0.01362315381861711,0.05084509590327671,0.010965653424072212,0.04048453961423149,0.01947165628019212,0.05484905289980819,0.1085756737094541,0.05104371557355284,0.0027806753838633086,0.027310204662943056,0.03207784659324924,0.029807577571374217,0.045970445701000326,0.12585327549240996,0.11784382181198177,0.04451852051440962,0.06836211907172257,0.02434399695141911,0.03057280219251482,0.013921083324031065,0.006924743930744893
"Charlotte-Concord-Gastonia MSA, NC-SC, USA",0.020000871367928042,0.04153304187057706,0.005870627308767487,0.017908339863686878,0.018085988696003752,0.05566120775688435,0.010267326564744633,0.037821115719312286,0.017333381010593767,0.07377001622981787,0.1218908853807217,0.04791353611832346,0.002867280358496824,0.03188573820299021,0.04138404124385154,0.06014233164179762,0.03542580898928778,0.1069313186650565,0.10914723751549964,0.03014393900642732,0.049814818335346366,0.023367665828420082,0.024430391094539476,0.01011985774460987,0.006283233486315628
"San Antonio-New Braunfels MSA, TX, USA",0.015580266064172368,0.0328044647523984,0.007190308384899425,0.015732013691008156,0.01533662681886395,0.06234298335834354,0.009304658652143827,0.04276669645416402,0.02165691547657182,0.05498743866866778,0.09874386686674966,0.06286145441669887,0.001751842047581307,0.03460351717277312,0.035657320136909885,0.040529262000707764,0.03888701546139693,0.12511507528368304,0.10540643072720862,0.037970628403783464,0.06347940447486917,0.03234416361766323,0.02530391677485707,0.010585240014163173,0.00905849027972144
"Portland-Vancouver-Hillsboro MSA, OR-WA, USA",0.035104165285621027,0.041066382996644335,0.01130286740168189,0.028095342451224022,0.018664977956562023,0.05360926690068395,0.012868095779186644,0.04421789663565562,0.01712236623224489,0.06388034698625268,0.12085403601975064,0.043871627876507044,0.0063240841620257554,0.02535482799255369,0.03464871268349702,0.0521820780960833,0.03486630048485435,0.10758507955992648,0.09344733166386068,0.026463043998749058,0.05527744004442157,0.03426111004093629,0.02458040259202442,0.009530969607117572,0.004821246551935257
"Sacramento--Roseville--Arden-Arcade MSA, CA, USA",0.023561332147516614,0.042980131553404535,0.014498864595701304,0.020270239766689114,0.01714708790241388,0.0592974488390888,0.01459818425602804,0.042431164703598444,0.01839490399851925,0.06515460008035828,0.10859069916526262,0.04595972136320722,0.005268456527333224,0.026998695300825666,0.034018789473921854,0.032835079704027596,0.03502101513721921,0.11748793491853626,0.09741272284848781,0.03220756003196283,0.05723972605831882,0.03659207158238809,0.028675391748342074,0.01319416542140883,0.010164012875439589
"Pittsburgh MSA, PA, USA",0.024751849474186103,0.03823309991054997,0.010893674009862582,0.01827448406206752,0.022084869424939587,0.05766693037058153,0.013972090780356399,0.05777823173734368,0.021653099926430427,0.0632594729189114,0.10568894029235722,0.04654813093856239,0.0016773744106082051,0.02953821926259575,0.03284963369720526,0.04864443663083144,0.03603010592627756,0.11177050583455701,0.0970554531265487,0.028996252705926713,0.053399314225596024,0.03597207468348942,0.02421075891655835,0.010972851504540297,0.00807814522911659
"Austin-Round Rock MSA, TX, USA",0.032212071081170926,0.06794806192692833,0.010431001220455328,0.03244473589645498,0.014737370274875596,0.06402919156842593,0.014630559736898342,0.03432344218072363,0.01438381911428387,0.07678766893038706,0.13592593144585105,0.049212334381567024,0.0014382163136950974,0.02254778736588651,0.02291955427714114,0.030037772842965507,0.030081656242289277,0.10427358070322666,0.10212909005701588,0.029093037774498814,0.05057437573794489,0.01942875405921447,0.02386014940227496,0.008917437938109452,0.007632399527715271
"Las Vegas-Henderson-Paradise MSA, NV, USA",0.011367505423514033,0.022075815210735157,0.004349919081658839,0.02252943446264978,0.010483430455952573,0.04610991438345938,0.010124395643798814,0.033067878317238966,0.015633456686201447,0.044146804684747805,0.0886458881502382,0.05188246065091025,0.0009709382285664075,0.029854902807400305,0.036553025378226314,0.030159225829462896,0.0475646930401653,0.11785164750328621,0.11119490993354819,0.05863186960049326,0.09990350896336359,0.023721012268078503,0.05088932403342051,0.023532222553584583,0.008755816709298682
"Cincinnati MSA, OH-KY-IN, USA",0.023784629339445695,0.03610241313414135,0.011497624162301073,0.01810778490815766,0.01752389642814139,0.05674943399027574,0.009593876141411509,0.05073040375209466,0.020828976801069793,0.06395253575072228,0.11194726355458631,0.03920290622569956,0.0014303004626750472,0.02646780058714734,0.04505718033463591,0.06415531252517727,0.033736985849983,0.11631330097957442,0.09807697008046781,0.029699555430027006,0.05514079859649525,0.028204076718420127,0.022278287586349955,0.011742042595796216,0.007675644065203621
"Kansas City MSA, MO-KS, USA",0.021345553682247068,0.04182390501129959,0.008925816981741247,0.01828478674175865,0.016214980091114578,0.05481310757972527,0.012155181690999764,0.0479777235714033,0.02057699895971585,0.06837805359256802,0.11452631201348798,0.04685852136169525,0.0024034150016142095,0.02813520106180708,0.04176830361947048,0.053584496179646536,0.03621085482655932,0.11494601284212737,0.10162678910930183,0.029840011478996776,0.04914086881658771,0.02543853355813033,0.025389209742798718,0.010834200236754365,0.008801162248448633
"Columbus MSA, OH, USA",0.019570445769216207,0.04718569983932511,0.010094957683404961,0.019334457351085382,0.018114876580822916,0.05949857992125739,0.012586663520154454,0.05074396270645524,0.020851789133286516,0.0719442034883887,0.1152572965129948,0.03329556904090056,0.0018372067083395175,0.02463866578048118,0.04900078263346491,0.049600893806133674,0.03550427314184483,0.11621046848310085,0.0921654610669802,0.02938608903584908,0.05019547400025282,0.02939715099294886,0.023346260459310656,0.012428108801722747,0.007810663542278305
"Indianapolis-Carmel-Anderson MSA, IN, USA",0.020332800109953413,0.033657976016401484,0.01123777817652877,0.017275673942175253,0.019120639562629646,0.05614498585494529,0.01163865016855715,0.051656174001351016,0.019538691782887717,0.06590430994658861,0.11124293224499623,0.04345166056450407,0.001841147791958888,0.02851917886144717,0.05342382859477207,0.06049826479694938,0.03600784945538668,0.1183116417044323,0.09388899281866485,0.02924647518984132,0.050594817679600466,0.026248525363743717,0.022421152296996354,0.010069522656903241,0.007726330417784983
"Cleveland-Elyria MSA, OH, USA",0.0203365297036613,0.03291855882161532,0.009442223943943258,0.01739257270217077,0.016810208940497926,0.05646242069769207,0.012968225985130817,0.053777497245363674,0.022788829634412627,0.05980488922788184,0.10725660762854279,0.03661760873224115,0.0018185827911680868,0.026287430639444574,0.03772971207915374,0.0690441773574111,0.03469051783238302,0.12134807556656473,0.09646562723986454,0.03277001329066319,0.054687846177368805,0.033204143770671206,0.02508417113530977,0.010548372239602193,0.009745156617241471
"San Juan-Carolina-Caguas MSA, PR, USA",0.014239486275472328,0.014541573824405357,0.00821140966647455,0.013250967425299727,0.014461022426911637,0.06206653489515815,0.01217314419328807,0.04705125790037498,0.021201455164502635,0.05893149484808976,0.0750766745307725,0.045337267383963264,0.0032272467253789306,0.03610963238291254,0.03005991006048638,0.046967666669823945,0.030591803929163823,0.14802316375449234,0.11720341929357964,0.053394775253226695,0.05659878708185998,0.02233226304736991,0.02402566570012194,0.029684444943818864,0.01523893262305219
"Nashville-Davidson--Murfreesboro--Franklin MSA, TN, USA",0.015698513056255827,0.0353844850198264,0.008310977500370745,0.029205416242178546,0.015742807456095596,0.06087013459720027,0.011561801279915577,0.04535650251418875,0.019484721320820506,0.06303767142414234,0.11769118329600331,0.04771084615784594,0.0017236299068084328,0.02778125499515669,0.040712330983162216,0.0580468480682824,0.037323809395419856,0.11607828938879627,0.10236724679491462,0.03010574806500886,0.05515808286134093,0.02111879950621393,0.022561256266213137,0.00931434194891505,0.007653301954923731
"San Jose-Sunnyvale-Santa Clara MSA, CA, USA",0.06835657331981727,0.12666163199407646,0.018097626512324706,0.020765835836654006,0.011806205911630195,0.05552333475169514,0.011496202810357075,0.03237906621563536,0.010663571314843983,0.06710217277518066,0.13543251220959276,0.038132812673780464,0.004377402673712204,0.018259313328846907,0.019477633847066744,0.039868410809801,0.020772357213442595,0.0839868362509534,0.07635587483398613,0.02876100720945153,0.04259977103601191,0.030978164028232984,0.024039758587877862,0.010178252434260524,0.0039276714207682525
"Virginia Beach-Norfolk-Newport News MSA, VA-NC, USA",0.02689616588429863,0.03997614796911667,0.008799814926327119,0.01722007156086476,0.020800150323743355,0.06594286139573564,0.00957700720431846,0.0415769563523009,0.021485321358829763,0.05687619970687872,0.09878284654643389,0.049758620078768315,0.0016052139719064204,0.038455129819710575,0.033685847940194406,0.04728925447948213,0.03515576957472014,0.11445981393079596,0.0966523874079772,0.03271467832415554,0.05737369214167371,0.028996962744193465,0.028650674473322913,0.01637614758443749,0.010892264299813775
"Providence-Warwick MSA, RI-MA, USA",0.020824895559379573,0.029787612905841577,0.009789109979720137,0.01997983695117078,0.022715580847819602,0.06723375560475534,0.009727402625908118,0.04422269041318001,0.02083303153272089,0.05300136791117597,0.10093030296076361,0.05120592380155399,0.0028224004777633606,0.028888955675490394,0.03333517308883933,0.05466904323180354,0.034441678333154896,0.11443944060569379,0.09847457403153755,0.03568512868251027,0.055936438166663306,0.04014476611247184,0.026940761548064084,0.014032601021438407,0.009937527930579854
"Jacksonville MSA, FL, USA",0.014343085866259412,0.03724155609731319,0.006009329748118183,0.020933188429403445,0.016356431625015714,0.05077423024237568,0.010946566230797778,0.04604794112699287,0.01967952021489925,0.06474749066090586,0.11008114798091308,0.0440612975666286,0.0031642105094512657,0.035118731325150025,0.04183833955049525,0.03365144552351003,0.04001724962016102,0.12872996333788253,0.10756713600230747,0.03263142154493584,0.06029089374928206,0.026221558820937654,0.025825031174816604,0.013874462284479914,0.009847770766967292
"Milwaukee-Waukesha-West Allis MSA, WI, USA",0.0263589341500583,0.03387728640207195,0.009123064730910726,0.020426027352410905,0.018055917670287927,0.060147075247122095,0.011277391328710515,0.05204301641331201,0.01934750410266587,0.06365183514254992,0.10577006522923055,0.03571584717279748,0.002142190354289077,0.025196781302918175,0.03773069130826191,0.08102497736746644,0.031375752757039736,0.11130577782517183,0.09446077303806119,0.029657702607247934,0.050384993861287496,0.040304447831197604,0.02326881799617165,0.009962004702317853,0.007391124106440577
"Oklahoma City MSA, OK, USA",0.02131346336474525,0.03084666520563959,0.009210314851340497,0.016033311417926778,0.017136386879976602,0.060949667616334455,0.01341076776974226,0.0477755862371249,0.021300314120826985,0.056028928336621445,0.0990853970341149,0.0587157571772958,0.0028972167433705884,0.038458616407334195,0.038086054496310584,0.046786470889034926,0.03676382496895325,0.11962451603477174,0.1010460954050697,0.03273577324859372,0.057529403170428955,0.025949302359558567,0.028964862298195487,0.010910950398129882,0.008440353568558696
"Raleigh MSA, NC, USA",0.028631373143837464,0.0717244084186211,0.018154806907290783,0.02160754437450876,0.017288804036572274,0.06263187247656267,0.013483099064044027,0.0414127341252895,0.01889584490654519,0.08180054233772649,0.1362637382690604,0.042475061959583074,0.0019232851517834858,0.02315249416975563,0.02559093703626476,0.034899666910749645,0.027544496055272923,0.0992649313015186,0.10362877216312055,0.027309264898446404,0.04488225271333602,0.021759089639201104,0.020352702127890625,0.008610431716024852,0.006711846096993882
"Memphis MSA, TN-MS-AR, USA",0.013938188568649737,0.02243810859411222,0.007532147340563905,0.013152984019633409,0.019135725676027206,0.058898419412324474,0.00897976724986147,0.045415843359770294,0.02105511457362266,0.051167547463676064,0.09546213165262991,0.04121677623447565,0.0023556136470489378,0.03262799561190201,0.07697589615912137,0.05894527318171019,0.048671372508469916,0.12339828773707605,0.09156357491029134,0.03587544652450091,0.051422819724467585,0.027475696626690176,0.02401013333936513,0.015881812174548118,0.012403323709461374
"Richmond MSA, VA, USA",0.01691875179568431,0.042109279315551744,0.011344572482946987,0.019693446839321213,0.021092125764740666,0.06464313809096904,0.0137540531009138,0.04407262978438589,0.01955964675624081,0.07079351040996751,0.11436004301949551,0.04754759639381315,0.001803186941463574,0.028329645416070293,0.03808700909886076,0.037542451602891186,0.037039625806365696,0.11212301894005307,0.09971920816175893,0.029569235429876713,0.049246565438692116,0.027089819825168424,0.025894682423413046,0.015429454458723705,0.012237302702631873
"Louisville/Jefferson County MSA, KY-IN, USA",0.017487751036450755,0.027837644507003188,0.005997954019275297,0.01634477082708376,0.016378614117266994,0.051555637599895766,0.011775926652360184,0.04860050303435862,0.02255501457568982,0.05467691195360388,0.10093607463983775,0.04245794586611913,0.002207505518763807,0.03150964149187379,0.06363307720115997,0.08569890240056646,0.04195952650160366,0.11890378506434021,0.09445816123251123,0.029083692918291503,0.049585035112413696,0.024745598449361913,0.024176415841736503,0.01045296167247388,0.006980947765958276
"New Orleans-Metairie MSA, LA, USA",0.02132659666292153,0.017907329195099637,0.01048492048773142,0.022702532980517626,0.0204474727453674,0.0632440486576946,0.020317734230703224,0.0515556958075507,0.022338923722314167,0.04929039305808477,0.10239952005158792,0.060828585434602754,0.004078227783326309,0.030841783141349718,0.027393604537060478,0.03631654159166348,0.04227085658046306,0.10573170932914941,0.10119936731198613,0.03833431691183603,0.06613235360180048,0.027733314595194302,0.029433571971583358,0.015377428159147537,0.012313171451263583
"Salt Lake City MSA, UT, USA",0.02081175338485952,0.050192150925818184,0.011967294502706055,0.02193952915361644,0.014576808271990111,0.05571304235901255,0.010439587381169816,0.036652712484600405,0.01778851752649351,0.0640472439979649,0.11208191084442187,0.055590458036321955,0.0011676156736315007,0.02976347354936774,0.0369178010824194,0.056151281312633014,0.03652399894577462,0.1362417485427796,0.094734696879616,0.029843153359116886,0.04295201436688265,0.021879769296304752,0.0259403749854431,0.010644916121677206,0.005438147015378226
"Hartford-West Hartford-East Hartford MSA, CT, USA",0.030053421903158507,0.04137921370660957,0.009716749217782657,0.02009822725467722,0.020850804555650127,0.07166717226880456,0.013981637964159873,0.047752645492786086,0.01955204311348404,0.07266709128308477,0.11261931102949693,0.03956734639161878,0.0010771991571883331,0.023110208431484567,0.028201231217098697,0.05055933305517131,0.03153290354332678,0.11043371702933291,0.09588718575736177,0.03033554841146283,0.04683814072050477,0.03551745803629953,0.027120310569156373,0.01069673323587267,0.008784366654426256
"Birmingham-Hoover MSA, AL, USA",0.017561857991505024,0.026482938014003882,0.007573761485376648,0.016459336581099895,0.018524228375163754,0.0597660038457442,0.013839446721119936,0.05375445913850139,0.024163905691439926,0.05946327762797186,0.10102272875917732,0.04966765519857573,0.002319032322564127,0.03675507393433835,0.040845615234977144,0.06145902824884031,0.03713628472708829,0.11215072028284379,0.10786209886440229,0.03136393110549248,0.049622806870016904,0.026740815903217443,0.022411083516931215,0.013286317335560767,0.009767592224047283
"Buffalo-Cheektowaga-Niagara Falls MSA, NY, USA",0.021316898023804747,0.023320658166294365,0.00815463232591674,0.0155918690452631,0.022020157756354103,0.0753283056741399,0.014404455627491515,0.04991553815272392,0.023053843544146413,0.05688982499787955,0.09764178281643113,0.038013132226965556,0.0019507506149105212,0.02671856888411402,0.03217501625625514,0.05890772101439001,0.0303267507279977,0.1293043736394231,0.10176769104633723,0.03298076107545732,0.05571478046987647,0.034922676769104675,0.02518836052133102,0.012439569138559856,0.011951881484832196
"Rochester MSA, NY, USA",0.023581934766261574,0.03458809207337576,0.01188379072538378,0.018773600254721433,0.023374117513101072,0.07943599482159165,0.011961757453856895,0.051293476045257705,0.023428291399000958,0.04970668022058217,0.11048698391239525,0.03784572787962053,0.005137204807706329,0.028534418378436264,0.028269698037952644,0.05639898704850626,0.03198065420055891,0.11183324713478446,0.09401054792133826,0.030516051889651057,0.05205361048114592,0.03564760313373929,0.026862366265509217,0.013776694696480076,0.008618468939042485
"Grand Rapids-Wyoming MSA, MI, USA",0.027447158744584404,0.028326781784138305,0.0071464809603585784,0.018968468616436824,0.0202295049656727,0.050936013811176656,0.006734043601563603,0.04744307086987805,0.01750486347593452,0.05409864187662638,0.10302174238359595,0.0415539763706242,0.007245027939893626,0.029387074286173293,0.04308145455341804,0.1018556031257643,0.035429464086925405,0.10977038553768317,0.09804876980520567,0.03322128176771368,0.05301462510174066,0.02846547753311361,0.024238907077498165,0.007044284092692541,0.005786897631587607
"Tucson MSA, AZ, USA",0.02918172324444312,0.031458234109211385,0.011861014860678426,0.02029633966765563,0.018555092873778184,0.06826255467340152,0.010062964532747213,0.043496213825980186,0.020289785413726405,0.04808200682516295,0.09264437929030529,0.04852551134104406,0.002125763024394937,0.032908908978890955,0.03145823410921129,0.032847735942217654,0.029850257145229188,0.1270673209268588,0.09756006973726242,0.0425065214826596,0.06422731900427758,0.03728933535495649,0.02866830668664992,0.01500050249280128,0.015773904456455753
"Urban Honolulu MSA, HI, USA",0.020312465706537625,0.025961703255592695,0.0100224583713915,0.022234392624605578,0.016989857239096035,0.06929820572170396,0.011168337051439681,0.04217763417081363,0.017233702928298525,0.05102993929654703,0.09831228807230509,0.051413053501487886,0.004107864901226348,0.030087338366037022,0.028667228641132674,0.023215990018959475,0.040055882511308386,0.12689080751315174,0.10483903836811256,0.04296077542788117,0.07134089841095209,0.028921304691652504,0.029750128111589603,0.02154161946503516,0.011467085633141963
"Tulsa MSA, OK, USA",0.02147187498681582,0.024325932051081637,0.0053600583889870865,0.015962047158388542,0.01907345452704502,0.055802827478262984,0.01090152764828227,0.042568271660668726,0.02271643793427864,0.05214929692740634,0.10462555530711126,0.055695246613312224,0.0026325670481920096,0.03952858486864596,0.038176441056233204,0.0721698849517574,0.03199370546468614,0.12150942281811354,0.10072100273803726,0.03457142736604069,0.05429669536896031,0.02882534352046781,0.026509190780952756,0.011344507680429996,0.007068695655842534
"Fresno MSA, CA, USA",0.012166023887727759,0.015218957309425714,0.00888213569181156,0.013960734945715671,0.02305460692430414,0.06314820036363487,0.00966160805479825,0.03594233673772047,0.018057221534322772,0.03868192439387602,0.08201994253573167,0.044947167153335466,0.06978683427629155,0.029984954409380284,0.04765607419260455,0.04688555116858271,0.04010433423144598,0.11083182805689633,0.0981026537374161,0.040094711115853304,0.05304615641784679,0.05007869354299818,0.023586256317042326,0.011870113083260582,0.012230979917976626
"Worcester MSA, MA-CT, USA",0.025300094570370437,0.038441141538976556,0.0157724826436149,0.01704686375212478,0.022781578740419466,0.06971993861999844,0.007658385205887151,0.04579101359675948,0.0220395340443252,0.05487904469811075,0.11516614340417047,0.04492193407497454,0.0032081334551254535,0.02855863867061079,0.03224466504142741,0.0553085433944915,0.034164302407410724,0.10436011751729571,0.09217485638007182,0.03130904346809115,0.04718839667935002,0.03983852462156729,0.030175812165903527,0.010806025886874453,0.011144785422047979
"Omaha-Council Bluffs MSA, NE-IA, USA",0.016893006267247043,0.04495884856432584,0.00979106494927484,0.016205137694393273,0.018642847373629354,0.06414072745118533,0.010935501259081142,0.05044570665422328,0.01773976845780667,0.0674976065391764,0.10879586796141497,0.05174501395850208,0.0040648607770099295,0.02984786438932569,0.03575508660707833,0.05006355744708183,0.03372567318599825,0.12013966547865289,0.09493591961189703,0.0291539618816222,0.04974577021167031,0.02855861364312901,0.028242837719333422,0.010179248091265232,0.00779584382567561
"Bridgeport-Stamford-Norwalk MSA, CT, USA",0.016902461371695487,0.03706348327129596,0.009683514230226033,0.026576039784674186,0.017288011986742135,0.06595440915701473,0.018480146432976602,0.040720313982675886,0.017748114601709747,0.08627370658006918,0.14180135285915443,0.05110725393284415,0.0011055087598298504,0.02005604886009073,0.020656359527583667,0.030479866516353486,0.025798191241200107,0.09449121304310845,0.11153552516040854,0.04743800506461032,0.04232703574324449,0.031554437531039085,0.030554386222177234,0.00900494635339012,0.005399667785885351
"Greenville-Anderson-Mauldin MSA, SC, USA",0.03041638367936119,0.022524822057329426,0.0066752269713193,0.017741354136726062,0.018672555441878173,0.06285223813279738,0.010919498834672458,0.04865744765112304,0.021146148052327177,0.04649623736721037,0.10072632868525391,0.04771746705148293,0.0020904498636959814,0.03430282548166007,0.03771936155688588,0.09216901515229016,0.03336271699429515,0.0996445185150634,0.10667133691356388,0.03764368341701528,0.05537842625251889,0.02681294229104118,0.02377981984412146,0.009117187145487742,0.006762008510879524
"Albuquerque MSA, NM, USA",0.02859603377748008,0.031452288113293266,0.016295481185560862,0.02040044972848842,0.020998492931129414,0.06754299930626977,0.017221252063249,0.05012080472693378,0.020795158242231476,0.052792861756333284,0.09991866612444099,0.05049876803100262,0.0035643374877401095,0.032019233069397,0.02825395306556951,0.027344927397554963,0.03289237614525276,0.11830490634643395,0.09719876563882947,0.03598306341650125,0.05740975528072144,0.03842307968327647,0.02573260292323531,0.015470181565916325,0.010769561993158386
"Bakersfield MSA, CA, USA",0.018015269984854494,0.01732085527460479,0.008599040361487646,0.010434390671977307,0.01857591582084411,0.0620503722445942,0.005324775382957758,0.02696832876587892,0.014726890548471892,0.02780506656726957,0.07392574228947782,0.06580580884559256,0.08899698930029018,0.03722680412164916,0.052908416046277155,0.045040228897304684,0.04782931592589188,0.10454741092394641,0.08528652695609909,0.03897294441206797,0.05243585095064796,0.040993995078217535,0.02712157233029624,0.01246783572143424,0.016619652577866375
"Knoxville MSA, TN, USA",0.023469980206006085,0.025551841452064107,0.014016069205668016,0.017560989432782514,0.017262220236383612,0.0593032887061984,0.009854641112968408,0.047705712103880166,0.025046803005791204,0.04858773591407826,0.09948031944621437,0.05513714384019591,0.003715645482199586,0.03223377425413282,0.03627435971173571,0.06385361658593,0.03657780728909679,0.1151774868775881,0.1050929341456182,0.037006945905740295,0.05714549655099664,0.029630316493660422,0.021345399253835714,0.010070418865923162,0.008899053921311422
"Albany-Schenectady-Troy MSA, NY, USA",0.031640855576400936,0.03937595109462266,0.01584574683809287,0.020544421725426427,0.021442235982817606,0.07280428747504394,0.016291345088051336,0.05184723244595525,0.01922710872474751,0.0689641382638857,0.10665388475405803,0.037477764109134275,0.0031946276048935127,0.027407879893599836,0.027667146345292597,0.033988152222343804,0.033055332220932564,0.12439679946878751,0.08970203586962353,0.03065974787561787,0.047855540458669084,0.028483924678897935,0.028202686756386014,0.011726694624701054,0.011544459902018
"McAllen-Edinburg-Mission MSA, TX, USA",0.006236513314865901,0.009375778438710812,0.0027641139379169792,0.010399190873922192,0.015873396978982542,0.07868270913178031,0.004882967836037921,0.03271018220342798,0.01946284352594098,0.027767190177641596,0.07424692150936803,0.08817253353101295,0.01272512822667535,0.03609254529575428,0.036527720671430564,0.039856061992983166,0.04654575794044996,0.10238326045396279,0.12236531322122814,0.06075648486339995,0.05450196429160942,0.07031233587135627,0.020561286198337917,0.010948412210120656,0.015849387303083138
"El Paso MSA, TX, USA",0.012259466593226189,0.016616812593220724,0.0061597275431712695,0.01102424898496742,0.0133556199674426,0.07823590202243012,0.007220433171455297,0.03602854361572475,0.02027338392362919,0.03733465671584824,0.0821924158184204,0.05837153055186685,0.0016442300613245964,0.03909341026403094,0.034280697066289945,0.04386249546677845,0.05514033217264688,0.12959968587843673,0.10793020611500855,0.03686020227029185,0.06185358990230073,0.044124263436740856,0.023946315752160118,0.018132885419251395,0.024458944693336034
"New Haven-Milford MSA, CT, USA",0.021682052723599844,0.026400799065298117,0.01548747005795189,0.018395425772859384,0.02059278734806724,0.08052801386511867,0.012598112376369349,0.053386334306837945,0.024220906960834544,0.05315749614093972,0.10801449770515079,0.04495916539957793,0.001393790622345643,0.029143822279406154,0.0315536624755641,0.05224718740093542,0.03283485010519155,0.10630574290575874,0.09275321568878003,0.030933501761483323,0.04796377836139933,0.04151876116062271,0.03316276324202142,0.01168657609714691,0.009079286176739122
"Allentown-Bethlehem-Easton MSA, PA-NJ, USA",0.020170028454590597,0.027472562499337515,0.010716133988740285,0.01601895411247806,0.017704383247884304,0.062085362853390606,0.007212754648149001,0.04545406910432156,0.022385607547856325,0.04856495422954654,0.09883477794679651,0.04163095589004223,0.0027399368164929905,0.03294553769503558,0.05933845242338873,0.06574495380355919,0.04530280571762144,0.11135185637702782,0.09609672963150222,0.03624097564083645,0.05000032006989292,0.03756039736201556,0.026576710246043557,0.009188864097689493,0.008661915595760588
"Baton Rouge MSA, LA, USA",0.025497404623747,0.021206620503982396,0.012877451330321601,0.015378496619382261,0.020146034530231786,0.06617444599679748,0.014379098297963471,0.041008474489848026,0.02025056343629855,0.053337786434697526,0.09960584953956275,0.06445864224599518,0.0035131910380485263,0.033785782029186445,0.033630263412843336,0.05405164237856787,0.03876747672319716,0.10909758410752658,0.10590307875870675,0.03217195769893639,0.05494651179391993,0.03238356499658378,0.021453920598823194,0.013122201939648566,0.01285195647518333
