longname,Architecture and engineering occupations %,Computer and mathematical occupations %,"Life, physical, and social science occupations %","Arts, design, entertainment, sports, and media occupations %",Community and social service occupations %,"Educational instruction, and library occupations %",Legal occupations %,Health diagnosing and treating practitioners and other technical occupations %,Health technologists and technicians %,Business and financial operations occupations %,Management occupations %,Construction and extraction occupations %,"Farming, fishing, and forestry occupations %","Installation, maintenance, and repair occupations %",Material moving occupations %,Production occupations %,Transportation occupations %,Office and administrative support occupations %,Sales and related occupations %,Building and grounds cleaning and maintenance occupations %,Food preparation and serving related occupations %,Healthcare support occupations %,Personal care and service occupations %,"Firefighting and prevention, and other protective service workers including supervisors %",Law enforcement workers including supervisors %
"New York-Newark-Jersey City MSA, NY-NJ-PA, USA",0.014770478547427779,0.03629111723584363,0.010900920506832938,0.03350997763494915,0.019643053755437078,0.07348968133269167,0.01934935768942016,0.04461527585394921,0.017024064957538644,0.0673592484287953,0.11470147197695184,0.043785425031062114,0.0010849101181632536,0.021311964004067836,0.02576894973810038,0.028773781763054236,0.04156749882134412,0.10949077589042025,0.09448459484568539,0.03599453103625249,0.04370474606962756,0.0434322451739,0.030977087191283812,0.01576912244942802,0.012199719947773148
"Los Angeles-Long Beach-Anaheim MSA, CA, USA",0.021588756572333737,0.028976625679614582,0.009072479297877377,0.043222335781193645,0.017004060697854102,0.053404680584120005,0.01494348984564873,0.035208434342608244,0.016181291163400825,0.05965936122223258,0.10914601645116753,0.04640222933209933,0.0031555342647323387,0.023442720624029956,0.03570519991204424,0.053107074588539784,0.035857540483942685,0.11399455057615683,0.10143872848617326,0.03996170497663377,0.0546387826939393,0.03643836249477043,0.029150779986304304,0.012651450680906529,0.005647809261675877
"Chicago-Naperville-Elgin MSA, IL-IN-WI, USA",0.018321062798924048,0.03714752288238122,0.009368734741494281,0.02101127758674456,0.016854161969980096,0.06099923144322562,0.01527216236239224,0.043531307823180765,0.016477677326907303,0.06954883308912907,0.11439462460558139,0.03962599062825505,0.0014484423885792188,0.025539639256147266,0.04143705431821351,0.0555767495073486,0.04243017988015827,0.11036822195810635,0.10057183049715758,0.031153988216227044,0.04942805424341547,0.03033189137058506,0.027052630966242473,0.01288355729963554,0.00922517283998808
"Dallas-Fort Worth-Arlington MSA, TX, USA",0.02160820027461979,0.04554981202641521,0.006154152099070815,0.017598979820456086,0.013385962302475862,0.058685246728148475,0.010874455556793049,0.03501882591602886,0.016229515474427882,0.07032478502005908,0.11862910258417272,0.05939918548674138,0.0013520702017279394,0.03048778113285725,0.04327663101905541,0.0454075435028847,0.03909191143732487,0.11594910629146199,0.10386355098600135,0.03184712052921814,0.04886456477903855,0.023498969721467828,0.02521917270853567,0.010681302670831914,0.007002051730185149
"Houston-The Woodlands-Sugar Land MSA, TX, USA",0.030477838419953784,0.029467274011496104,0.01139680972397734,0.01592704851840326,0.012790949900975098,0.06107446971762377,0.011732608852906707,0.039036105952964674,0.01765892265659673,0.0615195022186601,0.10901169619068873,0.07192016523533917,0.0015991470721628703,0.03362552631804574,0.035375663374960516,0.050988134358104426,0.042437986298780886,0.10326865738750249,0.10321288800777877,0.037376393460158745,0.051964747347987145,0.024320551940798373,0.024084076527505632,0.011241956707962346,0.008490879798666615
"Washington-Arlington-Alexandria MSA, DC-VA-MD-WV, USA",0.02256651896734937,0.08447192142727329,0.022910975230115184,0.029105349933523712,0.01713941013072816,0.06335313466336705,0.030189116494593653,0.033743428014726976,0.012909038324632204,0.09400277921508877,0.1401513497749199,0.04373525693239344,0.0012277924506893896,0.02051594875715532,0.01864635570724193,0.01779942827450092,0.02934019707613216,0.09327672150552221,0.07450291057068224,0.031969209959403395,0.04216724374372061,0.021362183037058034,0.027382502716753066,0.016175334343717155,0.011355892748711778
"Philadelphia-Camden-Wilmington MSA, PA-NJ-DE-MD, USA",0.01923992637803106,0.03951479727720511,0.015724354269121856,0.019913045224646125,0.021402134415160787,0.06789171273438498,0.01657530865317276,0.05346662684532714,0.020956411829529252,0.07144809955680403,0.11454131064467164,0.0381659681735934,0.002310242355177411,0.025553897772747563,0.032829282419029764,0.03898809311714924,0.034675986242202285,0.1130622631693856,0.0940824496084055,0.028651281031329502,0.04567846686979005,0.03557520564461009,0.02643270981840044,0.012782455633434636,0.010537970316689784
"Miami-Fort Lauderdale-West Palm Beach MSA, FL, USA",0.012580403764674357,0.02347671160922258,0.005886846940375491,0.019905586921328842,0.013909872339076838,0.048074146369398656,0.01739446504471281,0.04180903660357892,0.018380578045449708,0.054356271107956225,0.11389631680044361,0.05672435471987769,0.0035591319444559784,0.031976471805060296,0.028807683352825308,0.028916779354497327,0.04613981267728358,0.11674508381052245,0.12051614087178256,0.05244915390476002,0.05545012801803163,0.03177896467053481,0.031066003950127756,0.01701230372250649,0.009187751651516047
"Atlanta-Sandy Springs-Roswell MSA, GA, USA",0.01952441222127176,0.046410845548237836,0.009736224829544006,0.023280751243116477,0.014445035844988706,0.06265956867074464,0.01341895276649645,0.03662571810584059,0.016037850856369128,0.07027489983339126,0.12442524188816687,0.04466311879380522,0.0016919102440901077,0.028280068749690454,0.03918948888921197,0.04409800989738828,0.04246924281193787,0.11121717713920184,0.10680723692642961,0.03135410914846335,0.04888212189725571,0.02055115814412997,0.024587548910589015,0.01172273403402766,0.00764657260561155
"Boston-Cambridge-Newton MSA, MA-NH, USA",0.028043116416231355,0.05439983131435042,0.026435216789616068,0.02525059303215878,0.019089102903978816,0.07415130307758071,0.016426037771682375,0.05075154607675051,0.01736482381456198,0.07652552908515713,0.13224500330391945,0.03976665151044424,0.0014495369674596944,0.01968948648355084,0.0206340780372569,0.03374258186512811,0.027213232107592182,0.09642710559031968,0.08845853134632266,0.03013166224079495,0.04690882517806985,0.028713006849221297,0.02744306091166348,0.01130790114099047,0.007432236185198039
"Phoenix-Mesa-Scottsdale MSA, AZ, USA",0.023144287453108963,0.038246548635861286,0.007466689534296632,0.018425213662125517,0.015430400005600236,0.05213075850820216,0.010258932157517135,0.03995155795937904,0.017982007492065605,0.0661037846219272,0.10954848973012989,0.05021792793021406,0.0032599498253863945,0.0319944102645324,0.035594311910389226,0.03897851697002736,0.03505878935150143,0.12977584180733615,0.10945354823071922,0.03879213411864975,0.05344987657605076,0.02811012163887404,0.02518312333907066,0.012762412616631476,0.008680365660403444
"San Francisco-Oakland-Hayward MSA, CA, USA",0.03145351770693586,0.07489591618473176,0.021675519075308857,0.0349561709246412,0.016165886079481214,0.05577930486563798,0.018313037041206195,0.03991866331530359,0.013624471739117948,0.07936653708391239,0.14371127097966496,0.03541166781797205,0.0023290814044246047,0.017950728170604474,0.023546578172455562,0.029703937531214468,0.028929867098517248,0.09207326270190332,0.0891525153578019,0.032411374571991676,0.046198386342395786,0.030465608690741854,0.026009270118908502,0.01080166850567995,0.005155758519446755
"Riverside-San Bernardino-Ontario MSA, CA, USA",0.013237876021682107,0.017945543827321594,0.006194915674142257,0.015343987977406973,0.018485565910513337,0.054852683331022944,0.005741793854223219,0.03387102353004774,0.020118063049976948,0.04056444822672477,0.08587368105622946,0.0635951630891918,0.006081715323601494,0.03704107962172058,0.06785852798282405,0.05224912528233463,0.04884470586102323,0.117211743967421,0.1034149857326767,0.04156385978693552,0.05664016648409762,0.038994647443919894,0.026430030682951498,0.014883812570043089,0.012960853711967651
"Detroit-Warren-Dearborn MSA, MI, USA",0.04420275108652016,0.03470070555038301,0.006535463061416367,0.019360623229369257,0.015199711393209364,0.0467361376744836,0.01158665329913413,0.046220321196273347,0.020378152769608093,0.05922762787192571,0.10521820378597646,0.03947891887223606,0.0017222615945141526,0.027369189233356985,0.04052608783030482,0.07914583091508008,0.03395322653347458,0.11150111141694702,0.09511147351578023,0.03211537039313573,0.053577100607008085,0.034944993003595416,0.0236211140404967,0.010427793692673113,0.007139177433097442
"Seattle-Tacoma-Bellevue MSA, WA, USA",0.031909724488871895,0.08130800424049059,0.01234568183670042,0.02509820071103831,0.017132000966053065,0.05448848072073793,0.012078655870403784,0.03962072669451902,0.014543169905508779,0.06786123950750818,0.12816723418219653,0.044982055790286635,0.0027950611877834816,0.025790051443255076,0.031858413073740134,0.04082269730375338,0.03506079287911771,0.09739821624057236,0.08801602885137808,0.026965197633119577,0.050045255069617295,0.030486024894794492,0.025812168787975945,0.010385705036948654,0.005029212683628514
"Minneapolis-St. Paul-Bloomington MSA, MN-WI, USA",0.026090907994160913,0.04753759012985133,0.012913752820013754,0.024314952808753804,0.019466640393454752,0.06121340014235791,0.012802158692880898,0.044050524995073774,0.017296587029344227,0.07865676863621923,0.12109923231283352,0.037821863601816066,0.002591296060224636,0.025351471232843658,0.030430512046133614,0.06119379576867241,0.03122524319476895,0.10487133498747331,0.09604182668527239,0.02729330958020501,0.046587029344228675,0.03410758880278603,0.024707542958712185,0.006662470995580471,0.005672198786338466
"San Diego-Carlsbad MSA, CA, USA",0.03313939499624003,0.04488116456762884,0.019180361399020004,0.024066890796822574,0.016665374811189394,0.054914859450266924,0.013716035431863786,0.03960803016785774,0.017621582135517334,0.06520104228727112,0.11418181516243786,0.045690913880104746,0.0038750060654464103,0.024280866715681693,0.027271634510299972,0.042170473568839295,0.02855543864306959,0.10022475238535132,0.10230200314850846,0.03853580683263384,0.060415383931642794,0.03228036179265954,0.030466160394872613,0.012269686965881915,0.008484959958892173
"Tampa-St. Petersburg-Clearwater MSA, FL, USA",0.015028766909219823,0.03760872813841804,0.006726236914112033,0.01820227134411839,0.013381486656939496,0.0517720506619514,0.014128409444986103,0.048433165456511745,0.02266705472803706,0.06616515064216037,0.11069458302552206,0.047044520984958135,0.0042619294090621585,0.031225031349360208,0.02900892104109915,0.03447526836147073,0.03586059785431503,0.12684075377143125,0.11574215743505302,0.03597807983413176,0.05880102041180725,0.029832001323355672,0.02637779491040871,0.01169655736932932,0.008047462022241183
"Denver-Aurora-Lakewood MSA, CO, USA",0.03004289893762643,0.05245998799954624,0.012591066053532518,0.024430352396432282,0.01582498432204798,0.05238056984884888,0.01415779119529141,0.04116673417820139,0.01454804593325037,0.07761663806436968,0.1357484551131979,0.051448614488463947,0.002609611236854081,0.025367332207207348,0.028440072233853367,0.03239980945145802,0.03417511265314815,0.1059521020219475,0.10169734517489636,0.02769018277371407,0.05068998494731726,0.02334964747648187,0.02621011783864223,0.01180889337341492,0.0071936500802559705
"Baltimore-Columbia-Towson MSA, MD, USA",0.02482714321093849,0.0586660489139146,0.017715444877997272,0.021091715097650395,0.019298294618114973,0.0691694257694975,0.016217963256373345,0.04992789107309962,0.019367929807003106,0.07110108856486816,0.12452277789174938,0.03705871130998703,0.00133831031590297,0.02767427133343376,0.030785975828821234,0.028554357064752792,0.03328952908137134,0.11121017865249594,0.08782954930787545,0.026728313383194435,0.04302059903447756,0.026913225175705727,0.025963056394325213,0.01546130421185949,0.012266895824590377
"St. Louis MSA, MO-IL, USA",0.020360325963921986,0.041135806709610936,0.011190018117780476,0.018513064601632375,0.01665799691011296,0.06069917742579907,0.01247806244069851,0.049289872423290394,0.021894624490725725,0.06617354321477412,0.10842849366942182,0.04612688975263162,0.002128289214562636,0.027784145061467747,0.03781953611953051,0.05338748560264507,0.03409165907915121,0.1153988360053452,0.09783317590569386,0.030182817133899125,0.05311852207736356,0.030894612426398734,0.02559908254341561,0.010512286807374567,0.008301676302752158
"Orlando-Kissimmee-Sanford MSA, FL, USA",0.019063639128075044,0.03164981350536773,0.005185667050305436,0.023955225891382756,0.01362315381861713,0.05084509590327684,0.010965653424072241,0.04048453961423133,0.019471656280192307,0.054849052899808695,0.1085756737094533,0.05104371557355279,0.0027806753838633064,0.02731020466294319,0.03207784659324924,0.029807577571374134,0.04597044570100041,0.12585327549241127,0.11784382181198108,0.04451852051440955,0.06836211907172249,0.024343996951419013,0.03057280219251481,0.013921083324031056,0.006924743930744862
"Charlotte-Concord-Gastonia MSA, NC-SC, USA",0.020000871367927924,0.041533041870576964,0.005870627308767513,0.017908339863686888,0.018085988696003797,0.055661207756884816,0.010267326564744633,0.03782111571931212,0.017333381010593858,0.07377001622981834,0.12189088538072121,0.047913536118323476,0.0028672803584968353,0.03188573820299013,0.04138404124385165,0.060142331641797796,0.03542580898928767,0.10693131866505548,0.1091472375154994,0.030143939006427565,0.049814818335346775,0.02336766582842008,0.024430391094539594,0.010119857744609854,0.006283233486315644
"San Antonio-New Braunfels MSA, TX, USA",0.015580266064172385,0.032804464752398454,0.007190308384899425,0.01573201369100811,0.015336626818863917,0.06234298335834359,0.009304658652143857,0.04276669645416378,0.021656915476571854,0.05498743866866749,0.09874386686674873,0.06286145441669898,0.0017518420475813115,0.0346035171727731,0.03565732013691008,0.04052926200070815,0.03888701546139709,0.12511507528368376,0.10540643072720834,0.037970628403783575,0.06347940447486891,0.03234416361766342,0.025303916774857105,0.010585240014163113,0.009058490279721458
"Portland-Vancouver-Hillsboro MSA, OR-WA, USA",0.03510416528562103,0.041066382996644155,0.011302867401681899,0.028095342451224067,0.01866497795656199,0.05360926690068404,0.012868095779186597,0.044217896635655854,0.017122366232244952,0.06388034698625297,0.1208540360197498,0.043871627876506836,0.006324084162025703,0.02535482799255366,0.0346487126834971,0.05218207809608334,0.03486630048485425,0.10758507955992672,0.09344733166386038,0.026463043998749065,0.05527744004442223,0.03426111004093614,0.02458040259202443,0.009530969607117539,0.004821246551935244
"Sacramento--Roseville--Arden-Arcade MSA, CA, USA",0.023561332147516784,0.04298013155340463,0.014498864595701265,0.02027023976668909,0.01714708790241392,0.05929744883908861,0.014598184256028027,0.042431164703598534,0.018394903998519233,0.06515460008035863,0.1085906991652634,0.04595972136320748,0.005268456527333222,0.026998695300825708,0.03401878947392182,0.03283507970402741,0.03502101513721914,0.1174879349185353,0.09741272284848786,0.03220756003196287,0.0572397260583187,0.03659207158238791,0.02867539174834204,0.013194165421408804,0.010164012875439603
"Pittsburgh MSA, PA, USA",0.024751849474185898,0.03823309991054993,0.01089367400986262,0.018274484062067494,0.022084869424939476,0.05766693037058141,0.013972090780356454,0.05777823173734333,0.02165309992643039,0.06325947291891125,0.10568894029235729,0.04654813093856261,0.0016773744106081995,0.02953821926259622,0.032849633697205234,0.048644436630831754,0.03603010592627713,0.111770505834557,0.097055453126549,0.02899625270592646,0.05339931422559624,0.0359720746834895,0.024210758916558345,0.010972851504540219,0.008078145229116578
"Austin-Round Rock MSA, TX, USA",0.032212071081171044,0.06794806192692834,0.010431001220455295,0.03244473589645505,0.014737370274875677,0.0640291915684258,0.014630559736898321,0.03432344218072343,0.014383819114283963,0.07678766893038769,0.13592593144585036,0.04921233438156698,0.001438216313695098,0.022547787365886536,0.022919554277141055,0.030037772842965327,0.030081656242289357,0.10427358070322733,0.1021290900570153,0.029093037774498943,0.0505743757379449,0.01942875405921444,0.02386014940227498,0.008917437938109504,0.0076323995277152645
"Las Vegas-Henderson-Paradise MSA, NV, USA",0.011367505423514087,0.022075815210735074,0.004349919081658855,0.022529434462649798,0.010483430455952625,0.04610991438345946,0.010124395643798842,0.03306787831723889,0.015633456686201492,0.04414680468474765,0.08864588815023759,0.05188246065091045,0.0009709382285664095,0.029854902807400344,0.03655302537822627,0.030159225829462816,0.04756469304016523,0.11785164750328554,0.11119490993354852,0.058631869600493415,0.09990350896336431,0.023721012268078375,0.05088932403342055,0.023532222553584687,0.008755816709298675
"Cincinnati MSA, OH-KY-IN, USA",0.023784629339445605,0.036102413134141365,0.011497624162301082,0.01810778490815751,0.017523896428141433,0.056749433990275766,0.009593876141411453,0.05073040375209453,0.020828976801069647,0.06395253575072217,0.11194726355458633,0.0392029062256996,0.0014303004626750422,0.026467800587147393,0.045057180334635995,0.06415531252517737,0.033736985849983206,0.11631330097957476,0.09807697008046798,0.029699555430027075,0.05514079859649504,0.028204076718420006,0.022278287586349865,0.011742042595796184,0.007675644065203596
"Kansas City MSA, MO-KS, USA",0.021345553682247012,0.041823905011299636,0.008925816981741221,0.01828478674175844,0.01621498009111454,0.05481310757972522,0.01215518169099975,0.047977723571402946,0.020576998959715896,0.06837805359256735,0.11452631201348783,0.04685852136169602,0.002403415001614234,0.028135201061807225,0.04176830361947125,0.0535844961796463,0.03621085482655953,0.11494601284212792,0.10162678910930158,0.029840011478997022,0.04914086881658715,0.025438533558130357,0.025389209742798725,0.010834200236754313,0.008801162248448543
"Columbus MSA, OH, USA",0.01957044576921623,0.04718569983932507,0.010094957683404944,0.019334457351085316,0.01811487658082281,0.0594985799212573,0.012586663520154424,0.0507439627064553,0.020851789133286443,0.07194420348838818,0.11525729651299457,0.03329556904090066,0.0018372067083395173,0.024638665780480993,0.049000782633464815,0.049600893806133674,0.03550427314184471,0.11621046848310147,0.09216546106698108,0.029386089035849036,0.05019547400025258,0.029397150992948925,0.023346260459310895,0.012428108801722716,0.007810663542278339
"Indianapolis-Carmel-Anderson MSA, IN, USA",0.02033280010995346,0.03365797601640139,0.011237778176528754,0.01727567394217517,0.019120639562629566,0.05614498585494542,0.011638650168557129,0.05165617400135151,0.01953869178288773,0.06590430994658858,0.11124293224499769,0.04345166056450412,0.0018411477919588895,0.028519178861447187,0.05342382859477186,0.060498264796948795,0.036007849455386765,0.11831164170443136,0.0938889928186646,0.029246475189841522,0.050594817679600196,0.02624852536374361,0.022421152296996514,0.010069522656903206,0.007726330417784972
"Cleveland-Elyria MSA, OH, USA",0.020336529703661434,0.032918558821615373,0.009442223943943265,0.017392572702170827,0.016810208940497964,0.05646242069769198,0.012968225985130822,0.05377749724536389,0.022788829634412575,0.05980488922788229,0.10725660762854206,0.03661760873224085,0.0018185827911680883,0.02628743063944461,0.037729712079153425,0.0690441773574111,0.0346905178323831,0.1213480755665649,0.09646562723986477,0.03277001329066317,0.05468784617736892,0.03320414377067119,0.025084171135309745,0.010548372239602205,0.009745156617241476
"San Juan-Carolina-Caguas MSA, PR, USA",0.014239486275472299,0.014541573824405353,0.008211409666474555,0.013250967425299751,0.014461022426911663,0.062066534895158565,0.01217314419328807,0.047051257900374975,0.021201455164502656,0.05893149484808979,0.07507667453077195,0.045337267383963126,0.0032272467253789267,0.0361096323829126,0.030059910060486437,0.04696766666982391,0.03059180392916391,0.1480231637544925,0.11720341929357948,0.053394775253226986,0.056598787081859746,0.022332263047369946,0.024025665700121948,0.02968444494381884,0.015238932623052228
"Nashville-Davidson--Murfreesboro--Franklin MSA, TN, USA",0.015698513056255813,0.03538448501982656,0.008310977500370725,0.029205416242178667,0.015742807456095582,0.060870134597200205,0.011561801279915572,0.04535650251418865,0.019484721320820485,0.06303767142414199,0.11769118329600407,0.04771084615784598,0.0017236299068084345,0.027781254995156504,0.04071233098316235,0.058046848068282704,0.03732380939541996,0.11607828938879505,0.102367246794915,0.03010574806500877,0.0551580828613412,0.021118799506213735,0.022561256266213196,0.009314341948915075,0.007653301954923707
"San Jose-Sunnyvale-Santa Clara MSA, CA, USA",0.06835657331981745,0.12666163199407687,0.018097626512324765,0.020765835836653916,0.011806205911630105,0.05552333475169518,0.011496202810357061,0.03237906621563556,0.010663571314844024,0.06710217277518044,0.13543251220959227,0.038132812673780325,0.004377402673712223,0.018259313328846942,0.019477633847066765,0.03986841080980096,0.020772357213442557,0.08398683625095368,0.07635587483398612,0.0287610072094516,0.042599771036011626,0.03097816402823298,0.024039758587877918,0.0101782524342605,0.003927671420768263
"Virginia Beach-Norfolk-Newport News MSA, VA-NC, USA",0.026896165884298696,0.03997614796911669,0.008799814926327088,0.017220071560864744,0.02080015032374337,0.06594286139573562,0.009577007204318456,0.04157695635230094,0.02148532135882976,0.05687619970687862,0.09878284654643399,0.04975862007876816,0.0016052139719064204,0.038455129819710734,0.03368584794019459,0.047289254479482484,0.03515576957472029,0.1144598139307955,0.09665238740797702,0.03271467832415557,0.05737369214167361,0.028996962744193486,0.02865067447332286,0.016376147584437478,0.010892264299813766
"Providence-Warwick MSA, RI-MA, USA",0.020824895559379556,0.02978761290584162,0.00978910997972013,0.019979836951170758,0.022715580847819536,0.06723375560475568,0.00972740262590817,0.044222690413180075,0.02083303153272107,0.053001367911175754,0.10093030296076326,0.051205923801554025,0.0028224004777633654,0.02888895567549048,0.03333517308883948,0.05466904323180327,0.034441678333154736,0.11443944060569256,0.09847457403153796,0.03568512868251046,0.0559364381666636,0.0401447661124719,0.026940761548064105,0.014032601021438414,0.009937527930579896
"Jacksonville MSA, FL, USA",0.01434308586625937,0.03724155609731349,0.006009329748118163,0.020933188429403393,0.016356431625015686,0.05077423024237585,0.010946566230797782,0.04604794112699299,0.019679520214899292,0.06474749066090611,0.11008114798091327,0.04406129756662866,0.003164210509451243,0.03511873132515,0.04183833955049519,0.03365144552350995,0.040017249620161226,0.12872996333788161,0.10756713600230706,0.03263142154493579,0.06029089374928238,0.026221558820937726,0.02582503117481662,0.013874462284479881,0.009847770766967244
"Milwaukee-Waukesha-West Allis MSA, WI, USA",0.026358934150058383,0.03387728640207204,0.009123064730910806,0.02042602735241092,0.0180559176702879,0.060147075247121824,0.011277391328710517,0.052043016413312104,0.01934750410266597,0.06365183514255007,0.10577006522923052,0.03571584717279755,0.0021421903542890807,0.025196781302918424,0.03773069130826191,0.0810249773674661,0.03137575275703994,0.111305777825172,0.09446077303806068,0.029657702607248,0.0503849938612873,0.04030444783119762,0.023268817996171757,0.00996200470231785,0.007391124106440606
"Oklahoma City MSA, OK, USA",0.021313463364745416,0.030846665205639563,0.009210314851340492,0.016033311417926802,0.017136386879976623,0.06094966761633428,0.013410767769742128,0.0477755862371247,0.021300314120826943,0.05602892833662065,0.09908539703411498,0.05871575717729564,0.0028972167433705897,0.038458616407334355,0.0380860544963109,0.04678647088903499,0.036763824968953175,0.11962451603477245,0.10104609540506976,0.03273577324859376,0.05752940317042881,0.02594930235955877,0.028964862298195632,0.010910950398129886,0.008440353568558696
"Raleigh MSA, NC, USA",0.02863137314383745,0.07172440841862088,0.018154806907290762,0.021607544374508705,0.017288804036572316,0.06263187247656299,0.013483099064044055,0.041412734125289376,0.0188958449065453,0.08180054233772667,0.1362637382690599,0.04247506195958315,0.0019232851517834877,0.023152494169755757,0.02559093703626478,0.03489966691074966,0.027544496055272906,0.09926493130151808,0.10362877216312073,0.027309264898446442,0.04488225271333593,0.021759089639201146,0.02035270212789062,0.008610431716024868,0.006711846096993901
"Memphis MSA, TN-MS-AR, USA",0.013938188568649658,0.022438108594112258,0.007532147340563893,0.013152984019633345,0.01913572567602719,0.05889841941232448,0.008979767249861458,0.04541584335977071,0.02105511457362262,0.05116754746367621,0.09546213165262939,0.04121677623447565,0.0023556136470489395,0.03262799561190215,0.07697589615912186,0.05894527318171023,0.04867137250847003,0.12339828773707603,0.09156357491029118,0.03587544652450048,0.05142281972446752,0.02747569662669017,0.024010133339365084,0.015881812174548062,0.012403323709461391
"Richmond MSA, VA, USA",0.016918751795684327,0.042109279315551695,0.011344572482946992,0.019693446839321272,0.021092125764740594,0.06464313809096926,0.013754053100913766,0.04407262978438584,0.01955964675624094,0.07079351040996752,0.11436004301949546,0.04754759639381345,0.001803186941463574,0.02832964541607022,0.03808700909886069,0.03754245160289094,0.03703962580636573,0.11212301894005314,0.09971920816175875,0.029569235429876748,0.04924656543869216,0.027089819825168424,0.025894682423413015,0.015429454458723646,0.01223730270263186
"Louisville/Jefferson County MSA, KY-IN, USA",0.017487751036450762,0.027837644507003254,0.005997954019275292,0.01634477082708386,0.016378614117267,0.05155563759989539,0.011775926652360186,0.04860050303435863,0.02255501457568975,0.05467691195360393,0.10093607463983817,0.04245794586611902,0.002207505518763797,0.03150964149187376,0.0636330772011599,0.0856989024005661,0.041959526501603714,0.11890378506434071,0.09445816123251109,0.02908369291829153,0.049585035112413564,0.02474559844936198,0.02417641584173647,0.010452961672473868,0.006980947765958265
"New Orleans-Metairie MSA, LA, USA",0.021326596662921558,0.01790732919509966,0.010484920487731376,0.022702532980517675,0.020447472745367373,0.06324404865769495,0.020317734230703165,0.05155569580755052,0.02233892372231403,0.04929039305808462,0.10239952005158863,0.06082858543460308,0.00407822778332632,0.030841783141349537,0.027393604537060467,0.03631654159166351,0.0422708565804631,0.10573170932914944,0.10119936731198599,0.03833431691183584,0.06613235360180034,0.02773331459519439,0.02943357197158326,0.015377428159147546,0.012313171451263533
"Salt Lake City MSA, UT, USA",0.020811753384859612,0.050192150925818094,0.011967294502706049,0.021939529153616542,0.014576808271990096,0.055713042359012706,0.010439587381169822,0.03665271248460034,0.017788517526493536,0.0640472439979651,0.11208191084442211,0.05559045803632173,0.0011676156736314992,0.029763473549367772,0.03691780108241957,0.05615128131263293,0.03652399894577482,0.13624174854277887,0.09473469687961607,0.029843153359116904,0.04295201436688262,0.021879769296304696,0.02594037498544311,0.010644916121677199,0.005438147015378203
"Hartford-West Hartford-East Hartford MSA, CT, USA",0.030053421903158423,0.04137921370660969,0.00971674921778265,0.020098227254677213,0.020850804555650165,0.07166717226880415,0.01398163796415992,0.04775264549278581,0.019552043113483956,0.07266709128308492,0.11261931102949678,0.03956734639161886,0.0010771991571883331,0.023110208431484574,0.028201231217098773,0.05055933305517129,0.0315329035433269,0.11043371702933365,0.09588718575736165,0.03033554841146295,0.04683814072050478,0.03551745803629939,0.027120310569156474,0.010696733235872698,0.008784366654426291
"Birmingham-Hoover MSA, AL, USA",0.01756185799150498,0.02648293801400389,0.007573761485376642,0.016459336581099795,0.018524228375163744,0.059766003845744174,0.013839446721120013,0.05375445913850098,0.024163905691439762,0.059463277627971906,0.10102272875917756,0.04966765519857532,0.0023190323225641286,0.03675507393433831,0.04084561523497721,0.061459028248840954,0.037136284727088575,0.11215072028284345,0.10786209886440294,0.03136393110549261,0.04962280687001646,0.026740815903217308,0.022411083516931177,0.0132863173355608,0.0097675922240473
"Buffalo-Cheektowaga-Niagara Falls MSA, NY, USA",0.021316898023804813,0.02332065816629442,0.008154632325916712,0.015591869045263069,0.022020157756354075,0.07532830567413983,0.014404455627491448,0.04991553815272398,0.023053843544146333,0.05688982499787962,0.09764178281643154,0.03801313222696559,0.0019507506149105199,0.026718568884114106,0.03217501625625512,0.05890772101439032,0.030326750727997513,0.12930437363942213,0.1017676910463374,0.0329807610754573,0.055714780469876456,0.034922676769104634,0.025188360521331034,0.012439569138559836,0.011951881484832207
"Rochester MSA, NY, USA",0.023581934766261664,0.03458809207337601,0.011883790725383776,0.018773600254721405,0.023374117513101048,0.07943599482159189,0.011961757453856945,0.05129347604525786,0.023428291399001003,0.0497066802205823,0.11048698391239443,0.037845727879620455,0.005137204807706339,0.02853441837843629,0.028269698037952706,0.05639898704850605,0.0319806542005589,0.11183324713478451,0.09401054792133882,0.030516051889651043,0.05205361048114587,0.03564760313373922,0.02686236626550913,0.013776694696480102,0.008618468939042466
"Grand Rapids-Wyoming MSA, MI, USA",0.02744715874458448,0.028326781784138316,0.0071464809603585654,0.018968468616436907,0.0202295049656728,0.05093601381117669,0.006734043601563612,0.04744307086987784,0.01750486347593446,0.05409864187662648,0.10302174238359595,0.04155397637062424,0.007245027939893642,0.02938707428617313,0.043081454553417935,0.1018556031257642,0.03542946408692574,0.10977038553768327,0.09804876980520547,0.03322128176771382,0.05301462510174063,0.02846547753311361,0.024238907077498074,0.007044284092692559,0.005786897631587592
"Tucson MSA, AZ, USA",0.029181723244443084,0.03145823410921135,0.011861014860678408,0.020296339667655632,0.018555092873778177,0.06826255467340153,0.010062964532747238,0.043496213825980186,0.020289785413726356,0.048082006825163094,0.09264437929030539,0.04852551134104405,0.0021257630243949333,0.032908908978890934,0.03145823410921135,0.032847735942217696,0.02985025714522916,0.1270673209268589,0.0975600697372618,0.042506521482659626,0.06422731900427775,0.03728933535495654,0.02866830668664986,0.015000502492801245,0.015773904456455722
"Urban Honolulu MSA, HI, USA",0.020312465706537646,0.025961703255592702,0.0100224583713915,0.022234392624605595,0.016989857239096053,0.06929820572170389,0.011168337051439678,0.0421776341708136,0.017233702928298504,0.05102993929654718,0.09831228807230492,0.051413053501487914,0.004107864901226349,0.03008733836603697,0.028667228641132587,0.023215990018959506,0.04005588251130839,0.1268908075131519,0.10483903836811265,0.042960775427881154,0.07134089841095209,0.02892130469165252,0.029750128111589606,0.02154161946503513,0.011467085633141957
"Tulsa MSA, OK, USA",0.02147187498681607,0.024325932051081925,0.005360058388987094,0.015962047158388566,0.019073454527044984,0.05580282747826234,0.010901527648282292,0.04256827166066886,0.02271643793427864,0.05214929692740612,0.10462555530711173,0.05569524661331218,0.0026325670481920087,0.039528584868645876,0.03817644105623315,0.07216988495175737,0.03199370546468605,0.1215094228181124,0.10072100273803848,0.03457142736604073,0.05429669536896018,0.028825343520467787,0.026509190780952704,0.011344507680429985,0.007068695655842484
"Fresno MSA, CA, USA",0.012166023887727763,0.015218957309425712,0.008882135691811528,0.013960734945715682,0.023054606924304107,0.06314820036363487,0.00966160805479824,0.03594233673772054,0.01805722153432271,0.038681924393875904,0.08201994253573172,0.044947167153335535,0.06978683427629166,0.02998495440938014,0.04765607419260416,0.04688555116858273,0.040104334231445875,0.11083182805689742,0.09810265373741638,0.04009471111585345,0.053046156417846435,0.05007869354299804,0.023586256317042312,0.011870113083260586,0.012230979917976654
"Worcester MSA, MA-CT, USA",0.025300094570370236,0.0384411415389765,0.015772482643614888,0.01704686375212481,0.02278157874041946,0.0697199386199985,0.0076583852058871565,0.0457910135967592,0.02203953404432507,0.054879044698110814,0.11516614340417038,0.044921934074974745,0.003208133455125452,0.028558638670610797,0.03224466504142747,0.05530854339449153,0.034164302407410765,0.10436011751729589,0.09217485638007207,0.03130904346809107,0.047188396679349986,0.039838524621567284,0.03017581216590345,0.010806025886874479,0.011144785422048003
"Omaha-Council Bluffs MSA, NE-IA, USA",0.016893006267246997,0.04495884856432577,0.009791064949274722,0.016205137694393267,0.01864284737362929,0.06414072745118547,0.010935501259081071,0.05044570665422335,0.017739768457806705,0.06749760653917633,0.108795867961415,0.05174501395850262,0.0040648607770099035,0.029847864389325567,0.035755086607078206,0.050063557447082394,0.033725673185998055,0.12013966547865194,0.0949359196118973,0.029153961881622243,0.04974577021167043,0.028558613643128956,0.028242837719333534,0.010179248091265277,0.007795843825675599
"Bridgeport-Stamford-Norwalk MSA, CT, USA",0.016902461371695487,0.03706348327129595,0.009683514230226016,0.026576039784674335,0.017288011986742166,0.06595440915701453,0.01848014643297659,0.04072031398267583,0.017748114601709754,0.0862737065800696,0.14180135285915405,0.051107253932844064,0.0011055087598298497,0.02005604886009071,0.020656359527583695,0.030479866516353583,0.025798191241200124,0.0944912130431088,0.11153552516040867,0.04743800506461008,0.04232703574324461,0.03155443753103894,0.030554386222177262,0.009004946353390157,0.0053996677858853485
"Greenville-Anderson-Mauldin MSA, SC, USA",0.030416383679361232,0.02252482205732938,0.006675226971319306,0.017741354136726086,0.018672555441878236,0.06285223813279746,0.01091949883467242,0.04865744765112266,0.02114614805232713,0.046496237367210314,0.10072632868525426,0.04771746705148279,0.0020904498636959744,0.034302825481660186,0.03771936155688592,0.09216901515228929,0.033362716994295126,0.09964451851506409,0.10667133691356401,0.03764368341701529,0.05537842625251917,0.026812942291041215,0.023779819844121388,0.009117187145487718,0.006762008510879493
"Albuquerque MSA, NM, USA",0.028596033777480084,0.03145228811329331,0.016295481185560845,0.020400449728488385,0.020998492931129344,0.06754299930626989,0.017221252063249048,0.05012080472693348,0.02079515824223142,0.05279286175633328,0.09991866612444084,0.05049876803100256,0.0035643374877401142,0.032019233069396934,0.028253953065569458,0.0273449273975552,0.032892376145252734,0.11830490634643447,0.09719876563882975,0.03598306341650121,0.05740975528072148,0.03842307968327632,0.025732602923235176,0.015470181565916322,0.010769561993158386
"Bakersfield MSA, CA, USA",0.018015269984854573,0.017320855274604748,0.008599040361487667,0.010434390671977276,0.01857591582084411,0.062050372244594046,0.00532477538295775,0.026968328765878975,0.014726890548471924,0.02780506656726954,0.07392574228947738,0.06580580884559259,0.08899698930029014,0.037226804121649394,0.052908416046276954,0.04504022889730467,0.04782931592589174,0.10454741092394727,0.085286526956099,0.03897294441206783,0.05243585095064812,0.040993995078217466,0.02712157233029622,0.012467835721434265,0.016619652577866337
"Knoxville MSA, TN, USA",0.023469980206005988,0.025551841452064145,0.014016069205667952,0.017560989432782413,0.01726222023638347,0.05930328870619823,0.009854641112968366,0.047705712103880166,0.02504680300579121,0.048587735914078674,0.09948031944621424,0.05513714384019572,0.0037156454821995737,0.0322337742541328,0.036274359711735676,0.06385361658593001,0.0365778072890967,0.1151774868775893,0.10509293414561777,0.03700694590574022,0.057145496550996634,0.02963031649366042,0.021345399253835714,0.010070418865923159,0.008899053921311424
"Albany-Schenectady-Troy MSA, NY, USA",0.03164085557640096,0.03937595109462262,0.015845746838092884,0.020544421725426466,0.021442235982817595,0.07280428747504411,0.0162913450880513,0.05184723244595518,0.01922710872474748,0.06896413826388584,0.10665388475405753,0.0374777641091344,0.0031946276048935005,0.02740787989359977,0.027667146345292607,0.03398815222234371,0.03305533222093259,0.12439679946878783,0.08970203586962323,0.030659747875617933,0.047855540458669105,0.028483924678898088,0.0282026867563861,0.011726694624701078,0.011544459902018024
"McAllen-Edinburg-Mission MSA, TX, USA",0.006236513314865891,0.0093757784387108,0.0027641139379169805,0.01039919087392219,0.01587339697898253,0.0786827091317801,0.004882967836037923,0.03271018220342798,0.019462843525940954,0.02776719017764159,0.07424692150936828,0.088172533531013,0.01272512822667535,0.03609254529575419,0.036527720671430584,0.03985606199298317,0.04654575794045,0.10238326045396294,0.12236531322122815,0.06075648486339995,0.05450196429160952,0.07031233587135616,0.02056128619833793,0.010948412210120679,0.01584938730308314
"El Paso MSA, TX, USA",0.012259466593226208,0.016616812593220755,0.006159727543171264,0.01102424898496743,0.01335561996744261,0.07823590202243025,0.007220433171455294,0.03602854361572462,0.020273383923629196,0.03733465671584814,0.08219241581842028,0.05837153055186687,0.0016442300613246006,0.039093410264031174,0.034280697066290014,0.043862495466778645,0.05514033217264688,0.12959968587843604,0.10793020611500885,0.03686020227029179,0.06185358990230056,0.04412426343674077,0.023946315752160267,0.0181328854192514,0.024458944693336097
"New Haven-Milford MSA, CT, USA",0.021682052723599833,0.02640079906529817,0.01548747005795184,0.018395425772859353,0.020592787348067285,0.08052801386511878,0.012598112376369361,0.053386334306837965,0.024220906960834558,0.05315749614093971,0.10801449770515104,0.04495916539957781,0.001393790622345643,0.02914382227940614,0.031553662475564126,0.05224718740093551,0.032834850105191535,0.10630574290575902,0.09275321568877982,0.030933501761483392,0.04796377836139924,0.04151876116062258,0.03316276324202136,0.011686576097146883,0.009079286176739114
"Allentown-Bethlehem-Easton MSA, PA-NJ, USA",0.020170028454590663,0.027472562499337688,0.010716133988740297,0.016018954112478116,0.0177043832478844,0.06208536285339087,0.007212754648149002,0.04545406910432208,0.022385607547856456,0.04856495422954658,0.09883477794679607,0.04163095589004235,0.0027399368164929836,0.03294553769503553,0.0593384524233891,0.06574495380355876,0.04530280571762142,0.11135185637702741,0.09609672963150177,0.03624097564083639,0.05000032006989277,0.037560397362015774,0.0265767102460437,0.00918886409768951,0.008661915595760608
"Baton Rouge MSA, LA, USA",0.025497404623746927,0.021206620503982296,0.01287745133032154,0.015378496619382209,0.0201460345302318,0.06617444599679785,0.014379098297963471,0.04100847448984795,0.020250563436298556,0.05333778643469748,0.09960584953956292,0.06445864224599476,0.003513191038048522,0.03378578202918651,0.03363026341284329,0.05405164237856801,0.03876747672319726,0.1090975841075271,0.1059030787587065,0.032171957698936354,0.05494651179391999,0.03238356499658369,0.02145392059882316,0.01312220193964858,0.012851956475183309
