longname,No internet access %,Uninsured %,Public Insurance %,Private Insurance %
"New York-Newark-Jersey City MSA, NY-NJ-PA, USA",0.09546801951800148,0.0889332713742928,0.20981939758924678,0.7012473310364603
"Los Angeles-Long Beach-Anaheim MSA, CA, USA",0.0785961219720633,0.11480948453902251,0.22213502067865032,0.6630554947823273
"Chicago-Naperville-Elgin MSA, IL-IN-WI, USA",0.09045886615392393,0.10394264259201993,0.1495992683998837,0.7464580890080964
"Dallas-Fort Worth-Arlington MSA, TX, USA",0.07564705246663342,0.20669834762717387,0.07814578984814591,0.7151558625246802
"Houston-The Woodlands-Sugar Land MSA, TX, USA",0.08613477515789167,0.23753127380889108,0.09239860882399838,0.6700701173671105
"Washington-Arlington-Alexandria MSA, DC-VA-MD-WV, USA",0.05402199745939628,0.09314876040488587,0.10876767657870051,0.7980835630164136
"Philadelphia-Camden-Wilmington MSA, PA-NJ-DE-MD, USA",0.08775414621091206,0.06943585253546528,0.18232612718101696,0.7482380202835177
"Miami-Fort Lauderdale-West Palm Beach MSA, FL, USA",0.10429882162229638,0.19972898153341342,0.11336193236951651,0.68690908609707
"Atlanta-Sandy Springs-Roswell MSA, GA, USA",0.07508131286916034,0.16161480063888772,0.09771380795757635,0.740671391403536
"Boston-Cambridge-Newton MSA, MA-NH, USA",0.0702022099675049,0.03814241266835005,0.18253740528092066,0.7793201820507293
"Phoenix-Mesa-Scottsdale MSA, AZ, USA",0.07529820752037178,0.1376842018322096,0.16685089717734866,0.6954649009904417
"San Francisco-Oakland-Hayward MSA, CA, USA",0.056652913855888797,0.05283725213088298,0.15861239362396953,0.7885503542451475
"Riverside-San Bernardino-Ontario MSA, CA, USA",0.07160458019267764,0.11307242106255608,0.26187856694755124,0.6250490119898927
"Detroit-Warren-Dearborn MSA, MI, USA",0.09674286727737309,0.06920827535177002,0.22908612544379284,0.7017055992044371
"Seattle-Tacoma-Bellevue MSA, WA, USA",0.048912764421489376,0.07477261846177445,0.14304300367260245,0.7821843778656231
"Minneapolis-St. Paul-Bloomington MSA, MN-WI, USA",0.06465167633502215,0.05600123107025388,0.14803877699360307,0.7959599919361431
"San Diego-Carlsbad MSA, CA, USA",0.052615078801276374,0.10093415568234408,0.1799708963901044,0.7190949479275516
"Tampa-St. Petersburg-Clearwater MSA, FL, USA",0.08448848318983089,0.16623409939418124,0.14547510154471927,0.6882907990610995
"Denver-Aurora-Lakewood MSA, CO, USA",0.053828606063971156,0.09893368898576375,0.1384166079882923,0.762649703025944
"Baltimore-Columbia-Towson MSA, MD, USA",0.08454258422447321,0.060655614231582,0.17887340794113768,0.7604709778272802
"St. Louis MSA, MO-IL, USA",0.09758977418100305,0.08743822800911656,0.12834925053521065,0.7842125214556728
"Orlando-Kissimmee-Sanford MSA, FL, USA",0.07189935727903797,0.16147728053731158,0.12420755016577618,0.7143151692969122
"Charlotte-Concord-Gastonia MSA, NC-SC, USA",0.08616130088584006,0.13816531509172875,0.11624076680358958,0.7455939181046817
"San Antonio-New Braunfels MSA, TX, USA",0.09695189855623111,0.2048689287035578,0.11953847576766496,0.6755925955287773
"Portland-Vancouver-Hillsboro MSA, OR-WA, USA",0.05633136338152881,0.08054175961712014,0.1693861750926428,0.7500720652902371
"Sacramento--Roseville--Arden-Arcade MSA, CA, USA",0.06381905919725683,0.06582669425247702,0.2234676425755763,0.7107056631719467
"Pittsburgh MSA, PA, USA",0.11535982463514205,0.051837974393640435,0.1773169777710295,0.77084504783533
"Austin-Round Rock MSA, TX, USA",0.05791769901346856,0.15162468474032129,0.06934872009111458,0.7790265951685641
"Las Vegas-Henderson-Paradise MSA, NV, USA",0.09482632719149504,0.15443910238850472,0.17678539028912177,0.6687755073223735
"Cincinnati MSA, OH-KY-IN, USA",0.08899887570726167,0.0713145251493775,0.17400492034146806,0.7546805545091545
"Kansas City MSA, MO-KS, USA",0.08066266435035335,0.12241412571913943,0.09530104788382016,0.7822848263970404
"Columbus MSA, OH, USA",0.0756970054314607,0.09011841498214479,0.1686434690485871,0.7412381159692681
"Indianapolis-Carmel-Anderson MSA, IN, USA",0.09560724471276635,0.09685282686527172,0.15618540713369528,0.746961766001033
"Cleveland-Elyria MSA, OH, USA",0.12146204405819312,0.07261112269988021,0.21074894598554397,0.7166399313145759
"San Juan-Carolina-Caguas MSA, PR, USA",0.27313382205862463,0.1040099743393093,0.4418702421939535,0.45411978346673715
"Nashville-Davidson--Murfreesboro--Franklin MSA, TN, USA",0.0846218968322834,0.12084414743759764,0.11836049959620629,0.760795352966196
"San Jose-Sunnyvale-Santa Clara MSA, CA, USA",0.04341256654882134,0.0547656185208024,0.13434167929346508,0.8108927021857324
"Virginia Beach-Norfolk-Newport News MSA, VA-NC, USA",0.08614832356558129,0.11479486116641371,0.14556193091483294,0.7396432079187533
"Providence-Warwick MSA, RI-MA, USA",0.10330719176628977,0.050894761183920126,0.2407330151752079,0.708372223640872
"Jacksonville MSA, FL, USA",0.08134857161800377,0.14728120944114825,0.13953512951352662,0.7131836610453252
"Milwaukee-Waukesha-West Allis MSA, WI, USA",0.11080370350432696,0.07693770071079298,0.1744094068792662,0.7486528924099408
"Oklahoma City MSA, OK, USA",0.09760061564959209,0.17235273203027549,0.10898840632922734,0.7186588616404973
"Raleigh MSA, NC, USA",0.06414212825156587,0.11798173451007157,0.09035200928115979,0.7916662562087686
"Memphis MSA, TN-MS-AR, USA",0.14227572607445998,0.1490639828589973,0.16941476498263155,0.6815212521583711
"Richmond MSA, VA, USA",0.1026943851815752,0.09936564113495541,0.1323792816840794,0.7682550771809652
"Louisville/Jefferson County MSA, KY-IN, USA",0.11347600925361458,0.07100309456586514,0.2084424987045438,0.7205544067295911
"New Orleans-Metairie MSA, LA, USA",0.13785051034858434,0.11874355793104578,0.2536298789198449,0.6276265631491093
"Salt Lake City MSA, UT, USA",0.04668698670328394,0.11674939227914387,0.07865009320318826,0.8046005145176679
"Hartford-West Hartford-East Hartford MSA, CT, USA",0.08811567173047137,0.051697022636024666,0.19636475492393712,0.7519382224400382
"Birmingham-Hoover MSA, AL, USA",0.11974766049109181,0.1252241790502132,0.14803278644045748,0.7267430345093293
"Buffalo-Cheektowaga-Niagara Falls MSA, NY, USA",0.11453394281820456,0.03942343246703121,0.2499616217897448,0.710614945743224
"Rochester MSA, NY, USA",0.10276198085845238,0.04758226515464846,0.22674313540076518,0.7256745994445865
"Grand Rapids-Wyoming MSA, MI, USA",0.09167572374271452,0.0633314557837059,0.1592664389223359,0.7774021052939583
"Tucson MSA, AZ, USA",0.08453757398504813,0.12322006621529483,0.2249276973857187,0.6518522363989865
"Urban Honolulu MSA, HI, USA",0.07665825760896225,0.048848297147537675,0.1475717067259342,0.8035799961265281
"Tulsa MSA, OK, USA",0.11072976413173881,0.1890184438568468,0.12042503337958373,0.6905565227635694
"Fresno MSA, CA, USA",0.129667264306025,0.10368391323676168,0.33294273822814285,0.5633733485350955
"Worcester MSA, MA-CT, USA",0.0869176012645305,0.03465867860049325,0.23651266132624904,0.7288286600732576
"Omaha-Council Bluffs MSA, NE-IA, USA",0.0838347781744016,0.10239854952112121,0.10970976581963238,0.7878916846592463
"Bridgeport-Stamford-Norwalk MSA, CT, USA",0.06831968446239915,0.1022088643377946,0.1667409851837063,0.7310501504784992
"Greenville-Anderson-Mauldin MSA, SC, USA",0.11821303386808309,0.14384603502778032,0.13809630445233292,0.7180576605198867
"Albuquerque MSA, NM, USA",0.12104059904576779,0.1064900694580044,0.2796364612680957,0.6138734692739
"Bakersfield MSA, CA, USA",0.11899968003062848,0.11246988002457212,0.3431015109928812,0.5444286089825467
"Knoxville MSA, TN, USA",0.13384631519495815,0.12375099259437371,0.16438313912395133,0.7118658682816749
"Albany-Schenectady-Troy MSA, NY, USA",0.08745843204590406,0.04363918569866188,0.19561849553336932,0.7607423187679687
"McAllen-Edinburg-Mission MSA, TX, USA",0.2026389748963959,0.44309978020885327,0.11485278550579882,0.44204743428534793
"El Paso MSA, TX, USA",0.12405251595717011,0.3043591334566099,0.12012958423692117,0.5755112823064689
"New Haven-Milford MSA, CT, USA",0.1044808994651366,0.0693483797386562,0.2261738135875639,0.7044778066737799
"Allentown-Bethlehem-Easton MSA, PA-NJ, USA",0.10906037529864616,0.07365488589451644,0.17609519344922114,0.7502499206562625
"Baton Rouge MSA, LA, USA",0.10338565313270176,0.10516982829721709,0.20741171177925935,0.6874184599235235
"Oxnard-Thousand Oaks-Ventura MSA, CA, USA",0.07001442878403787,0.12042823058174526,0.1736033290105487,0.705968440407706
"North Port-Sarasota-Bradenton MSA, FL, USA",0.07428814570917015,0.17951929398909178,0.1198130330502743,0.7006676729606339
"Columbia MSA, SC, USA",0.1186887744912939,0.13449697072827352,0.14335795512642469,0.7221450741453018
"Dayton MSA, OH, USA",0.09829430212921866,0.08307265592447745,0.20577864290200829,0.7111487011735143
"Charleston-North Charleston MSA, SC, USA",0.10084456192379612,0.13783283143439531,0.12133122225326763,0.7408359463123371
"Stockton-Lodi MSA, CA, USA",0.09623202734145297,0.08866050322720405,0.28236071200256424,0.6289787847702317
"Greensboro-High Point MSA, NC, USA",0.13129894323820784,0.14036071567962774,0.1574721143772728,0.7021671699430995
"Boise City MSA, ID, USA",0.07248640245824693,0.13067375925757935,0.12240915015035567,0.746917090592065
"Cape Coral-Fort Myers MSA, FL, USA",0.07648860218378935,0.20018167891431257,0.13966814855003204,0.6601501725356553
"Colorado Springs MSA, CO, USA",0.05212745115500376,0.10475856851282822,0.19596710041379942,0.6992743310733724
"Little Rock-North Little Rock-Conway MSA, AR, USA",0.12548360874155556,0.10464155131924667,0.21056183439069628,0.684796614290057
"Lakeland-Winter Haven MSA, FL, USA",0.12877501204685995,0.18909788647140788,0.18413346284697107,0.6267686506816211
"Akron MSA, OH, USA",0.09597298177641436,0.07620545922684975,0.20033670033669915,0.7234578404364511
"Ogden-Clearfield MSA, UT, USA",0.05188720094439828,0.0912708487826954,0.08919948215834411,0.8195296690589606
"Madison MSA, WI, USA",0.06493848025722852,0.04999410179396204,0.10011751041260197,0.849888387793436
"Winston-Salem MSA, NC, USA",0.12804882606648177,0.15770674970235304,0.14572859477202948,0.6965646555256175
"Des Moines-West Des Moines MSA, IA, USA",0.08237793543002232,0.059159809027984706,0.15430223874364968,0.7865379522283656
"Provo-Orem MSA, UT, USA",0.031232400334632985,0.09341434500628594,0.07481801818409914,0.831767636809615
"Deltona-Daytona Beach-Ormond Beach MSA, FL, USA",0.11499306721155825,0.17351592179431044,0.1629565258484665,0.663527552357223
"Syracuse MSA, NY, USA",0.10480332670182321,0.04583058002722505,0.23134309190633057,0.7228263280664443
"Wichita MSA, KS, USA",0.10223368382452666,0.14260597523756804,0.12145685968296617,0.7359371650794657
"Springfield MSA, MA, USA",0.10935175262513763,0.035582017210512004,0.2957891663919652,0.6686288163975229
"Augusta-Richmond County MSA, GA-SC, USA",0.1328923078339567,0.1587472173178777,0.16042180201234332,0.680830980669779
"Palm Bay-Melbourne-Titusville MSA, FL, USA",0.07518843470412977,0.14853139607043822,0.15205274334872423,0.6994158605808375
"Toledo MSA, OH, USA",0.10095548627128124,0.07443192372666003,0.22244661778980734,0.7031214584835326
"Spokane-Spokane Valley MSA, WA, USA",0.0872834721538233,0.0756907385684632,0.2552689984084277,0.6690402630231091
"Harrisburg-Carlisle MSA, PA, USA",0.10631890225797948,0.07380213138233535,0.1500303476240944,0.7761675209935702
"Durham-Chapel Hill MSA, NC, USA",0.07689862749885622,0.1316412964469077,0.09971226769269982,0.7686464358603925
"Jackson MSA, MS, USA",0.12673899346483428,0.15358865089155432,0.1438123808455758,0.7025989682628698
"Fayetteville-Springdale-Rogers MSA, AR-MO, USA",0.10947649315045745,0.1374547772803481,0.1503124181119109,0.712232804607741
"Scranton--Wilkes-Barre--Hazleton MSA, PA, USA",0.13995569329366037,0.0723364477025934,0.22585151355292268,0.7018120387444838
"Chattanooga MSA, TN-GA, USA",0.1249145006839948,0.14540446381835778,0.1514712065695867,0.7031243296120555
"Lancaster MSA, PA, USA",0.12671075927078432,0.11590329792170137,0.14769844474037874,0.7363982573379197
"Modesto MSA, CA, USA",0.09371269285473544,0.08460346661215876,0.30248279580404347,0.6129137375837977
"Portland-South Portland MSA, ME, USA",0.07305995721386921,0.07549822548183689,0.13245300973542962,0.7920487647827334
"Youngstown-Warren-Boardman MSA, OH-PA, USA",0.14692213258505826,0.07926800990579588,0.2782001378896694,0.6425318522045347
"Lexington-Fayette MSA, KY, USA",0.07989574689313023,0.0801530270034003,0.1884887991697136,0.7313581738268861
"Pensacola-Ferry Pass-Brent MSA, FL, USA",0.09564230216426749,0.1673316769922905,0.16954405855389532,0.6631242644538141
"Huntsville MSA, AL, USA",0.08425439136814124,0.11542193133976326,0.11053876617194681,0.7740393024882899
"Reno MSA, NV, USA",0.08718088708534373,0.12512008557025361,0.13090730219306823,0.7439726122366781
"Santa Rosa MSA, CA, USA",0.05477105871166042,0.07979414620596663,0.1688125473052185,0.751393306488815
"Port St. Lucie MSA, FL, USA",0.07973700702093596,0.17829754173621176,0.14830620309206624,0.6733962551717221
"Myrtle Beach-Conway-North Myrtle Beach MSA, SC-NC, USA",0.08209189643160492,0.19370790602737373,0.18205947509395484,0.6242326188786714
"Lafayette MSA, LA, USA",0.13446980569038725,0.11162652161502733,0.25847275686475124,0.6299007215202215
"Springfield MSA, MO, USA",0.12663856832591205,0.14956010724742905,0.1358901742427898,0.7145497185097811
"Killeen-Temple MSA, TX, USA",0.09052507127594674,0.22047275874594782,0.15215548749041446,0.6273717537636377
"Lansing-East Lansing MSA, MI, USA",0.0951583346897629,0.05967510643777682,0.1859823276725509,0.7543425658896724
"Visalia-Porterville MSA, CA, USA",0.1384139740327946,0.11583121768770524,0.3946480643827972,0.48952071792949764
"Asheville MSA, NC, USA",0.14006307121478956,0.16946440418472336,0.1468323559056358,0.683703239909641
"York-Hanover MSA, PA, USA",0.10732423424853225,0.06529097959679168,0.15623772558149387,0.7784712948217143
"Vallejo-Fairfield MSA, CA, USA",0.053539566989058034,0.06459499917473603,0.19339002248707926,0.7420149783381846
"Santa Maria-Santa Barbara MSA, CA, USA",0.06466861146427512,0.14061447932306348,0.19562935165745554,0.663756169019481
"Fort Wayne MSA, IN, USA",0.09851313890352559,0.10267903486526953,0.166192107487655,0.7311288576470754
"Corpus Christi MSA, TX, USA",0.13520962058098718,0.25953783305934647,0.13474126407846282,0.6057209028621907
"Salinas MSA, CA, USA",0.07585957515560447,0.15087333022213206,0.222722141783038,0.6264045279948299
"Salem MSA, OR, USA",0.07936601384146424,0.11259738350727574,0.2310977355191589,0.6563048809735653
"Shreveport-Bossier City MSA, LA, USA",0.20268726182855848,0.11162083071358196,0.31348531774678223,0.5748938515396359
"Reading MSA, PA, USA",0.12898509980320447,0.0820618416221603,0.18882929395778114,0.7291088644200585
"Manchester-Nashua MSA, NH, USA",0.06534429462400723,0.08186266586337101,0.12323483167531157,0.7949025024613174
"Brownsville-Harlingen MSA, TX, USA",0.2161073415010695,0.39855280005176347,0.1342471155146577,0.4672000844335788
"Salisbury MSA, MD-DE, USA",0.118729468570022,0.09496958005638859,0.2438047188010091,0.6612257011426024
"Mobile MSA, AL, USA",0.16131290274278068,0.169179817869895,0.178383623594323,0.6524365585357821
"Beaumont-Port Arthur MSA, TX, USA",0.1343664036910745,0.25930744636752034,0.12364507960221537,0.6170474740302643
"Flint MSA, MI, USA",0.13199114641763438,0.07587916798615922,0.32286879484664266,0.6012520371671981
"Savannah MSA, GA, USA",0.09707432857742332,0.17953192020988654,0.1197518011077338,0.7007162786823796
"Canton-Massillon MSA, OH, USA",0.12167674354054324,0.08743884424364312,0.21397622486390294,0.698584930892454
"Anchorage MSA, AK, USA",0.062490483534394146,0.14248970930911653,0.17893714550050374,0.6785731451903797
"Gulfport-Biloxi-Pascagoula MSA, MS, USA",0.1329642647093409,0.19997319073973538,0.16452081770661375,0.635505991553651
"Trenton MSA, NJ, USA",0.10662660268098055,0.09531006890420086,0.15898078360847823,0.7457091474873209
"Fayetteville MSA, NC, USA",0.10383581185233492,0.17941022640712326,0.2251428037998061,0.5954469697930705
"Montgomery MSA, AL, USA",0.13024068587967091,0.13958829716444496,0.17063987807757575,0.6897718247579793
"Davenport-Moline-Rock Island MSA, IA-IL, USA",0.11300024825426408,0.07541792486489801,0.1909662092191471,0.7336158659159548
"Tallahassee MSA, FL, USA",0.10238098410456582,0.11647081896481216,0.12225227581022219,0.7612769052249657
"Eugene MSA, OR, USA",0.06781903895459396,0.0917330403735237,0.25456349125014754,0.6537034683763289
"Ocala MSA, FL, USA",0.11422322375397714,0.19346015296801308,0.19437362591992385,0.612166221112063
"Naples-Immokalee-Marco Island MSA, FL, USA",0.07451225397011815,0.19858330396125715,0.0943120178062414,0.7071046782325014
"Ann Arbor MSA, MI, USA",0.048314988449517704,0.044169871858745775,0.13346619103609067,0.8223639371051635
"Peoria MSA, IL, USA",0.12127236580516944,0.07591420660889682,0.19083276401424076,0.7332530293768624
"Hickory-Lenoir-Morganton MSA, NC, USA",0.1600573677817041,0.16171882920326947,0.1659158122358814,0.6723653585608491
"Fort Collins MSA, CO, USA",0.04837843050810088,0.07610023785400903,0.1246798537219586,0.7992199084240323
"Spartanburg MSA, SC, USA",0.14553902062239976,0.14001667685073518,0.1634633526034447,0.6965199705458202
"Huntington-Ashland MSA, WV-KY-OH, USA",0.16700419004421863,0.08614081273400617,0.3074585693314772,0.6064006179345166
"Lincoln MSA, NE, USA",0.06680562793121411,0.08770533020449195,0.08981916042760776,0.8224755093679003
"Rockford MSA, IL, USA",0.10985783191811345,0.08968546743034707,0.2311474614115131,0.6791670711581399
"Kalamazoo-Portage MSA, MI, USA",0.08379510141542737,0.07735320248028504,0.19723669869299576,0.7254100988267191
"Boulder MSA, CO, USA",0.04305965786136773,0.060999037193533105,0.11038507695607186,0.828615885850395
"Greeley MSA, CO, USA",0.07905847123152666,0.11626137591778495,0.1692149105942429,0.7145237134879722
"Green Bay MSA, WI, USA",0.09780678737656677,0.06655606324496036,0.14345891870340258,0.789985018051637
"South Bend-Mishawaka MSA, IN-MI, USA",0.12296707967945605,0.09397649461418221,0.17686601529651863,0.7291574900892991
"Lubbock MSA, TX, USA",0.1128464584249879,0.1744165997507289,0.10535935090718293,0.7202240493420883
"Columbus MSA, GA-AL, USA",0.1491850882051803,0.1692980626687474,0.18559937770913498,0.6451025596221176
"Roanoke MSA, VA, USA",0.14667039123485007,0.10623482815893688,0.16686363442783558,0.7269015374132276
"Evansville MSA, IN-KY, USA",0.11238722168441413,0.0852293785776058,0.18780113659761932,0.7269694848247749
"Aguadilla-Isabela MSA, PR, USA",0.34419996379662615,0.07816141773090361,0.599147287307379,0.3226912949617174
"Kingsport-Bristol-Bristol MSA, TN-VA, USA",0.1633962866049738,0.13859809784475027,0.22753730064333913,0.6338646015119105
"Clarksville MSA, TN-KY, USA",0.1016852537994055,0.12313239914623966,0.22071827232835323,0.6561493285254071
"Kennewick-Richland MSA, WA, USA",0.07117859838644851,0.13953384233034016,0.2061213980252107,0.654344759644449
"Gainesville MSA, FL, USA",0.0810392076086769,0.11061926617187942,0.11108281163244409,0.7782979221956765
"Olympia-Tumwater MSA, WA, USA",0.05766611962708165,0.07431153158785639,0.19080115368962433,0.7348873147225192
"Utica-Rome MSA, NY, USA",0.11752972499501328,0.054527205861562886,0.28544084705090667,0.6600319470875304
"Ponce MSA, PR, USA",0.2693696858350951,0.07533548100158234,0.5710794362775616,0.35358508272085604
"Crestview-Fort Walton Beach-Destin MSA, FL, USA",0.08080952423481914,0.1870387994648348,0.13968772844512495,0.6732734720900404
"Wilmington MSA, NC, USA",0.08373652508105933,0.1328000543356699,0.1260069576667355,0.7411929879975946
"San Luis Obispo-Paso Robles-Arroyo Grande MSA, CA, USA",0.06878921247307829,0.08267734846458817,0.15807006732323334,0.7592525842121784
"Merced MSA, CA, USA",0.09102158837511352,0.12149010896646993,0.34513853450604837,0.5333713565274817
"Duluth MSA, MN-WI, USA",0.12520341741253027,0.05736263988785928,0.20812556012592684,0.734511799986214
"Waco MSA, TX, USA",0.1339283025307947,0.19376539352277428,0.13022460758004625,0.6760099988971795
"Hagerstown-Martinsburg MSA, MD-WV, USA",0.1254693366708392,0.07106231023808256,0.20895052375774603,0.7199871660041713
"Sioux Falls MSA, SD, USA",0.0686323366555931,0.09433804215804238,0.08651792285186058,0.8191440349900971
"Cedar Rapids MSA, IA, USA",0.08567976371610106,0.053051776266061876,0.1553228930461046,0.7916253306878335
"Bremerton-Silverdale MSA, WA, USA",0.04435975609756104,0.06597551090158385,0.19865443356379242,0.7353700555346238
"Fort Smith MSA, AR-OK, USA",0.18791218536449197,0.18129574440423743,0.24169565595968326,0.5770085996360793
"Atlantic City-Hammonton MSA, NJ, USA",0.09650290566299205,0.1073224777257417,0.2216630573227298,0.6710144649515285
"Erie MSA, PA, USA",0.12436960895086387,0.061103641958710625,0.24712138866481406,0.6917749693764753
"Santa Cruz-Watsonville MSA, CA, USA",0.06250240203829896,0.07200810229202222,0.1845364562584597,0.743455441449518
"Amarillo MSA, TX, USA",0.1150650556702675,0.20600308671623402,0.09709707786593898,0.696899835417827
"Norwich-New London MSA, CT, USA",0.0823521763284446,0.060302424545460864,0.20440140288626302,0.7352961725682761
"College Station-Bryan MSA, TX, USA",0.0960407763991147,0.15148861154621363,0.0845333737557471,0.7639780146980393
"Laredo MSA, TX, USA",0.20457438293070213,0.39331686218054707,0.1006166955236074,0.5060664422958455
"Lynchburg MSA, VA, USA",0.14390854995302182,0.10483389082934459,0.15412146636851548,0.74104464280214
"Tuscaloosa MSA, AL, USA",0.13690957877252008,0.09789958956145431,0.16212322564711742,0.7399771847914283
"Yakima MSA, WA, USA",0.11154827732879602,0.19806436168393637,0.2669060565644134,0.5350295817516503
"Fargo MSA, ND-MN, USA",0.07660111677591715,0.06720985174023877,0.11036082122638324,0.822429327033378
"Binghamton MSA, NY, USA",0.11953979890870002,0.051953264359614754,0.2798659599408792,0.668180775699506
"Appleton MSA, WI, USA",0.07939655709450366,0.05526428312995391,0.12052100121698447,0.8242147156530615
"Charlottesville MSA, VA, USA",0.10726236280205352,0.09538975036506496,0.10077880536819418,0.8038314442667409
"Prescott MSA, AZ, USA",0.10010198779994993,0.16564885496183088,0.22568332922925297,0.6086678158089162
"Champaign-Urbana MSA, IL, USA",0.08218378607809912,0.06108808813867675,0.14683883357760216,0.7920730782837211
"Macon-Bibb County MSA, GA, USA",0.15517679685694433,0.1760089764229513,0.19160620822792374,0.6323848153491249
"Tyler MSA, TX, USA",0.11748179368731977,0.23477937120035225,0.11703949851968033,0.6481811302799675
"Topeka MSA, KS, USA",0.144500849573115,0.10212676352916367,0.13268129043500906,0.7651919460358273
"Daphne-Fairhope-Foley MSA, AL, USA",0.09792407386168142,0.13842510716105597,0.13039177482689362,0.7311831180120505
"Barnstable Town MSA, MA, USA",0.06052780596165425,0.04960261241435327,0.22155855037091693,0.7288388372147299
"Bellingham MSA, WA, USA",0.07137362039402123,0.07484782328766422,0.18978682259855792,0.7353653541137777
"Rochester MSA, MN, USA",0.07970465732676976,0.054861540272504866,0.13499455578117192,0.8101439039463233
"Burlington-South Burlington MSA, VT, USA",0.07667361655507163,0.043042671155872125,0.18201177982560673,0.7749455490185211
"Medford MSA, OR, USA",0.08555109705254486,0.10158100335271168,0.27023161391529016,0.6281873827319983
"Lake Charles MSA, LA, USA",0.16705807111885723,0.11029387556777603,0.2424870778078876,0.6472190466243363
"Claremont-Lebanon MSA, NH-VT, USA",0.10574837486733388,0.08284361310946797,0.20736152615631104,0.709794860734221
"Las Cruces MSA, NM, USA",0.15773210063428014,0.14960708018616053,0.33873502708476466,0.5116578927290749
"Longview MSA, TX, USA",0.14704763836422166,0.22982639383436926,0.13662188039057432,0.6335517257750565
"Hilton Head Island-Bluffton-Beaufort MSA, SC, USA",0.08951564184266932,0.16005356069301047,0.12404583629374624,0.7159006030132433
"Athens-Clarke County MSA, GA, USA",0.0940160530065895,0.15338399010425857,0.10866230782823799,0.7379537020675034
"Lafayette-West Lafayette MSA, IN, USA",0.07640127235047385,0.0799865803709966,0.12052504298474943,0.7994883766442541
"Lake Havasu City-Kingman MSA, AZ, USA",0.13326736338722023,0.14275907414508673,0.3155292306024388,0.5417116952524744
"Chico MSA, CA, USA",0.08343103690850254,0.08991147377762367,0.3081174289156814,0.6019710973066948
"Charleston MSA, WV, USA",0.13428271486603657,0.07896729828387906,0.32107965647294123,0.5999530452431797
"Springfield MSA, IL, USA",0.11728917810661525,0.05606689995401796,0.19901645221376163,0.7449166478322204
"Johnson City MSA, TN, USA",0.14494999790384433,0.1466647943906128,0.19195267974418462,0.6613825258652025
"Houma-Thibodaux MSA, LA, USA",0.16087378145256034,0.09521334649966237,0.27307757987036557,0.631709073629972
"Elkhart-Goshen MSA, IN, USA",0.11545631666736768,0.1704303540431665,0.15870533521108313,0.6708643107457504
"Jacksonville MSA, NC, USA",0.07141206712301043,0.18668042422025993,0.2165116765059296,0.5968078992738104
"Yuma MSA, AZ, USA",0.14355850156774272,0.18140704911816652,0.2935437032378608,0.5250492476439726
"Gainesville MSA, GA, USA",0.07827069793727043,0.2348867981199305,0.09397907246706237,0.6711341294130071
"Warner Robins MSA, GA, USA",0.11217772901810215,0.15105967232827333,0.1528987365275283,0.6960415911441983
"Hilo MSA, HI, USA",0.12447830592980594,0.07267653276955606,0.2413192389006345,0.6860042283298095
"Florence MSA, SC, USA",0.2158769310658184,0.14502763558581713,0.2124307069321637,0.6425416574820192
"St. Cloud MSA, MN, USA",0.09295085612630619,0.05181857842265989,0.1783273279581186,0.7698540936192215
"Bend-Redmond MSA, OR, USA",0.06358330497043935,0.1018217012934816,0.19987040576120255,0.6983078929453158
"Racine MSA, WI, USA",0.09185222672064797,0.07206949858852015,0.1791487431106327,0.7487817583008471
"Saginaw MSA, MI, USA",0.1306237579332016,0.05900903581173561,0.2914495550096478,0.6495414091786167
"Panama City MSA, FL, USA",0.08841836734693913,0.19743074494043317,0.17857399167503968,0.6239952633845272
"Punta Gorda MSA, FL, USA",0.09716842754636706,0.1845399170303943,0.17657964515932453,0.6388804378102811
"Bloomington MSA, IL, USA",0.09607566914872176,0.05454141427442689,0.1251316829075581,0.820326902818015
"Torrington MSA, CT, USA",0.0819295456670719,0.04977924284994514,0.19377097619922018,0.7564497809508347
"Columbia MSA, MO, USA",0.07875480420718638,0.09414931595663488,0.08736222701868666,0.8184884570246784
"Arecibo MSA, PR, USA",0.28281948680216407,0.0924840002503474,0.5627846640887426,0.3447313356609101
"Redding MSA, CA, USA",0.09849398435089843,0.09254685456922919,0.30030509952055917,0.6071480459102117
"Dover MSA, DE, USA",0.09715409623849225,0.09069526175636691,0.24390260443368222,0.6654021338099508
"Blacksburg-Christiansburg-Radford MSA, VA, USA",0.1314930178603075,0.0852701632478916,0.13558628941907103,0.7791435473330374
"Kingston MSA, NY, USA",0.08247886057813841,0.07505799660676508,0.24793982202832393,0.677002181364911
"Monroe MSA, LA, USA",0.19872434327861913,0.11107993374306453,0.2968437440599563,0.5920763221969793
"Joplin MSA, MO, USA",0.12900328809189424,0.18461172422628463,0.16408609235161792,0.6513021834220974
"Yuba City MSA, CA, USA",0.10746589250054553,0.08868156750002358,0.32243486757424644,0.58888356492573
"St. George MSA, UT, USA",0.08384248171139023,0.15876616744256028,0.11965251421874791,0.7215813183386919
"El Centro MSA, CA, USA",0.1252936913989584,0.09912414706181888,0.4161116203279349,0.48476423261024626
"Bowling Green MSA, KY, USA",0.11813716199126893,0.08571161132698865,0.25076239315880067,0.6635259955142107
"Abilene MSA, TX, USA",0.13209805536988323,0.22218161492819613,0.11671252902227341,0.6611058560495304
"Billings MSA, MT, USA",0.09647792265623918,0.0843211307631898,0.1944621022323595,0.7212167670044508
"Muskegon MSA, MI, USA",0.13815371585856426,0.06837527066377976,0.27196109908161,0.6596636302546102
"Sioux City MSA, IA-NE-SD, USA",0.1301613632936232,0.09460200752581586,0.1667516769481003,0.7386463155260838
"Iowa City MSA, IA, USA",0.06591649136962215,0.0646629156356981,0.11630173202725128,0.8190353523370506
"Midland MSA, TX, USA",0.10242604093370448,0.19310253298953434,0.05604428939784609,0.7508531776126195
"Auburn-Opelika MSA, AL, USA",0.09996514685846485,0.10953602643823104,0.10440492238118029,0.7860590511805887
"Eau Claire MSA, WI, USA",0.09741004233301977,0.07832120997897823,0.16135843580823492,0.7603203542127868
"Oshkosh-Neenah MSA, WI, USA",0.08825753332586524,0.05854532225114061,0.14009459043461292,0.8013600873142465
"Burlington MSA, NC, USA",0.1375022431316963,0.1485476413253985,0.13523995668834188,0.7162124019862597
"Coeur d'Alene MSA, ID, USA",0.08267862094463463,0.14247471155365904,0.14069661767030214,0.7168286707760388
"Greenville MSA, NC, USA",0.11067843787780804,0.1280826869694833,0.14573756883886615,0.7261797441916505
"Terre Haute MSA, IN, USA",0.13513674640435328,0.09358045264300188,0.22451945434816403,0.6819000930088341
"Waterloo-Cedar Falls MSA, IA, USA",0.11299484785767656,0.058283905174222335,0.1853031487803496,0.7564129460454281
"East Stroudsburg MSA, PA, USA",0.0867281448452912,0.0881845921255196,0.19878868331535762,0.7130267245591227
"Pueblo MSA, CO, USA",0.14878595836281244,0.09034607669386713,0.3396303581514025,0.5700235651547304
"Odessa MSA, TX, USA",0.12479032176078873,0.23682557055413658,0.08516761927925774,0.6780068101666057
"Kahului-Wailuku-Lahaina MSA, HI, USA",0.09898596753875659,0.06371012196005406,0.15322890168844155,0.7830609763515043
"Janesville-Beloit MSA, WI, USA",0.09457822202029384,0.076698284482675,0.17340608343608396,0.749895632081241
"Bloomington MSA, IN, USA",0.07560514602768112,0.08445796866955994,0.15039163050672913,0.7651504008237109
"Jackson MSA, MI, USA",0.11312729448676226,0.08009104864750465,0.25326345878990086,0.6666454925625945
"Sebastian-Vero Beach MSA, FL, USA",0.1165407008851791,0.1989480426695576,0.1482225123795916,0.6528294449508507
"State College MSA, PA, USA",0.08951481827298824,0.06026865753978875,0.12227503838621642,0.8174563040739948
"Idaho Falls MSA, ID, USA",0.06579833387844655,0.1310767297573236,0.13939033557348135,0.729532934669195
"Decatur MSA, AL, USA",0.17322453610999855,0.1514126064024241,0.15060838686093325,0.6979790067366426
"Madera MSA, CA, USA",0.10601679746661186,0.11878786485336863,0.3450400634577584,0.536172071688873
"Chambersburg-Waynesboro MSA, PA, USA",0.12808108238598775,0.10568400240674276,0.16067157972453933,0.7336444178687178
"Grand Junction MSA, CO, USA",0.08821014247220732,0.13475752074688793,0.2323759508990319,0.6328665283540801
"Elizabethtown-Fort Knox MSA, KY, USA",0.12524562152926116,0.0706275672662128,0.2805139591086377,0.6488584736251496
"Santa Fe MSA, NM, USA",0.1350977891156459,0.14881104576834553,0.23731281891654518,0.6138761353151093
"Monroe MSA, MI, USA",0.11991392393643578,0.05273282910690336,0.18731253620084512,0.7599546346922516
"Niles-Benton Harbor MSA, MI, USA",0.13770641767739683,0.08728195436834509,0.2375967469662065,0.6751212986654485
"Vineland-Bridgeton MSA, NJ, USA",0.1266940412160469,0.13124418243872155,0.25466513009175157,0.6140906874695268
"Hattiesburg MSA, MS, USA",0.1514088744477106,0.18154197127598848,0.1774770570850835,0.640980971638928
"Homosassa Springs MSA, FL, USA",0.10804489467369323,0.19484840214693205,0.22379040118523078,0.5813611966678373
"Concord MSA, NH, USA",0.08238280989407529,0.07815073105935534,0.1412667407562996,0.780582528184345
"Traverse City MSA, MI, USA",0.09352670215016973,0.085674157303371,0.18733794295592043,0.7269878997407085
"Hanford-Corcoran MSA, CA, USA",0.12830938409647444,0.11126799962702012,0.33922553316194015,0.5495064672110399
"Alexandria MSA, LA, USA",0.16055220439828613,0.1316494822384773,0.2971188904093253,0.5712316273521973
"Bangor MSA, ME, USA",0.10770234986945183,0.10760133275967211,0.2378855947890305,0.6545130724512973
"Albany MSA, GA, USA",0.18464968699082393,0.2073423711328647,0.18468059339993992,0.6079770354671955
"Dothan MSA, AL, USA",0.18144700875402198,0.17439592108179916,0.20446685878962498,0.6211372201285758
"Florence-Muscle Shoals MSA, AL, USA",0.1896380927222284,0.12520146441951585,0.1593356744121515,0.7154628611683326
"Jefferson City MSA, MO, USA",0.14576054764395976,0.11206679052271769,0.10768595609991034,0.780247253377372
"Ottawa-Peru MSA, IL, USA",0.12168834790597069,0.0601118620890638,0.19828059674725565,0.7416075411636806
"Wichita Falls MSA, TX, USA",0.13912293624130917,0.21319002926632544,0.14988898980724727,0.6369209809264273
"Valdosta MSA, GA, USA",0.20272802218391725,0.23439288646323525,0.14664153648694006,0.6189655770498246
"Texarkana MSA, TX-AR, USA",0.20101498835855588,0.17549695929777845,0.19717290565068715,0.6273301350515345
"Rapid City MSA, SD, USA",0.09953050045929307,0.1618586828670861,0.11477318200007258,0.7233681351328413
"Logan MSA, UT-ID, USA",0.0525026173345509,0.09470160452499166,0.08546692831582582,0.8198314671591825
"Flagstaff MSA, AZ, USA",0.15578893743754585,0.12820617922836494,0.18811292719167771,0.6836808935799573
"Rocky Mount MSA, NC, USA",0.20175902425267775,0.15689510932235987,0.21116060325140687,0.6319442874262333
"Lebanon MSA, PA, USA",0.12768910478834156,0.0985290101983877,0.1883674268957246,0.7131035629058876
"Pottsville MSA, PA, USA",0.15997817514100862,0.07204506976503845,0.21573516358519768,0.7122197666497638
"Dalton MSA, GA, USA",0.14938941896351157,0.23038125263596293,0.12915567635071507,0.6404630710133221
"Winchester MSA, VA-WV, USA",0.13890771107196137,0.13888286464734023,0.14718426950046973,0.71393286585219
"Morgantown MSA, WV, USA",0.09295156947591869,0.07040563437708872,0.16859858366336122,0.7609957819595501
"La Crosse-Onalaska MSA, WI-MN, USA",0.10452804685739962,0.05804785056006165,0.13409888213330964,0.8078532673066287
"Wheeling MSA, WV-OH, USA",0.17516378142956468,0.08369718225848762,0.24368334406985911,0.6726194736716532
"Tupelo MSA, MS, USA",0.1841358131989107,0.15595845801795416,0.15057208237986258,0.6934694596021832
"Napa MSA, CA, USA",0.06109558255311739,0.08309434721743593,0.15301359277031154,0.7638920600122525
"Wausau MSA, WI, USA",0.10569568465615971,0.07557824251998185,0.1381651852026501,0.786256572277368
"Bismarck MSA, ND, USA",0.09177285114531934,0.07625566374240829,0.10943073363539967,0.8143136026221921
"Eureka-Arcata-Fortuna MSA, CA, USA",0.10279364961194123,0.09723030309683459,0.33561305479015957,0.5671566421130059
"Springfield MSA, OH, USA",0.10363906828241806,0.09199303742384671,0.2665423349496459,0.6414646276265074
"Harrisonburg MSA, VA, USA",0.13741690998322706,0.13394856881530035,0.11081274405187648,0.7552386871328233
"Sherman-Denison MSA, TX, USA",0.1250269496873837,0.21773191216903376,0.1261220544110077,0.6561460334199585
"Battle Creek MSA, MI, USA",0.12991334097787482,0.06905395596419038,0.2574038228889419,0.6735422211468677
"Jonesboro MSA, AR, USA",0.1296183416245553,0.11348812626875364,0.2591320224381692,0.6273798512930772
"Johnstown MSA, PA, USA",0.17212344384798164,0.05476525873967663,0.25327222318416204,0.6919625180761614
"Dunn MSA, NC, USA",0.12989886078838062,0.1712200145901447,0.18414878573930138,0.6446311996705539
"Hammond MSA, LA, USA",0.16021905352345464,0.12420112052179558,0.2986823714923971,0.5771165079858072
"Jackson MSA, TN, USA",0.14738813403992523,0.15141591698974938,0.21659703140487604,0.6319870516053745
"The Villages MSA, FL, USA",0.10032388795755287,0.14373939779474196,0.19229749787955946,0.6639631043256986
"London MSA, KY, USA",0.19585384474959813,0.10014867080023813,0.41024646004294,0.4896048691568219
"Mount Vernon-Anacortes MSA, WA, USA",0.07142796143565822,0.10306276052929328,0.20203466577857881,0.6949025736921279
"Pittsfield MSA, MA, USA",0.10912201710941014,0.031939640106545805,0.28476901011221106,0.6832913497812432
"Albany MSA, OR, USA",0.09358011117219471,0.08917024468470373,0.2553670270549889,0.6554627282603074
"Jamestown-Dunkirk-Fredonia MSA, NY, USA",0.14663803461191172,0.06105565021730769,0.3111531331105038,0.6277912166721885
"Glens Falls MSA, NY, USA",0.1286046424419696,0.06271203605245865,0.25464580485087873,0.6826421590966626
"Lawton MSA, OK, USA",0.1045753050564599,0.204967349623757,0.1807242447093552,0.6143084056668877
"Cleveland MSA, TN, USA",0.14157317429203065,0.16301993206434645,0.17509453310260825,0.6618855348330452
"Sierra Vista-Douglas MSA, AZ, USA",0.1325575255386992,0.11729922550374414,0.29376225214512985,0.588938522351126
"Staunton-Waynesboro MSA, VA, USA",0.15764318578454742,0.11810215739559639,0.14796738949586824,0.7339304531085353
"San Germán MSA, PR, USA",0.4812074648434875,0.07940746273620133,0.5579370415529926,0.362655495710806
"Mansfield MSA, OH, USA",0.15230784769215197,0.09481886690314446,0.2307790931236386,0.674402039973217
"Augusta-Waterville MSA, ME, USA",0.11061191992720619,0.10173148985657096,0.2156480165396045,0.6826204936038246
"Altoona MSA, PA, USA",0.15867864844045643,0.06675924238122863,0.26671661165333577,0.6665241459654357
"New Bern MSA, NC, USA",0.1793261424288368,0.1465529560077802,0.19969944472250242,0.6537475992697174
"Wenatchee MSA, WA, USA",0.11181623167679632,0.1606677898606211,0.21764435595037435,0.6216878541890046
"Farmington MSA, NM, USA",0.2491941238711586,0.17021840894323026,0.3627418477900501,0.4670397432667197
"Owensboro MSA, KY, USA",0.12336777682295492,0.06150232161991376,0.24040442893645056,0.6980932494436357
"San Angelo MSA, TX, USA",0.1354773471675714,0.17699487581471668,0.10267241504449141,0.720332709140792
"St. Joseph MSA, MO-KS, USA",0.17011568123393186,0.15419902675720523,0.14297466501206058,0.7028263082307341
"Holland MSA, MI, USA",0.11374321880650974,0.06930025059895928,0.16832814694462084,0.7623716024564199
"Carbondale-Marion MSA, IL, USA",0.13180336826493372,0.08896782733191096,0.2291255841594858,0.6819065885086033
"Morristown MSA, TN, USA",0.15706913544230938,0.16510249346979766,0.22848197153285763,0.6064155349973447
"Bozeman MSA, MT, USA",0.05164086420285514,0.09136639713827886,0.10215995329830695,0.8064736495634143
"Lawrence MSA, KS, USA",0.0494528918573258,0.08805407449884697,0.08077012237527605,0.831175803125877
"Sheboygan MSA, WI, USA",0.08976226128694804,0.06046844119254885,0.13164571156245208,0.807885847244999
"Missoula MSA, MT, USA",0.06944191597386594,0.08741847654023932,0.17800291268283427,0.7345786107769264
"Goldsboro MSA, NC, USA",0.13397917067641799,0.19783073261881282,0.18979526737615762,0.6123740000050296
"Weirton-Steubenville MSA, WV-OH, USA",0.1566350375300951,0.08612338545207324,0.25025492861998644,0.6636216859279404
"Wooster MSA, OH, USA",0.15737876444363647,0.13933533690491734,0.15244566400975623,0.7082189990853263
"Watertown-Fort Drum MSA, NY, USA",0.0901421102218185,0.0718523348239309,0.30110575567282416,0.6270419095032449
"Lumberton MSA, NC, USA",0.307970928718545,0.21476193121840156,0.26648702705705857,0.5187510417245399
"Anniston-Oxford-Jacksonville MSA, AL, USA",0.16478157805621418,0.16353577437444838,0.20285641809483745,0.6336078075307141
"Beckley MSA, WV, USA",0.19210646827208044,0.08802073323301658,0.3298724965816367,0.5821067701853467
"Twin Falls MSA, ID, USA",0.1087909638106561,0.17629110119318758,0.144002185991438,0.6797067128153744
"Williamsport MSA, PA, USA",0.12587904360056232,0.06777664449584098,0.21689100860496252,0.7153323468991964
"Cookeville MSA, TN, USA",0.18759820302299313,0.11555085709697649,0.1878521056082644,0.6965970372947592
"California-Lexington Park MSA, MD, USA",0.08845312655333523,0.05619842191813888,0.16403904470226155,0.7797625333795996
"Brunswick MSA, GA, USA",0.14915829841657996,0.20718438357187957,0.18667492006065078,0.6061406963674697
"Michigan City-La Porte MSA, IN, USA",0.138131126317736,0.09481077481648258,0.19794523805748945,0.707243987126028
"Muncie MSA, IN, USA",0.1261348186483057,0.0933790347127561,0.23041700303058416,0.6762039622566597
"Roseburg MSA, OR, USA",0.13507653899218167,0.09420129562332093,0.3138726497076921,0.591926054668987
"Lewiston-Auburn MSA, ME, USA",0.11586191828708765,0.10691741761351256,0.20646322174335763,0.6866193606431298
"Longview MSA, WA, USA",0.1000327286328781,0.07858629753999992,0.272453770531658,0.6489599319283419
