longname,No internet access %,Uninsured %,Public Insurance %,Private Insurance %
"Creek OTSA, USA",0.10817949214503071,0.19022916410658494,0.12051704549238254,0.6892537904010325
"Cherokee OTSA, USA",0.18117428621628484,0.23569609077342984,0.16240682186891514,0.601897087357655
"Lumbee SDTSA, USA",0.15856556671376362,0.18935861862172884,0.24019428485543431,0.5704470965228369
"Chickasaw OTSA, USA",0.18109113174038718,0.20894284404016253,0.14870813346730855,0.642349022492529
"Choctaw OTSA, USA",0.22410264142421488,0.27550805909594245,0.18846952438533818,0.5360224165187194
"Kiowa-Comanche-Apache-Fort Sill Apache OTSA, USA",0.12482401371206116,0.21113166223364768,0.17506639044660763,0.6138019473197447
"Cheyenne and Arapaho OTSA, USA",0.10570337357958204,0.17145113018832772,0.09601258422343915,0.7325362855882331
"United Houma Nation SDTSA, USA",0.1567087784310175,0.09083467536356873,0.283339855733252,0.6258254689031791
"Citizen Potawatomi Nation-Absentee Shawnee OTSA, USA",0.11042059183117685,0.15053140178752172,0.12554595134731267,0.7239226468651655
"Cher-O-Creek SDTSA, USA",0.17135317383486023,0.1818620476532942,0.19728168110887015,0.6208562712378357
"Knik ANVSA, USA",0.09146047748718485,0.17280477988355852,0.20901394019983466,0.6181812799166069
"Coharie SDTSA, USA",0.18568989900283747,0.18927730490302097,0.2151486483475628,0.5955740467494163
"Sac and Fox OTSA, USA",0.1651209343698282,0.2071668006589984,0.1505064628164361,0.6423267365245655
"Echota Cherokee SDTSA, USA",0.15224784412851472,0.11472813875772742,0.11735242629787743,0.7679194349443951
"Samish TDSA, USA",0.06807840507804584,0.09529881705683209,0.1708352631210447,0.7338659198221233
"Kenaitze ANVSA, USA",0.1374151850700443,0.16000854795167035,0.2201111332238466,0.6198803188244831
"Four Winds Cherokee SDTSA, USA",0.14793027942243242,0.1243502947999896,0.35193503133439374,0.5237146738656167
"Natchitoches SDTSA, USA",0.24561784119366126,0.10933787569268459,0.337829139742663,0.5528329845646522
"Kickapoo OTSA, USA",0.18444961869578064,0.17460007718739892,0.13726693614335272,0.6881329866692484
"Kaw/Ponca joint-use OTSA, USA",0.17095902046003733,0.18212299963160178,0.16118644585948796,0.6566905545089102
"Chickaloon ANVSA, USA",0.06911499800432234,0.1421893914394051,0.18478642816873428,0.6730241803918606
"MaChis Lower Creek SDTSA, USA",0.20159317031257143,0.17899322792159145,0.16863017834498098,0.6523765937334276
"Seminole OTSA, USA",0.2698617826115879,0.302025551488386,0.18821758957451468,0.5097568589370993
"Ninilchik ANVSA, USA",0.11756974596808331,0.19860915885173788,0.24899210483750941,0.5523987363107528
"Pawnee OTSA, USA",0.2496963213882452,0.20909045138986018,0.1550230571141403,0.6358864914959994
"Caddo-Wichita-Delaware OTSA, USA",0.21285522011363373,0.230292865755332,0.15282735419913648,0.6168797800455315
"Bayou Lafourche SDTSA, USA",0.23707720477215033,0.14046306625554963,0.28575399380327665,0.5737829399411738
"Cherokee Tribe of Northeast Alabama SDTSA, USA",0.12167091804088848,0.16773921667097652,0.1760573932683324,0.6562033900606911
"Ketchikan ANVSA, USA",0.09852267417683291,0.12147272628271678,0.19927525148214356,0.6792520222351396
"Nanticoke Indian Tribe SDTSA, USA",0.08415837253848031,0.06955597551984821,0.1772645660615953,0.7531794584185565
"Kiowa-Comanche-Apache-Ft Sill Apache/Caddo-Wichita-Delaware joint-use OTSA, USA",0.24332541973446908,0.3039012501572336,0.22301496389487843,0.47308378594788797
"Grand Caillou/Dulac SDTSA, USA",0.1937186919177974,0.1614970254870705,0.31581441512176034,0.5226885593911691
"Occaneechi-Saponi SDTSA, USA",0.1541923750892255,0.12369145581622164,0.11064650840041018,0.7656620357833681
"Haliwa-Saponi SDTSA, USA",0.37573165154702093,0.1615229487158039,0.30819985731528116,0.5302771939689149
"Meherrin SDTSA, USA",0.2191864378705736,0.14561181393990527,0.2656691338924517,0.5887190521676431
"Iowa OTSA, USA",0.19774569911124476,0.22527860428388263,0.15356591356445123,0.6211554821516662
"Georgia Tribe of Eastern Cherokee SDTSA, USA",0.12676766779864695,0.1651660841800036,0.05024178793563763,0.7845921278843587
"Bethel ANVSA, USA",0.0908632004038364,0.19890653475657374,0.18354595157511064,0.6175475136683156
"Wassamasaw SDTSA, USA",0.11179532122311168,0.17532534277864556,0.16945331123217722,0.6552213459891773
"United Cherokee Ani-Yun-Wiya Nation SDTSA, USA",0.13483557378281655,0.1957522567754187,0.17883124921569304,0.6254164940088883
"Kaw OTSA, USA",0.20412454681138373,0.15048223086938495,0.13340392324843917,0.716113845882176
"Douglas ANVSA, USA",0.04238455506813318,0.10011049723756903,0.17348066298342543,0.7264088397790054
"Southeastern Mvskoke Nation SDTSA, USA",0.28721737500207417,0.12137763843851192,0.1878564358633386,0.6907659256981495
"Ottawa OTSA, USA",0.21885560838343973,0.24230880471955962,0.19600881332435055,0.5616823819560898
"Nanticoke Lenni Lenape SDTSA, USA",0.15210698165639122,0.17149373464924272,0.28406238478960955,0.5444438805611478
"Peoria OTSA, USA",0.17342567605079096,0.24466085358664055,0.16920321951793674,0.5861359268954227
"Apache Choctaw SDTSA, USA",0.24329528595466623,0.14782352022916506,0.4027081380554927,0.4494683417153423
"Barrow ANVSA, USA",0.2610526315789473,0.22940776038121172,0.1562287270251872,0.614363512593601
"Quapaw OTSA, USA",0.22597867550614206,0.2679360264577323,0.18053754995046234,0.5515264235918054
"Pointe-au-Chien SDTSA, USA",0.17951397183463294,0.05771192992996693,0.28391658826772437,0.6583714818023086
"Sitka ANVSA, USA",0.18059535929034665,0.18350247085874805,0.13509040666975583,0.6814071224714962
"Unalaska ANVSA, USA",0.12330456226880396,0.21201814058956922,0.037698412698412696,0.7502834467120182
"Edisto Natchez Kusso SDTSA, USA",0.21828162625561393,0.09247358939637146,0.26539674627730614,0.6421296643263225
"Seneca-Cayuga OTSA, USA",0.18230331540962816,0.2490156807377844,0.21816956644081562,0.5328147528213998
"Miami/Peoria joint-use OTSA, USA",0.23745582767146825,0.2737332552491676,0.24499054549668406,0.4812761992541484
"Tonkawa OTSA, USA",0.1844259029275857,0.22781035745521253,0.12289502542475951,0.649294617120028
"Nome ANVSA, USA",0.08000215068137434,0.20103314679294007,0.09857942315970719,0.7003874300473528
"Chickahominy TDSA, USA",0.2677579199747547,0.10482028262365783,0.1748284363503926,0.7203512810259495
"Mechoopda TDSA, USA",0.07763912699741234,0.08851445347546463,0.33444250759308,0.5770430389314555
"Kotzebue ANVSA, USA",0.11029174182565799,0.22851260936695836,0.17292846114256305,0.5985589294904785
"Pee Dee SDTSA, USA",0.35426977378249475,0.23218457944777315,0.2669694343690384,0.5008459861831885
"Cayuga Nation TDSA, USA",0.16256637694080678,0.08739563370036013,0.23165940721988182,0.6809449590797579
"Petersburg ANVSA, USA",0.13117311914303528,0.16907675194660735,0.17018909899888768,0.660734149054505
"Dillingham ANVSA, USA",0.11772853185595568,0.20971302428256075,0.2075055187637969,0.5827814569536424
"Sappony SDTSA, USA",0.24260890502454316,0.15067970670046285,0.15636444310657596,0.6929558501929611
"Adai Caddo SDTSA, USA",0.47253967051064827,0.12350804225643812,0.25475947442471236,0.6217324833188496
"Ponca OTSA, USA",0.2882616944269995,0.20770553292897767,0.1123005587146436,0.6799939083563786
"Creek/Seminole joint-use OTSA, USA",0.31517473083964564,0.3156227121857256,0.23692234308756266,0.4474549447267119
"Wyandotte OTSA, USA",0.23678071981481302,0.23550160939847758,0.18791760435311863,0.5765807862484039
"Rappahannock TDSA, USA",0.39513022300143286,0.10883140772280377,0.2633658019810533,0.6278027902961429
"Akutan ANVSA, USA",0.5734265734265733,0.4625242718446602,0.12854368932038834,0.4089320388349515
"Waccamaw Siouan SDTSA, USA",0.2481076476261981,0.20735052373159246,0.1944777028307226,0.5981717734376849
"Hooper Bay ANVSA, USA",0.2446043165467626,0.22137575621779074,0.54380461572933,0.2348196280528792
"Upper South Carolina Pee Dee SDTSA, USA",0.44840288473747775,0.3510282161645145,0.2132950741272118,0.4356767097082736
"Skagway ANVSA, USA",0.10769230769230764,0.17045454545454547,0.09297520661157027,0.7365702479338843
"Wrangell ANVSA, USA",0.17087667161961367,0.23330442324371198,0.26192541196877706,0.5047701647875108
"Craig ANVSA, USA",0.1890088512790584,0.2492732558139535,0.2056686046511628,0.5450581395348837
"Salamatof ANVSA, USA",0.12804878048780488,0.23015320334261838,0.2461699164345404,0.5236768802228412
"Beaver Creek SDTSA, USA",0.2180552229160811,0.17513538792540984,0.18763703234756018,0.6372275797270299
"Chevak ANVSA, USA",0.2446043165467625,0.2213757562177907,0.54380461572933,0.23481962805287923
"Hoonah ANVSA, USA",0.36200716845878134,0.2691564713457823,0.22730199613650995,0.5035415325177077
"Savoonga ANVSA, USA",0.270397842211733,0.25193798449612403,0.5098389982110912,0.23822301729278472
"Point Hope ANVSA, USA",0.26612903225806456,0.28908045977011493,0.25862068965517243,0.45229885057471264
"Emmonak ANVSA, USA",0.29896907216494845,0.22137575621779076,0.54380461572933,0.23481962805287926
"Togiak ANVSA, USA",0.3,0.2692847124824685,0.5315568022440393,0.1991584852734923
"Kwethluk ANVSA, USA",0.41666666666666685,0.22335115864527627,0.5862745098039217,0.19037433155080208
"Otoe-Missouria OTSA, USA",0.34218120300692656,0.19895162070395844,0.11816572241905549,0.682882656876986
"Selawik ANVSA, USA",0.33098591549295764,0.30892636774989707,0.4631838749485808,0.22788975730152208
"Unalakleet ANVSA, USA",0.27039784221173296,0.251937984496124,0.5098389982110914,0.2382230172927847
"Ramapough SDTSA, USA",0.0654689262958503,0.0852171361535085,0.09041913864187995,0.8243637252046115
"Kwinhagak ANVSA, USA",0.3416789396170839,0.2233511586452763,0.5862745098039216,0.19037433155080216
"Isle de Jean Charles SDTSA, USA",0.17318319282063985,0.12754686533381962,0.28135309961964394,0.5911000350465365
"King Cove ANVSA, USA",0.4117647058823529,0.4625242718446601,0.12854368932038834,0.40893203883495144
"Alakanuk ANVSA, USA",0.2989690721649485,0.22137575621779076,0.54380461572933,0.23481962805287926
"Eastern Shawnee OTSA, USA",0.1985849998573589,0.23763271754328943,0.1894029391204315,0.5729643433362791
"Kipnuk ANVSA, USA",0.2509578544061303,0.2233511586452763,0.5862745098039216,0.19037433155080213
"Noorvik ANVSA, USA",0.2228571428571429,0.30892636774989707,0.4631838749485809,0.22788975730152203
"Akiachak ANVSA, USA",0.41666666666666674,0.22335115864527627,0.5862745098039216,0.1903743315508021
"Toksook Bay ANVSA, USA",0.24337349397590358,0.22335115864527622,0.5862745098039216,0.1903743315508021
"Yakutat ANVSA, USA",0.1620370370370371,0.3273273273273273,0.15915915915915915,0.5135135135135137
"Kotlik ANVSA, USA",0.29896907216494845,0.22137575621779074,0.5438046157293299,0.23481962805287918
"Lenape Indian Tribe of Delaware SDTSA, USA",0.1249738760978397,0.11747668553810763,0.3516881773868902,0.5308351370750022
"Gambell ANVSA, USA",0.27039784221173296,0.25193798449612403,0.5098389982110912,0.23822301729278475
"Stebbins ANVSA, USA",0.27039784221173296,0.25193798449612403,0.5098389982110914,0.23822301729278472
"Wainwright ANVSA, USA",0.18128654970760236,0.2890804597701149,0.25862068965517243,0.45229885057471264
"Kasigluk ANVSA, USA",0.3809523809523809,0.2233511586452763,0.5862745098039215,0.19037433155080213
"Mountain Village ANVSA, USA",0.27289048473967686,0.2213757562177907,0.54380461572933,0.2348196280528792
"Pilot Station ANVSA, USA",0.27289048473967686,0.22137575621779074,0.54380461572933,0.23481962805287923
"Scammon Bay ANVSA, USA",0.24460431654676254,0.22137575621779076,0.54380461572933,0.23481962805287926
"Nunapitchuk ANVSA, USA",0.380952380952381,0.2233511586452763,0.5862745098039216,0.19037433155080213
"Shishmaref ANVSA, USA",0.27039784221173296,0.25193798449612403,0.5098389982110912,0.23822301729278472
"Noatak ANVSA, USA",0.18725099601593628,0.3089263677498972,0.46318387494858076,0.22788975730152197
"Buckland ANVSA, USA",0.1320754716981132,0.3089263677498971,0.4631838749485809,0.227889757301522
"Kake ANVSA, USA",0.36009732360097324,0.330327868852459,0.23278688524590163,0.43688524590163935
"Sand Point ANVSA, USA",0.2619647355163728,0.46252427184466016,0.12854368932038834,0.40893203883495144
"New Stuyahok ANVSA, USA",0.3,0.2692847124824685,0.5315568022440393,0.1991584852734923
"Nuiqsut ANVSA, USA",0.3127413127413128,0.28908045977011493,0.2586206896551724,0.4522988505747126
"Aniak ANVSA, USA",0.31536388140161725,0.3777208706786172,0.3905249679897568,0.23175416133162619
"Napaskiak ANVSA, USA",0.34167893961708395,0.2233511586452763,0.5862745098039216,0.19037433155080216
"Chefornak ANVSA, USA",0.2509578544061303,0.2233511586452763,0.5862745098039216,0.19037433155080208
"Algaaciq ANVSA, USA",0.27289048473967686,0.22137575621779076,0.54380461572933,0.23481962805287926
"Marshall ANVSA, USA",0.18461538461538463,0.2213757562177907,0.54380461572933,0.23481962805287923
"Manokotak ANVSA, USA",0.3,0.2692847124824685,0.5315568022440392,0.19915848527349228
"Kongiganak ANVSA, USA",0.25095785440613033,0.22335115864527627,0.5862745098039216,0.19037433155080213
"Galena ANVSA, USA",0.3163265306122449,0.29100529100529093,0.318342151675485,0.390652557319224
"Naknek ANVSA, USA",0.1841269841269841,0.21097770154373924,0.15265866209262435,0.6363636363636364
"Tuntutuliak ANVSA, USA",0.2509578544061303,0.22335115864527624,0.5862745098039216,0.19037433155080208
"Klawock ANVSA, USA",0.4260869565217391,0.2492732558139535,0.20566860465116277,0.5450581395348837
"Akiak ANVSA, USA",0.41666666666666674,0.22335115864527627,0.5862745098039216,0.1903743315508021
"St. Michael ANVSA, USA",0.27039784221173296,0.25193798449612403,0.5098389982110912,0.23822301729278472
"Santee SDTSA, USA",0.48550479672997393,0.13366336633663367,0.28589108910891087,0.5804455445544555
"Copper Center ANVSA, USA",0.10043668122270741,0.2482185273159145,0.2197149643705463,0.5320665083135392
"Kiana ANVSA, USA",0.22285714285714286,0.30892636774989707,0.4631838749485809,0.22788975730152203
"Kivalina ANVSA, USA",0.1872509960159363,0.3089263677498971,0.4631838749485808,0.227889757301522
"Tuluksak ANVSA, USA",0.41666666666666674,0.2233511586452763,0.5862745098039216,0.19037433155080208
"Seldovia ANVSA, USA",0.12271540469973893,0.28035714285714286,0.3392857142857142,0.38035714285714284
"Brevig Mission ANVSA, USA",0.27039784221173296,0.25193798449612403,0.5098389982110912,0.23822301729278472
"Fort Yukon ANVSA, USA",0.5805369127516778,0.19379844961240317,0.4666666666666667,0.33953488372093027
"Anaktuvuk Pass ANVSA, USA",0.3127413127413127,0.28908045977011493,0.2586206896551724,0.45229885057471264
"Russian Mission ANVSA, USA",0.18461538461538463,0.22137575621779076,0.54380461572933,0.23481962805287923
"St. Paul ANVSA, USA",0.26424870466321254,0.2972972972972973,0.31531531531531537,0.3873873873873874
"Tununak ANVSA, USA",0.2433734939759036,0.22335115864527627,0.5862745098039216,0.19037433155080213
"Chilkoot ANVSA, USA",0.1865671641791045,0.1676528599605523,0.19230769230769232,0.6400394477317555
"Eek ANVSA, USA",0.34167893961708395,0.2233511586452763,0.5862745098039216,0.1903743315508021
"False Pass ANVSA, USA",0.5734265734265734,0.4625242718446602,0.12854368932038837,0.40893203883495155
"Atmautluak ANVSA, USA",0.380952380952381,0.2233511586452763,0.5862745098039215,0.19037433155080213
"Saxman ANVSA, USA",0.11782477341389729,0.09581993569131832,0.16141479099678457,0.7427652733118971
"Hydaburg ANVSA, USA",0.3904761904761905,0.33032786885245896,0.2327868852459016,0.43688524590163935
"Kwigillingok ANVSA, USA",0.2509578544061303,0.22335115864527622,0.5862745098039216,0.1903743315508021
"Elim ANVSA, USA",0.2703978422117329,0.25193798449612403,0.5098389982110914,0.23822301729278478
"Napakiak ANVSA, USA",0.3416789396170839,0.2233511586452763,0.5862745098039216,0.19037433155080213
"Nenana ANVSA, USA",0.3007812499999999,0.4062927496580027,0.16689466484268117,0.4268125854993161
"Angoon ANVSA, USA",0.46183206106870234,0.26915647134578236,0.22730199613650995,0.5035415325177077
"Clifton Choctaw SDTSA, USA",0.2605897734654158,0.20733606112093964,0.24237089570669013,0.5502930431723703
"Point Lay ANVSA, USA",0.2661290322580645,0.28908045977011493,0.25862068965517243,0.45229885057471264
"Koyuk ANVSA, USA",0.2703978422117329,0.25193798449612403,0.5098389982110914,0.23822301729278472
"Newtok ANVSA, USA",0.2433734939759036,0.2233511586452763,0.5862745098039216,0.19037433155080213
"Nightmute ANVSA, USA",0.2433734939759036,0.22335115864527633,0.5862745098039216,0.19037433155080213
"Huslia ANVSA, USA",0.6160714285714286,0.29100529100529093,0.3183421516754851,0.390652557319224
"McGrath ANVSA, USA",0.4412532637075718,0.3993558776167471,0.4057971014492753,0.19484702093397743
"Kaktovik ANVSA, USA",0.3127413127413128,0.28908045977011493,0.25862068965517243,0.45229885057471264
"Lower Kalskag ANVSA, USA",0.31536388140161725,0.3777208706786172,0.39052496798975667,0.23175416133162613
"Atqasuk ANVSA, USA",0.18128654970760236,0.2890804597701149,0.2586206896551724,0.45229885057471264
"Ambler ANVSA, USA",0.40645161290322585,0.3089263677498971,0.4631838749485808,0.22788975730152203
"Shungnak ANVSA, USA",0.40645161290322585,0.3089263677498971,0.4631838749485809,0.22788975730152203
"Tazlina ANVSA, USA",0.12052796396156644,0.2482185273159145,0.21971496437054633,0.5320665083135392
"Goodnews Bay ANVSA, USA",0.3416789396170839,0.22335115864527627,0.5862745098039216,0.1903743315508021
"Miami OTSA, USA",0.2459319128063554,0.23317772554702973,0.15961737005632468,0.6072049043966457
"Teller ANVSA, USA",0.2703978422117329,0.25193798449612403,0.5098389982110912,0.2382230172927847
"Nanwalek ANVSA, USA",0.12271540469973892,0.28035714285714286,0.3392857142857143,0.3803571428571429
"Tanana ANVSA, USA",0.5705521472392638,0.4062927496580027,0.16689466484268126,0.42681258549931594
"Nulato ANVSA, USA",0.5181347150259068,0.29100529100529093,0.318342151675485,0.390652557319224
"Modoc OTSA, USA",0.1975687376358267,0.2302684608604915,0.17882981119777622,0.5909017279417323
"Northway ANVSA, USA",0.5218855218855218,0.2370778773259821,0.36595451412818736,0.39696760854583046
"Nunam Iqua ANVSA, USA",0.29896907216494845,0.22137575621779074,0.54380461572933,0.23481962805287923
"Old Harbor ANVSA, USA",0.3230769230769231,0.2414131501472032,0.24533856722276745,0.5132482826300295
"Kalskag ANVSA, USA",0.31536388140161725,0.37772087067861715,0.3905249679897567,0.23175416133162613
"Shaktoolik ANVSA, USA",0.27039784221173296,0.25193798449612403,0.5098389982110912,0.2382230172927847
"Aleknagik ANVSA, USA",0.30000000000000004,0.2692847124824684,0.5315568022440392,0.1991584852734923
"Grayling ANVSA, USA",0.4412532637075718,0.3993558776167472,0.40579710144927533,0.19484702093397743
"Mekoryuk ANVSA, USA",0.24337349397590358,0.2233511586452763,0.5862745098039216,0.19037433155080213
"Venetie ANVSA, USA",0.7473118279569894,0.1937984496124031,0.4666666666666667,0.3395348837209302
"Cantwell ANVSA, USA",0.11062906724511931,0.16926632004621603,0.05199306759098785,0.7787406123627961
"Eastern Chickahominy TDSA, USA",0.17574692442882248,0.06205318844724049,0.050900772090363165,0.8870460394623962
"Kobuk ANVSA, USA",0.4064516129032258,0.3089263677498972,0.4631838749485808,0.22788975730152203
"Port Alsworth ANVSA, USA",0.31347962382445144,0.3016129032258065,0.27419354838709675,0.4241935483870968
"White Mountain ANVSA, USA",0.27039784221173296,0.25193798449612403,0.5098389982110912,0.23822301729278472
"New Koliganek ANVSA, USA",0.3,0.26928471248246844,0.5315568022440393,0.19915848527349234
"Deering ANVSA, USA",0.1320754716981132,0.3089263677498971,0.46318387494858076,0.22788975730152197
"Allakaket ANVSA, USA",0.6160714285714285,0.291005291005291,0.318342151675485,0.39065255731922394
"Holy Cross ANVSA, USA",0.4412532637075718,0.3993558776167472,0.40579710144927533,0.19484702093397746
"Golovin ANVSA, USA",0.2703978422117329,0.2519379844961241,0.5098389982110914,0.23822301729278472
"Port Lions ANVSA, USA",0.2105263157894737,0.24141315014720313,0.24533856722276742,0.5132482826300295
"Manley Hot Springs ANVSA, USA",0.30078125,0.40629274965800277,0.16689466484268126,0.42681258549931594
"Newhalen ANVSA, USA",0.31347962382445144,0.3016129032258064,0.2741935483870968,0.4241935483870968
"Wales ANVSA, USA",0.27039784221173296,0.2519379844961241,0.5098389982110912,0.23822301729278472
"Port Graham ANVSA, USA",0.12271540469973895,0.28035714285714286,0.33928571428571436,0.38035714285714284
"Tyonek ANVSA, USA",0.2826086956521739,0.42618384401114207,0.2674094707520891,0.3064066852367688
"Kaltag ANVSA, USA",0.5181347150259068,0.291005291005291,0.318342151675485,0.390652557319224
"Kokhanok ANVSA, USA",0.31347962382445144,0.3016129032258065,0.27419354838709675,0.4241935483870968
"Arctic Village ANVSA, USA",0.7473118279569892,0.19379844961240306,0.4666666666666667,0.3395348837209302
"Minto ANVSA, USA",0.5705521472392638,0.40629274965800277,0.16689466484268123,0.42681258549931606
"Tanacross ANVSA, USA",0.5218855218855218,0.23707787732598207,0.3659545141281874,0.3969676085458305
"Ruby ANVSA, USA",0.6160714285714286,0.29100529100529104,0.318342151675485,0.39065255731922405
"Tetlin ANVSA, USA",0.5218855218855218,0.2370778773259821,0.36595451412818747,0.39696760854583046
"Eyak ANVSA, USA",0.04384133611691023,0.20760799484203735,0.15473887814313345,0.6376531270148291
"Nondalton ANVSA, USA",0.3134796238244514,0.3016129032258064,0.27419354838709675,0.42419354838709683
"King Salmon ANVSA, USA",0.18412698412698414,0.2109777015437393,0.15265866209262438,0.6363636363636365
"Gulkana ANVSA, USA",0.3299180327868853,0.24821852731591454,0.21971496437054633,0.5320665083135392
"Pitkas Point ANVSA, USA",0.2728904847396768,0.22137575621779074,0.54380461572933,0.23481962805287923
"Ouzinkie ANVSA, USA",0.2105263157894737,0.24141315014720321,0.24533856722276745,0.5132482826300295
"Ekwok ANVSA, USA",0.3,0.26928471248246844,0.5315568022440393,0.19915848527349228
"Iliamna ANVSA, USA",0.3134796238244514,0.30161290322580636,0.27419354838709675,0.4241935483870967
"Mentasta Lake ANVSA, USA",0.3299180327868853,0.24821852731591448,0.2197149643705463,0.5320665083135391
"Gakona ANVSA, USA",0.32991803278688525,0.24821852731591448,0.21971496437054633,0.5320665083135392
"Chuathbaluk ANVSA, USA",0.3153638814016173,0.37772087067861715,0.3905249679897567,0.23175416133162613
"Twin Hills ANVSA, USA",0.3,0.2692847124824685,0.5315568022440392,0.19915848527349228
"Andreafsky ANVSA, USA",0.2728904847396768,0.22137575621779074,0.5438046157293299,0.2348196280528793
"Port Heiden ANVSA, USA",0.31347962382445144,0.3016129032258064,0.27419354838709675,0.4241935483870968
"Shageluk ANVSA, USA",0.4412532637075718,0.3993558776167472,0.40579710144927533,0.19484702093397743
"Koyukuk ANVSA, USA",0.5181347150259068,0.291005291005291,0.318342151675485,0.390652557319224
"Chignik ANVSA, USA",0.3134796238244514,0.3016129032258064,0.27419354838709675,0.4241935483870967
"Sleetmute ANVSA, USA",0.3153638814016173,0.37772087067861715,0.3905249679897567,0.23175416133162616
"Chilkat ANVSA, USA",0.3550549165619179,0.26421265160727014,0.2255975687999514,0.5101897795927784
"Circle ANVSA, USA",0.5805369127516778,0.1937984496124031,0.4666666666666667,0.33953488372093027
"Crooked Creek ANVSA, USA",0.3153638814016173,0.3777208706786171,0.39052496798975667,0.2317541613316261
"Tatitlek ANVSA, USA",0.141025641025641,0.15996995869320316,0.08711978971085241,0.7529102515959444
"Nikolai ANVSA, USA",0.44125326370757184,0.39935587761674723,0.4057971014492754,0.19484702093397746
"Perryville ANVSA, USA",0.3134796238244513,0.30161290322580653,0.2741935483870968,0.4241935483870969
"Hughes ANVSA, USA",0.6160714285714286,0.291005291005291,0.3183421516754851,0.390652557319224
"Inalik ANVSA, USA",0.27039784221173296,0.2519379844961241,0.5098389982110914,0.23822301729278475
"Chitina ANVSA, USA",0.10043668122270742,0.24821852731591454,0.21971496437054633,0.5320665083135392
"Chignik Lagoon ANVSA, USA",0.3134796238244513,0.3016129032258065,0.2741935483870968,0.4241935483870968
"Anvik ANVSA, USA",0.4412532637075718,0.3993558776167472,0.40579710144927533,0.19484702093397746
"Oscarville ANVSA, USA",0.3416789396170839,0.2233511586452763,0.5862745098039216,0.1903743315508021
"Pilot Point ANVSA, USA",0.31347962382445144,0.3016129032258064,0.27419354838709675,0.42419354838709683
"Levelock ANVSA, USA",0.3134796238244514,0.3016129032258064,0.27419354838709675,0.4241935483870968
"Igiugig ANVSA, USA",0.31347962382445144,0.3016129032258065,0.2741935483870968,0.4241935483870968
"Clarks Point ANVSA, USA",0.3,0.26928471248246844,0.5315568022440392,0.19915848527349234
"South Naknek ANVSA, USA",0.1841269841269841,0.21097770154373927,0.15265866209262433,0.6363636363636362
"St. George ANVSA, USA",0.26424870466321243,0.2972972972972973,0.3153153153153153,0.38738738738738737
"Chignik Lake ANVSA, USA",0.31347962382445144,0.3016129032258064,0.2741935483870967,0.4241935483870967
"Akhiok ANVSA, USA",0.32307692307692304,0.24141315014720313,0.24533856722276745,0.5132482826300294
"Eklutna ANVSA, USA",0.048387096774193554,0.11169590643274853,0.1915204678362573,0.6967836257309941
"Chenega ANVSA, USA",0.14102564102564102,0.15996995869320316,0.08711978971085242,0.7529102515959444
"Rampart ANVSA, USA",0.5705521472392638,0.4062927496580027,0.16689466484268126,0.426812585499316
"Stony River ANVSA, USA",0.3153638814016173,0.3777208706786172,0.3905249679897567,0.23175416133162613
"Chalkyitsik ANVSA, USA",0.7473118279569892,0.19379844961240306,0.4666666666666667,0.3395348837209302
"Takotna ANVSA, USA",0.4412532637075718,0.3993558776167472,0.4057971014492754,0.19484702093397746
"Platinum ANVSA, USA",0.3416789396170839,0.2233511586452763,0.5862745098039216,0.19037433155080213
"Eagle ANVSA, USA",0.5218855218855218,0.23707787732598204,0.3659545141281874,0.3969676085458304
"Atka ANVSA, USA",0.26424870466321243,0.2972972972972973,0.3153153153153153,0.38738738738738737
"Chistochina ANVSA, USA",0.3299180327868853,0.24821852731591448,0.21971496437054627,0.5320665083135392
"Beaver ANVSA, USA",0.7473118279569892,0.1937984496124031,0.4666666666666667,0.33953488372093027
"Pedro Bay ANVSA, USA",0.3134796238244514,0.3016129032258064,0.27419354838709675,0.42419354838709683
"Nelson Lagoon ANVSA, USA",0.4117647058823529,0.4625242718446602,0.12854368932038834,0.4089320388349515
"Egegik ANVSA, USA",0.3134796238244514,0.3016129032258064,0.27419354838709686,0.4241935483870968
"Nikolski ANVSA, USA",0.26424870466321243,0.29729729729729726,0.3153153153153153,0.38738738738738737
"Waccamaw SDTSA, USA",0.09669895624550348,0.12364063137523028,0.22980927863414272,0.6465500899906269
"Stevens Village ANVSA, USA",0.5705521472392638,0.4062927496580027,0.16689466484268123,0.426812585499316
"Birch Creek ANVSA, USA",0.7473118279569892,0.19379844961240306,0.4666666666666666,0.3395348837209302
"Evansville ANVSA, USA",0.5705521472392638,0.4062927496580028,0.16689466484268126,0.426812585499316
"Larsen Bay ANVSA, USA",0.3230769230769231,0.24141315014720316,0.24533856722276742,0.5132482826300295
"Kasaan ANVSA, USA",0.2623574144486692,0.3303278688524591,0.23278688524590166,0.43688524590163935
"Ione Band of Miwok TDSA, USA",0.09473684210526317,0.1490984743411928,0.2115117891816921,0.6393897364771151
"Karluk ANVSA, USA",0.32307692307692304,0.2414131501472032,0.24533856722276745,0.5132482826300295
"Healy Lake ANVSA, USA",0.1661184210526316,0.23539445628997868,0.15437100213219615,0.6102345415778252
"Dot Lake ANVSA, USA",0.5218855218855218,0.2370778773259821,0.3659545141281875,0.3969676085458305
"Red Devil ANVSA, USA",0.31536388140161725,0.3777208706786172,0.3905249679897567,0.2317541613316261
"Lake Minchumina ANVSA, USA",0.4412532637075718,0.3993558776167472,0.40579710144927533,0.19484702093397743
"Alatna ANVSA, USA",0.6160714285714286,0.291005291005291,0.318342151675485,0.39065255731922394
"Lime Village ANVSA, USA",0.3153638814016173,0.37772087067861715,0.3905249679897567,0.23175416133162613
"Portage Creek ANVSA, USA",,0.2692847124824685,0.5315568022440393,0.1991584852734923
"Ugashik ANVSA, USA",0.3134796238244514,0.3016129032258064,0.27419354838709675,0.4241935483870968
"Belkofski ANVSA, USA",,0.46252427184466016,0.12854368932038834,0.4089320388349515
"Council ANVSA, USA",,0.25193798449612403,0.5098389982110912,0.2382230172927847
"Ekuk ANVSA, USA",,0.2692847124824685,0.5315568022440393,0.1991584852734923
"Hamilton ANVSA, USA",0.29896907216494845,0.2213757562177907,0.5438046157293299,0.2348196280528792
"Kodiak ANVSA, USA",0.0,0.24141315014720316,0.24533856722276745,0.5132482826300294
"Paimiut ANVSA, USA",0.2446043165467626,0.2213757562177907,0.5438046157293299,0.2348196280528792
"Telida ANVSA, USA",0.44125326370757184,0.3993558776167472,0.40579710144927533,0.19484702093397743
"Chuloonawick ANVSA, USA",,0.2213757562177907,0.5438046157293299,0.2348196280528792
"Georgetown ANVSA, USA",,0.37772087067861715,0.3905249679897567,0.23175416133162613
"Ivanof Bay ANVSA, USA",0.3134796238244514,0.3016129032258064,0.27419354838709675,0.4241935483870968
"Mary's Igloo ANVSA, USA",0.27039784221173296,0.25193798449612403,0.5098389982110912,0.2382230172927847
"Ohogamiut ANVSA, USA",0.18461538461538463,0.2213757562177907,0.5438046157293299,0.2348196280528792
"Solomon ANVSA, USA",,0.25193798449612403,0.5098389982110912,0.2382230172927847
"Uyak ANVSA, USA",0.32307692307692304,0.24141315014720316,0.24533856722276745,0.5132482826300294
