longname,Silent %,Boomer %,Gen X %,Millennial %,Gen Z %,Gen Alpha %
"Creek OTSA, USA",0.06314749059255688,0.21944898921684017,0.18172763108811993,0.20716581403724332,0.1953371463434694,0.13317292872177025
"Cherokee OTSA, USA",0.06832018078946951,0.23172422697024236,0.18099027202295703,0.18294361145028387,0.20618035977651045,0.12984134899053673
"Lumbee SDTSA, USA",0.05137911062492444,0.20153577780455353,0.17620208623010578,0.21754121591870942,0.20993436302461507,0.14340744639709188
"Chickasaw OTSA, USA",0.07248140801199653,0.2363657623149112,0.18283250405389903,0.1816933694078629,0.19940590259274527,0.12722105361858516
"Choctaw OTSA, USA",0.08024488370094546,0.23822165812119214,0.17141039257161736,0.1886204720344451,0.19269788333590274,0.1288047102358972
"Kiowa-Comanche-Apache-Fort Sill Apache OTSA, USA",0.060153183263292304,0.20629253519165708,0.16927565124411456,0.2156867776658493,0.21531772209313965,0.13327413054194717
"Cheyenne and Arapaho OTSA, USA",0.05934943755499897,0.2128320787616703,0.179124917970983,0.20800762095597936,0.20641242188538736,0.13427352287098107
"United Houma Nation SDTSA, USA",0.05895711091366824,0.21653161039267438,0.1821751934757539,0.21135300742204266,0.1961151232208328,0.1348679545750282
"Citizen Potawatomi Nation-Absentee Shawnee OTSA, USA",0.05621567297296214,0.25304032196470516,0.19938281162285934,0.18373347921248295,0.1892355309377707,0.1183921832892196
"Cher-O-Creek SDTSA, USA",0.07415199823486765,0.23771325658177653,0.18701955959332733,0.19060660617870637,0.1829319188123433,0.12757666059897882
"Knik ANVSA, USA",0.03632604532688839,0.21421438066856083,0.18747675191974045,0.21500538480692402,0.2037022585498055,0.1432751787280808
"Coharie SDTSA, USA",0.0650260051340757,0.22578896333779422,0.180780288569646,0.19999406016167112,0.1882719048822753,0.14013877791453758
"Sac and Fox OTSA, USA",0.0761235091236526,0.23591038207384302,0.17608324129368094,0.1925589464464556,0.18581524981013478,0.1335086712522331
"Echota Cherokee SDTSA, USA",0.05528969394299916,0.23890135410212582,0.20796971003274375,0.18340765949844567,0.1921624013677971,0.12226918105588856
"Samish TDSA, USA",0.12179144021575333,0.3602698887525744,0.16260274247587128,0.14666326173725042,0.1272619139072393,0.08141075291131139
"Kenaitze ANVSA, USA",0.06084071283983879,0.2629585877182011,0.18085569913466237,0.18264046842048645,0.18353544681501177,0.12916908507179958
"Four Winds Cherokee SDTSA, USA",0.05396014509430527,0.2144720243693123,0.17910735964758598,0.23113459805090653,0.18703318053818793,0.13429269229970212
"Natchitoches SDTSA, USA",0.05284494669300204,0.19263596571202046,0.14549352059353668,0.16726740453790676,0.3162243270053065,0.1255338354582275
"Kickapoo OTSA, USA",0.05517017717474228,0.23443002060185908,0.17730166421576438,0.17812630246749456,0.229917411908312,0.12505442363182775
"Kaw/Ponca joint-use OTSA, USA",0.07845062569659814,0.22221714598812983,0.16332278127200447,0.19723342702752225,0.2020514454444318,0.13672457457131354
"Chickaloon ANVSA, USA",0.04002784517555721,0.2229582812612392,0.18555983624527836,0.20581732111120898,0.2066169908567414,0.13901972534997473
"MaChis Lower Creek SDTSA, USA",0.07428411683892537,0.2607878205466667,0.20014457870500812,0.16377379221380536,0.19459735532449682,0.10641233637109744
"Seminole OTSA, USA",0.07550470039119042,0.23512852458274802,0.17344460299129794,0.17930036506846248,0.2061034076248406,0.13051839934146045
"Ninilchik ANVSA, USA",0.05681016900620317,0.31285041667254104,0.1643783947041771,0.1844010060427298,0.15917309062069285,0.12238692295365598
"Pawnee OTSA, USA",0.07705260446286356,0.2539004902214776,0.1912637829557991,0.1652865967461075,0.19135713250328454,0.12113939311046777
"Caddo-Wichita-Delaware OTSA, USA",0.0760306304202356,0.23373978154601385,0.18862053143326146,0.20389024907624864,0.1734159078660311,0.12430289965820937
"Bayou Lafourche SDTSA, USA",0.07092442767081036,0.27186658313967704,0.1809957717753936,0.21480390794278742,0.1376212358331684,0.12378807363816308
"Cherokee Tribe of Northeast Alabama SDTSA, USA",0.06575483954398433,0.21127311491662257,0.186332392522512,0.18217103593457487,0.21158306630277274,0.1428855507795334
"Ketchikan ANVSA, USA",0.05176261654323695,0.2588149753017283,0.19179252047470155,0.20064519869315456,0.1769256417670923,0.12005904722008623
"Nanticoke Indian Tribe SDTSA, USA",0.1256035561592901,0.382266498617545,0.16046858876659673,0.1360570284515401,0.1116593955485477,0.0839449324564803
"Kiowa-Comanche-Apache-Ft Sill Apache/Caddo-Wichita-Delaware joint-use OTSA, USA",0.057935756664015146,0.2217252972166569,0.18145668578455643,0.18035683006379682,0.20760747522073214,0.1509179550502427
"Grand Caillou/Dulac SDTSA, USA",0.0787787145928863,0.208060892244818,0.1832424605270975,0.18235120529766952,0.26920001452050946,0.07836671281701912
"Occaneechi-Saponi SDTSA, USA",0.06444737820407971,0.2478174646317381,0.2267525938215287,0.1548207998622774,0.2016423820111543,0.10451938146922185
"Haliwa-Saponi SDTSA, USA",0.08973289897594457,0.2405072179944676,0.21551663552660366,0.15644592203869187,0.20555789125360113,0.09223943421069104
"Meherrin SDTSA, USA",0.09583624832187186,0.2681132377138691,0.16053111195919273,0.1981224999972868,0.1886812624328935,0.08871563957488607
"Iowa OTSA, USA",0.08171527857009472,0.26733984309308295,0.17161011207862364,0.18533993208689276,0.16869423775660525,0.12530059641470065
"Georgia Tribe of Eastern Cherokee SDTSA, USA",0.09822137207621388,0.2276898213079183,0.1642900179668031,0.19413251020766842,0.2425082264092515,0.07315805203214483
"Bethel ANVSA, USA",0.014666029013231309,0.17678941495297307,0.1804559222062809,0.2321058504702694,0.2408735852064403,0.15510919815080504
"Wassamasaw SDTSA, USA",0.030440179220334304,0.21473028777400166,0.19698011010193164,0.21316847368110284,0.21422374739275835,0.13045720182987133
"United Cherokee Ani-Yun-Wiya Nation SDTSA, USA",0.07802670594021467,0.23936461430039602,0.19176004931831758,0.17495451943268114,0.19129431377737693,0.12459979723101357
"Kaw OTSA, USA",0.091123098065633,0.28874207251528117,0.18232648418816685,0.13220192824324037,0.20191284660248754,0.10369357038519107
"Douglas ANVSA, USA",0.03923869687188967,0.231228927979327,0.180119756881983,0.24201156166671886,0.18784309197427815,0.11955796462580334
"Southeastern Mvskoke Nation SDTSA, USA",0.09126945131847118,0.2329710603380728,0.1750891427043661,0.1674396791982685,0.20120637992005114,0.13202428652077014
"Ottawa OTSA, USA",0.07420860318415899,0.2000269815297734,0.16211498853346037,0.1851488531867524,0.23899360706798484,0.13950696649787
"Nanticoke Lenni Lenape SDTSA, USA",0.06536301717528425,0.234429954336279,0.19092671538489847,0.15915669340357735,0.2171574283689766,0.1329661913309843
"Peoria OTSA, USA",0.07883802943692311,0.24286001639159221,0.17170960382190967,0.16228666227139935,0.2101755958065655,0.13413009227161016
"Apache Choctaw SDTSA, USA",0.07919930349113588,0.22064716504028165,0.17437472726749156,0.1619442269458285,0.19981116183334188,0.16402341542192048
"Barrow ANVSA, USA",0.02087027550054093,0.1812503234481601,0.1711019483957083,0.19181097588706564,0.26427680575927026,0.17068967100925458
"Quapaw OTSA, USA",0.06449781708941045,0.21522532996671492,0.2007272072290743,0.1702595260936374,0.20700880160194604,0.14228131801921687
"Pointe-au-Chien SDTSA, USA",0.07270631360650964,0.34940371414354,0.18001550889771578,0.15242961041648656,0.16085958581245632,0.08458526712329163
"Sitka ANVSA, USA",0.06684137683235761,0.23513918544928655,0.18521682235797546,0.21386152572468564,0.19277637780028165,0.10616471183541311
"Unalaska ANVSA, USA",0.01175386033648306,0.17861258354459553,0.2820926480755935,0.26019820235077207,0.19681954367365753,0.07052316201889837
"Edisto Natchez Kusso SDTSA, USA",0.06513216256276785,0.1938367614817155,0.29896355620898735,0.1787139910952611,0.17909133811013236,0.08426219054113575
"Seneca-Cayuga OTSA, USA",0.1468646827294689,0.33858724534105006,0.15483848135276454,0.13447591756506555,0.14566020629413481,0.07957346671751626
"Miami/Peoria joint-use OTSA, USA",0.07168659359102747,0.1991094520739345,0.1362945997959042,0.21214202149396114,0.19349260490410103,0.1872747281410718
"Tonkawa OTSA, USA",0.09135545951721555,0.2145832183224874,0.16858444693828212,0.16462730839080977,0.2194921699512412,0.1413573968799639
"Nome ANVSA, USA",0.024061388902971177,0.14652718044533827,0.20442257720532112,0.2376574457661382,0.22583275110413678,0.16149865657609452
"Chickahominy TDSA, USA",0.09702253874086679,0.3199537043120257,0.17897991731077917,0.16955145440037134,0.1567398686750672,0.07775251656088987
"Mechoopda TDSA, USA",0.03446290116765862,0.15162715907129157,0.18523267376892877,0.26039106362719855,0.2128312439348667,0.15545495843005583
"Kotzebue ANVSA, USA",0.02135949263755442,0.15051383384861677,0.20578148214391398,0.20873723764544397,0.2536352583562139,0.1599726953682569
"Pee Dee SDTSA, USA",0.038541482292310865,0.18207098514879838,0.2052189403520109,0.2959560121751883,0.1856572015944906,0.09255537843720091
"Cayuga Nation TDSA, USA",0.07719048848665619,0.2718349299589728,0.1873565860081309,0.15884343830030476,0.19629688999964076,0.10847766724629457
"Petersburg ANVSA, USA",0.08721156672750123,0.32564378428332585,0.15418435052245083,0.1670379523360505,0.14649739957278665,0.11942494655788485
"Dillingham ANVSA, USA",0.03257918552036199,0.18235294117647063,0.12986425339366517,0.276923076923077,0.1995475113122172,0.17873303167420818
"Sappony SDTSA, USA",0.15501286034302578,0.2922651943226533,0.18748692919214208,0.13891521593775608,0.14107069001459943,0.08524911018982338
"Adai Caddo SDTSA, USA",0.15910110958487012,0.2157851012058253,0.20589395839606683,0.1356662082814627,0.17187723600573285,0.11167638652604218
"Ponca OTSA, USA",0.05920779562607129,0.24508927912996833,0.16222777781889966,0.1759306986177142,0.2221081865424924,0.13543626226485392
"Creek/Seminole joint-use OTSA, USA",0.074639760727839,0.2599544740603161,0.13828912527858517,0.1769809400942669,0.18479254628313188,0.165343153555861
"Wyandotte OTSA, USA",0.09682925701805768,0.26008506998867453,0.1613821544793652,0.14935988938635134,0.21209664251543217,0.1202469866121191
"Rappahannock TDSA, USA",0.10827919111458469,0.312761680419304,0.1907963398190334,0.1397412490762862,0.12350927477490903,0.12491226479588273
"Akutan ANVSA, USA",0.016501650165016504,0.22992299229922994,0.30143014301430143,0.2629262926292629,0.1199119911991199,0.0693069306930693
"Waccamaw Siouan SDTSA, USA",0.1190699711922438,0.2840946169049041,0.17870986760307303,0.14113660036704298,0.18362107002894995,0.093367873903786
"Hooper Bay ANVSA, USA",0.015384615384615387,0.13393665158371043,0.16515837104072398,0.22850678733031674,0.23438914027149324,0.22262443438914029
"Upper South Carolina Pee Dee SDTSA, USA",0.04539509947160014,0.2549688424125651,0.18953436870933255,0.17947886345726577,0.20287820343279714,0.12774462251643925
"Skagway ANVSA, USA",0.030097817908201655,0.2129420617005267,0.2768999247554552,0.27915726109857036,0.11060948081264109,0.09029345372460497
"Wrangell ANVSA, USA",0.08472622478386167,0.2639769452449568,0.16426512968299714,0.1861671469740634,0.14466858789625361,0.15619596541786743
"Craig ANVSA, USA",0.03891887831210225,0.2901807593107321,0.1889995456870678,0.18540796943582916,0.1909259040648487,0.10556694318941985
"Salamatof ANVSA, USA",0.04036557501904036,0.24295506473724296,0.19040365575019041,0.20411271896420408,0.23076923076923073,0.09139375476009139
"Beaver Creek SDTSA, USA",0.10284804902297655,0.2522961063621175,0.16334249082730942,0.15723927849956273,0.16884725630204075,0.15542681898599314
"Chevak ANVSA, USA",0.015384615384615385,0.1339366515837104,0.16515837104072398,0.22850678733031674,0.2343891402714932,0.22262443438914029
"Hoonah ANVSA, USA",0.06870229007633587,0.31952017448200654,0.1886586695747001,0.20937840785169023,0.1297709923664122,0.08396946564885495
"Savoonga ANVSA, USA",0.022830310880829013,0.16564119170984454,0.14281088082901555,0.19300518134715028,0.2661917098445596,0.20952072538860103
"Point Hope ANVSA, USA",0.019930675909878685,0.11178509532062392,0.1195840554592721,0.23050259965337952,0.27469670710571925,0.2435008665511265
"Emmonak ANVSA, USA",0.01214223764093669,0.12460248626770742,0.11708586296617518,0.19340849956634867,0.2833188782885227,0.26944203527030935
"Togiak ANVSA, USA",0.03384157679434734,0.2011900334696913,0.11863146150985496,0.20751208627742654,0.24544440312383786,0.19338043882484193
"Kwethluk ANVSA, USA",0.022525597269624574,0.13993174061433447,0.13378839590443686,0.20136518771331058,0.23276450511945393,0.2696245733788396
"Otoe-Missouria OTSA, USA",0.06155357873004265,0.3176621427402129,0.1416572008886027,0.15032784119910306,0.20831492435423699,0.1204843120878017
"Selawik ANVSA, USA",0.039453717754172994,0.125948406676783,0.09863429438543247,0.22913505311077392,0.23823975720789076,0.26858877086494687
"Unalakleet ANVSA, USA",0.02283031088082902,0.16564119170984457,0.14281088082901555,0.19300518134715025,0.2661917098445596,0.20952072538860106
"Ramapough SDTSA, USA",0.08689551913969731,0.23490849145419512,0.20115244403065072,0.1633844980864767,0.2222265759444383,0.09143247134454194
"Kwinhagak ANVSA, USA",0.02277904328018223,0.13992840872111945,0.14904002603319233,0.17312072892938496,0.29515131793036115,0.21998047510575985
"Isle de Jean Charles SDTSA, USA",0.07114712832153396,0.30616313526315087,0.21083203483239646,0.14856473831447561,0.1712274827813609,0.09206548048708234
"King Cove ANVSA, USA",0.05688622754491017,0.17440119760479042,0.2432634730538922,0.21032934131736525,0.24775449101796404,0.06736526946107783
"Alakanuk ANVSA, USA",0.012142237640936688,0.12460248626770742,0.1170858629661752,0.19340849956634867,0.2833188782885227,0.26944203527030935
"Eastern Shawnee OTSA, USA",0.11678914306321578,0.25123980657598144,0.15757407049489447,0.15193210837439627,0.17858402038250623,0.14388085110900575
"Kipnuk ANVSA, USA",0.03328661527680449,0.12088297126839524,0.11352487736510164,0.25543097407147863,0.25858444288717586,0.21829011913104418
"Noorvik ANVSA, USA",0.034764826175869123,0.18711656441717792,0.11758691206543968,0.17075664621676892,0.25357873210633947,0.2361963190184049
"Akiachak ANVSA, USA",0.02252559726962457,0.13993174061433444,0.13378839590443686,0.20136518771331058,0.2327645051194539,0.2696245733788396
"Toksook Bay ANVSA, USA",0.023965141612200435,0.16176470588235295,0.1486928104575163,0.17429193899782136,0.24291938997821352,0.24836601307189543
"Yakutat ANVSA, USA",0.03914590747330961,0.2615658362989324,0.15124555160142347,0.23843416370106757,0.15836298932384338,0.15124555160142347
"Kotlik ANVSA, USA",0.012142237640936686,0.12460248626770744,0.11708586296617518,0.19340849956634865,0.28331887828852265,0.26944203527030935
"Lenape Indian Tribe of Delaware SDTSA, USA",0.11145252391211005,0.2947097638864975,0.1437757759259626,0.16216522662577593,0.17884767575821922,0.10904903389143461
"Gambell ANVSA, USA",0.022830310880829013,0.16564119170984457,0.14281088082901552,0.19300518134715025,0.26619170984455953,0.20952072538860103
"Stebbins ANVSA, USA",0.022830310880829017,0.1656411917098446,0.14281088082901555,0.19300518134715025,0.2661917098445596,0.20952072538860106
"Wainwright ANVSA, USA",0.021709633649932156,0.13568521031207595,0.15603799185888736,0.21709633649932156,0.2550881953867028,0.21438263229308005
"Kasigluk ANVSA, USA",0.028230865746549563,0.1794228356336261,0.09535759096612295,0.2001254705144291,0.2528230865746549,0.2440401505646173
"Mountain Village ANVSA, USA",0.028089887640449437,0.14261019878997405,0.12186689714779603,0.20700086430423506,0.28997407087294724,0.21045808124459808
"Pilot Station ANVSA, USA",0.028089887640449434,0.14261019878997408,0.12186689714779603,0.20700086430423506,0.2899740708729473,0.21045808124459808
"Scammon Bay ANVSA, USA",0.015384615384615384,0.1339366515837104,0.16515837104072395,0.22850678733031674,0.2343891402714932,0.22262443438914023
"Nunapitchuk ANVSA, USA",0.028230865746549563,0.1794228356336261,0.09535759096612295,0.20012547051442908,0.2528230865746549,0.2440401505646173
"Shishmaref ANVSA, USA",0.022830310880829017,0.16564119170984457,0.14281088082901555,0.19300518134715028,0.2661917098445596,0.20952072538860106
"Noatak ANVSA, USA",0.0190865712338105,0.18609406952965235,0.1117927743694615,0.23244717109747787,0.25562372188139065,0.19495569188820722
"Buckland ANVSA, USA",0.03809523809523809,0.09404761904761906,0.08333333333333334,0.2702380952380953,0.24523809523809526,0.26904761904761904
"Kake ANVSA, USA",0.07178464606181457,0.3190428713858424,0.15752741774675974,0.17746759720837488,0.13260219341974078,0.14157527417746762
"Sand Point ANVSA, USA",0.0309278350515464,0.3195876288659794,0.24226804123711346,0.21993127147766323,0.1254295532646048,0.0618556701030928
"Nuiqsut ANVSA, USA",0.023566378633150035,0.12411626080125686,0.09112333071484681,0.2710133542812254,0.24194815396700706,0.24823252160251372
"New Stuyahok ANVSA, USA",0.03384157679434734,0.20119003346969133,0.11863146150985497,0.20751208627742657,0.2454444031238379,0.19338043882484196
"Aniak ANVSA, USA",0.01409443269908386,0.19802677942212826,0.160676532769556,0.18252290345313602,0.2241014799154334,0.22057787174066243
"Napaskiak ANVSA, USA",0.022779043280182234,0.13992840872111945,0.14904002603319236,0.173120728929385,0.29515131793036126,0.21998047510575985
"Chefornak ANVSA, USA",0.03328661527680449,0.12088297126839524,0.11352487736510161,0.25543097407147863,0.2585844428871759,0.21829011913104415
"Algaaciq ANVSA, USA",0.02808988764044943,0.14261019878997405,0.12186689714779601,0.20700086430423506,0.28997407087294724,0.21045808124459808
"Marshall ANVSA, USA",0.002695417789757413,0.1320754716981132,0.0835579514824798,0.24528301886792458,0.29380053908355797,0.24258760107816713
"Manokotak ANVSA, USA",0.03384157679434734,0.2011900334696913,0.11863146150985496,0.20751208627742654,0.24544440312383786,0.19338043882484193
"Kongiganak ANVSA, USA",0.033286615276804495,0.12088297126839526,0.11352487736510163,0.25543097407147863,0.25858444288717586,0.21829011913104418
"Galena ANVSA, USA",0.061657032755298644,0.12331406551059729,0.2119460500963391,0.23699421965317918,0.18882466281310212,0.17726396917148363
"Naknek ANVSA, USA",0.055359246171967004,0.29564193168433445,0.14605418138987042,0.2603062426383981,0.11542991755005888,0.12720848056537098
"Tuntutuliak ANVSA, USA",0.03328661527680449,0.12088297126839523,0.1135248773651016,0.25543097407147863,0.2585844428871758,0.21829011913104412
"Klawock ANVSA, USA",0.05670665212649945,0.23446019629225734,0.27699018538713194,0.14612868047982552,0.18538713195201745,0.10032715376226828
"Akiak ANVSA, USA",0.02252559726962457,0.13993174061433444,0.13378839590443684,0.20136518771331055,0.2327645051194539,0.26962457337883955
"St. Michael ANVSA, USA",0.022830310880829017,0.16564119170984457,0.14281088082901555,0.19300518134715022,0.26619170984455953,0.209520725388601
"Santee SDTSA, USA",0.08068172543609663,0.36462507360402197,0.1147152741652419,0.09202536863501888,0.2687004652599056,0.07925209289971495
"Kiana ANVSA, USA",0.034764826175869123,0.1871165644171779,0.11758691206543966,0.1707566462167689,0.25357873210633947,0.23619631901840488
"Copper Center ANVSA, USA",0.053231939163498096,0.2585551330798479,0.26083650190114066,0.12243346007604561,0.1741444866920152,0.13079847908745246
"Kivalina ANVSA, USA",0.019086571233810495,0.18609406952965235,0.11179277436946149,0.23244717109747787,0.25562372188139065,0.19495569188820724
"Tuluksak ANVSA, USA",0.02252559726962457,0.13993174061433444,0.13378839590443684,0.20136518771331058,0.2327645051194539,0.26962457337883955
"Seldovia ANVSA, USA",0.05549738219895288,0.36230366492146604,0.20104712041884817,0.13717277486910995,0.1706806282722513,0.07329842931937174
"Brevig Mission ANVSA, USA",0.022830310880829017,0.16564119170984457,0.14281088082901555,0.19300518134715025,0.2661917098445596,0.20952072538860106
"Fort Yukon ANVSA, USA",0.06833333333333334,0.3433333333333333,0.15833333333333335,0.10666666666666667,0.16666666666666669,0.15666666666666668
"Anaktuvuk Pass ANVSA, USA",0.023566378633150035,0.12411626080125686,0.09112333071484681,0.2710133542812254,0.24194815396700703,0.24823252160251372
"Russian Mission ANVSA, USA",0.002695417789757413,0.1320754716981132,0.08355795148247978,0.24528301886792456,0.29380053908355797,0.24258760107816718
"St. Paul ANVSA, USA",0.01644736842105263,0.2642543859649123,0.2478070175438597,0.1940789473684211,0.19956140350877194,0.07785087719298246
"Tununak ANVSA, USA",0.023965141612200435,0.16176470588235295,0.1486928104575163,0.17429193899782133,0.2429193899782135,0.24836601307189543
"Chilkoot ANVSA, USA",0.048446069469835464,0.21663619744058502,0.15173674588665445,0.17276051188299815,0.23491773308957953,0.17550274223034734
"Eek ANVSA, USA",0.02277904328018223,0.13992840872111942,0.14904002603319233,0.17312072892938493,0.2951513179303612,0.21998047510575985
"False Pass ANVSA, USA",0.0165016501650165,0.2299229922992299,0.30143014301430143,0.262926292629263,0.11991199119911991,0.06930693069306931
"Atmautluak ANVSA, USA",0.028230865746549563,0.17942283563362607,0.09535759096612297,0.20012547051442908,0.2528230865746549,0.2440401505646173
"Saxman ANVSA, USA",0.06329113924050632,0.2005842259006816,0.22200584225900682,0.17137293086660177,0.22005842259006816,0.12268743914313536
"Hydaburg ANVSA, USA",0.08650519031141869,0.3391003460207613,0.12110726643598618,0.17993079584775087,0.13321799307958482,0.14013840830449828
"Kwigillingok ANVSA, USA",0.03328661527680449,0.12088297126839526,0.11352487736510163,0.25543097407147863,0.2585844428871759,0.21829011913104418
"Elim ANVSA, USA",0.022830310880829017,0.16564119170984457,0.14281088082901555,0.19300518134715028,0.2661917098445596,0.20952072538860106
"Napakiak ANVSA, USA",0.022779043280182234,0.13992840872111942,0.14904002603319233,0.17312072892938493,0.2951513179303612,0.21998047510575983
"Nenana ANVSA, USA",0.07454289732770744,0.2517580872011252,0.10689170182841068,0.18846694796061883,0.1772151898734177,0.20112517580872008
"Angoon ANVSA, USA",0.04848484848484848,0.43333333333333335,0.18787878787878787,0.1606060606060606,0.09090909090909091,0.0787878787878788
"Clifton Choctaw SDTSA, USA",0.12251832881949835,0.20310758087869793,0.22340139785031207,0.13910979045792407,0.21072305667635702,0.10113984531721061
"Point Lay ANVSA, USA",0.01993067590987868,0.11178509532062395,0.11958405545927209,0.23050259965337952,0.2746967071057193,0.2435008665511265
"Koyuk ANVSA, USA",0.022830310880829017,0.16564119170984457,0.14281088082901555,0.19300518134715028,0.26619170984455964,0.20952072538860103
"Newtok ANVSA, USA",0.023965141612200435,0.16176470588235295,0.1486928104575163,0.17429193899782136,0.2429193899782135,0.24836601307189543
"Nightmute ANVSA, USA",0.02396514161220043,0.16176470588235292,0.1486928104575163,0.17429193899782133,0.2429193899782135,0.24836601307189543
"Huslia ANVSA, USA",0.04,0.18206896551724136,0.1406896551724138,0.1972413793103448,0.18482758620689654,0.2551724137931034
"McGrath ANVSA, USA",0.048938134810710986,0.24561403508771928,0.12096029547553092,0.20960295475530932,0.21237303785780237,0.16251154201292706
"Kaktovik ANVSA, USA",0.023566378633150042,0.1241162608012569,0.09112333071484682,0.27101335428122547,0.2419481539670071,0.2482325216025138
"Lower Kalskag ANVSA, USA",0.01409443269908386,0.19802677942212826,0.16067653276955599,0.18252290345313602,0.2241014799154334,0.22057787174066243
"Atqasuk ANVSA, USA",0.021709633649932156,0.135685210312076,0.1560379918588874,0.21709633649932158,0.25508819538670285,0.21438263229308005
"Ambler ANVSA, USA",0.03475513428120063,0.16429699842022116,0.13902053712480253,0.24802527646129544,0.18167456556082148,0.23222748815165878
"Shungnak ANVSA, USA",0.03475513428120063,0.16429699842022116,0.13902053712480253,0.24802527646129546,0.18167456556082154,0.23222748815165878
"Tazlina ANVSA, USA",0.05388287899417304,0.2584686801335864,0.25580061778140745,0.12780930769328372,0.17000695039328764,0.13403156500426178
"Goodnews Bay ANVSA, USA",0.022779043280182234,0.13992840872111945,0.14904002603319233,0.173120728929385,0.29515131793036126,0.21998047510575985
"Miami OTSA, USA",0.05426916089587707,0.2787245359629682,0.2270516972507853,0.11513614753467244,0.2328195686280056,0.09199888972769148
"Teller ANVSA, USA",0.022830310880829017,0.16564119170984454,0.14281088082901552,0.19300518134715025,0.2661917098445596,0.20952072538860103
"Nanwalek ANVSA, USA",0.05549738219895289,0.362303664921466,0.20104712041884817,0.13717277486910998,0.1706806282722513,0.07329842931937172
"Tanana ANVSA, USA",0.03061224489795918,0.32653061224489793,0.1107871720116618,0.23177842565597664,0.16472303206997083,0.13556851311953352
"Nulato ANVSA, USA",0.03690685413005273,0.2864674868189807,0.23374340949033393,0.20386643233743412,0.15817223198594027,0.08084358523725835
"Modoc OTSA, USA",0.10525831771830252,0.25377023470196297,0.1637602623252641,0.15217998025788146,0.18517494485484173,0.13985626014174726
"Northway ANVSA, USA",0.0415335463258786,0.28913738019169327,0.1509584664536741,0.08146964856230031,0.2995207667731629,0.13738019169329074
"Nunam Iqua ANVSA, USA",0.012142237640936686,0.12460248626770741,0.11708586296617517,0.19340849956634862,0.28331887828852265,0.2694420352703093
"Old Harbor ANVSA, USA",0.036036036036036036,0.2852852852852853,0.1741741741741742,0.12312312312312311,0.26126126126126126,0.12012012012012012
"Kalskag ANVSA, USA",0.014094432699083862,0.19802677942212826,0.160676532769556,0.182522903453136,0.2241014799154334,0.22057787174066243
"Shaktoolik ANVSA, USA",0.022830310880829017,0.16564119170984457,0.14281088082901555,0.19300518134715025,0.2661917098445596,0.20952072538860106
"Aleknagik ANVSA, USA",0.03384157679434734,0.20119003346969133,0.11863146150985499,0.20751208627742657,0.2454444031238379,0.19338043882484193
"Grayling ANVSA, USA",0.048938134810710986,0.2456140350877193,0.12096029547553094,0.20960295475530932,0.2123730378578024,0.16251154201292706
"Mekoryuk ANVSA, USA",0.023965141612200435,0.16176470588235292,0.1486928104575163,0.17429193899782136,0.24291938997821347,0.2483660130718954
"Venetie ANVSA, USA",0.029629629629629627,0.17222222222222222,0.1814814814814815,0.18333333333333332,0.25925925925925924,0.17407407407407408
"Cantwell ANVSA, USA",0.034570411794611074,0.337061514997458,0.21860701576004066,0.19013726487036095,0.19369598373157088,0.025927808845958307
"Eastern Chickahominy TDSA, USA",0.058139534883720916,0.4003322259136212,0.25249169435215946,0.11295681063122923,0.14036544850498336,0.03571428571428571
"Kobuk ANVSA, USA",0.03475513428120063,0.16429699842022116,0.13902053712480253,0.24802527646129546,0.18167456556082148,0.23222748815165872
"Port Alsworth ANVSA, USA",0.035496957403651115,0.2119675456389452,0.1561866125760649,0.23935091277890466,0.20385395537525353,0.15314401622718055
"White Mountain ANVSA, USA",0.02283031088082902,0.16564119170984457,0.14281088082901555,0.19300518134715025,0.2661917098445596,0.20952072538860103
"New Koliganek ANVSA, USA",0.03384157679434734,0.20119003346969133,0.11863146150985497,0.20751208627742657,0.2454444031238379,0.19338043882484196
"Deering ANVSA, USA",0.0380952380952381,0.09404761904761906,0.08333333333333333,0.2702380952380953,0.24523809523809526,0.26904761904761904
"Allakaket ANVSA, USA",0.04,0.18206896551724136,0.1406896551724138,0.19724137931034483,0.18482758620689652,0.2551724137931034
"Holy Cross ANVSA, USA",0.04893813481071098,0.24561403508771928,0.1209602954755309,0.20960295475530932,0.21237303785780237,0.16251154201292703
"Golovin ANVSA, USA",0.02283031088082902,0.16564119170984457,0.14281088082901555,0.19300518134715028,0.2661917098445596,0.20952072538860106
"Port Lions ANVSA, USA",0.05960264900662253,0.4370860927152318,0.2052980132450331,0.1423841059602649,0.10596026490066225,0.04966887417218544
"Manley Hot Springs ANVSA, USA",0.07454289732770746,0.2517580872011252,0.10689170182841069,0.18846694796061883,0.1772151898734177,0.20112517580872008
"Newhalen ANVSA, USA",0.03549695740365112,0.21196754563894527,0.15618661257606492,0.2393509127789047,0.20385395537525353,0.15314401622718055
"Wales ANVSA, USA",0.02283031088082902,0.16564119170984457,0.14281088082901555,0.19300518134715025,0.2661917098445596,0.20952072538860106
"Port Graham ANVSA, USA",0.05549738219895289,0.362303664921466,0.20104712041884815,0.13717277486910995,0.1706806282722513,0.07329842931937172
"Tyonek ANVSA, USA",0.004535147392290249,0.17460317460317457,0.25850340136054417,0.3197278911564626,0.20408163265306123,0.03854875283446712
"Kaltag ANVSA, USA",0.03690685413005272,0.28646748681898065,0.2337434094903339,0.2038664323374341,0.15817223198594024,0.08084358523725835
"Kokhanok ANVSA, USA",0.035496957403651115,0.21196754563894518,0.15618661257606492,0.2393509127789047,0.2038539553752535,0.15314401622718052
"Arctic Village ANVSA, USA",0.029629629629629627,0.17222222222222222,0.1814814814814815,0.18333333333333335,0.25925925925925924,0.17407407407407405
"Minto ANVSA, USA",0.030612244897959186,0.326530612244898,0.11078717201166184,0.23177842565597673,0.16472303206997088,0.13556851311953355
"Tanacross ANVSA, USA",0.0415335463258786,0.2891373801916933,0.15095846645367414,0.08146964856230032,0.29952076677316297,0.13738019169329077
"Ruby ANVSA, USA",0.04000000000000001,0.18206896551724142,0.1406896551724138,0.19724137931034488,0.18482758620689657,0.25517241379310346
"Tetlin ANVSA, USA",0.04153354632587859,0.28913738019169327,0.1509584664536741,0.08146964856230032,0.2995207667731629,0.13738019169329074
"Eyak ANVSA, USA",0.030724637681159416,0.22956521739130434,0.13217391304347823,0.2794202898550724,0.2910144927536232,0.03710144927536232
"Nondalton ANVSA, USA",0.035496957403651115,0.21196754563894524,0.15618661257606492,0.23935091277890466,0.20385395537525353,0.15314401622718052
"King Salmon ANVSA, USA",0.05535924617196701,0.2956419316843345,0.14605418138987042,0.26030624263839813,0.11542991755005891,0.127208480565371
"Gulkana ANVSA, USA",0.06060606060606061,0.2575757575757576,0.2037878787878788,0.18333333333333338,0.1272727272727273,0.16742424242424245
"Pitkas Point ANVSA, USA",0.028089887640449437,0.14261019878997408,0.12186689714779604,0.20700086430423512,0.2899740708729473,0.2104580812445981
"Ouzinkie ANVSA, USA",0.05960264900662251,0.4370860927152318,0.20529801324503308,0.14238410596026485,0.10596026490066222,0.04966887417218543
"Ekwok ANVSA, USA",0.03384157679434734,0.2011900334696913,0.11863146150985497,0.20751208627742657,0.2454444031238379,0.19338043882484193
"Mentasta Lake ANVSA, USA",0.0606060606060606,0.2575757575757575,0.20378787878787877,0.18333333333333332,0.12727272727272726,0.16742424242424242
"Iliamna ANVSA, USA",0.03549695740365112,0.21196754563894524,0.15618661257606492,0.2393509127789047,0.20385395537525355,0.15314401622718055
"Gakona ANVSA, USA",0.060606060606060615,0.25757575757575757,0.20378787878787882,0.18333333333333335,0.12727272727272732,0.16742424242424245
"Chuathbaluk ANVSA, USA",0.014094432699083859,0.19802677942212826,0.160676532769556,0.18252290345313602,0.22410147991543342,0.22057787174066243
"Twin Hills ANVSA, USA",0.03384157679434735,0.20119003346969136,0.11863146150985499,0.20751208627742657,0.2454444031238379,0.19338043882484196
"Andreafsky ANVSA, USA",0.028089887640449434,0.14261019878997402,0.121866897147796,0.20700086430423506,0.28997407087294724,0.21045808124459808
"Port Heiden ANVSA, USA",0.035496957403651115,0.21196754563894524,0.1561866125760649,0.23935091277890466,0.20385395537525355,0.15314401622718055
"Shageluk ANVSA, USA",0.04893813481071099,0.2456140350877193,0.12096029547553093,0.20960295475530932,0.2123730378578024,0.16251154201292706
"Koyukuk ANVSA, USA",0.03690685413005272,0.2864674868189807,0.23374340949033393,0.2038664323374341,0.15817223198594024,0.08084358523725833
"Chignik ANVSA, USA",0.035496957403651115,0.21196754563894527,0.15618661257606492,0.2393509127789047,0.20385395537525353,0.15314401622718052
"Sleetmute ANVSA, USA",0.014094432699083859,0.19802677942212826,0.160676532769556,0.18252290345313604,0.2241014799154334,0.22057787174066243
"Chilkat ANVSA, USA",0.0633605334650531,0.35121126204000985,0.22797303037787103,0.1952680661891825,0.14021259570264263,0.0219745122252408
"Circle ANVSA, USA",0.06833333333333333,0.3433333333333334,0.15833333333333333,0.10666666666666667,0.16666666666666663,0.15666666666666668
"Crooked Creek ANVSA, USA",0.014094432699083862,0.1980267794221283,0.160676532769556,0.18252290345313604,0.22410147991543342,0.22057787174066246
"Tatitlek ANVSA, USA",0.05140186915887851,0.3271028037383178,0.14719626168224303,0.18224299065420563,0.20093457943925236,0.09112149532710281
"Nikolai ANVSA, USA",0.04893813481071098,0.24561403508771926,0.12096029547553093,0.2096029547553093,0.21237303785780237,0.16251154201292703
"Perryville ANVSA, USA",0.03549695740365111,0.2119675456389452,0.1561866125760649,0.23935091277890466,0.2038539553752535,0.15314401622718052
"Hughes ANVSA, USA",0.04000000000000001,0.1820689655172414,0.14068965517241383,0.19724137931034483,0.18482758620689657,0.25517241379310346
"Inalik ANVSA, USA",0.022830310880829013,0.16564119170984457,0.14281088082901555,0.19300518134715025,0.2661917098445596,0.20952072538860103
"Chitina ANVSA, USA",0.053231939163498096,0.2585551330798479,0.26083650190114066,0.12243346007604561,0.1741444866920152,0.13079847908745248
"Chignik Lagoon ANVSA, USA",0.03549695740365112,0.21196754563894527,0.15618661257606492,0.23935091277890466,0.20385395537525353,0.15314401622718055
"Pilot Point ANVSA, USA",0.03549695740365112,0.21196754563894524,0.15618661257606492,0.2393509127789047,0.20385395537525355,0.15314401622718055
"Anvik ANVSA, USA",0.04893813481071099,0.24561403508771934,0.12096029547553096,0.20960295475530935,0.21237303785780243,0.16251154201292708
"Oscarville ANVSA, USA",0.02277904328018223,0.13992840872111942,0.14904002603319233,0.17312072892938496,0.2951513179303612,0.21998047510575988
"Levelock ANVSA, USA",0.035496957403651115,0.2119675456389452,0.15618661257606492,0.2393509127789047,0.20385395537525355,0.15314401622718052
"Igiugig ANVSA, USA",0.035496957403651115,0.2119675456389452,0.15618661257606492,0.2393509127789047,0.20385395537525355,0.15314401622718052
"South Naknek ANVSA, USA",0.05535924617196702,0.2956419316843345,0.1460541813898704,0.2603062426383981,0.1154299175500589,0.127208480565371
"Clarks Point ANVSA, USA",0.03384157679434734,0.20119003346969133,0.11863146150985499,0.20751208627742657,0.24544440312383786,0.19338043882484196
"St. George ANVSA, USA",0.016447368421052634,0.2642543859649123,0.24780701754385967,0.19407894736842107,0.19956140350877194,0.07785087719298246
"Chignik Lake ANVSA, USA",0.03549695740365112,0.21196754563894524,0.15618661257606495,0.2393509127789047,0.20385395537525358,0.15314401622718055
"Akhiok ANVSA, USA",0.036036036036036036,0.2852852852852853,0.1741741741741742,0.12312312312312311,0.26126126126126126,0.12012012012012012
"Eklutna ANVSA, USA",0.009823182711198428,0.36699410609037325,0.20157170923379172,0.16385068762278976,0.2066797642436149,0.051080550098231814
"Chenega ANVSA, USA",0.0514018691588785,0.32710280373831774,0.14719626168224298,0.1822429906542056,0.20093457943925233,0.0911214953271028
"Stony River ANVSA, USA",0.014094432699083862,0.1980267794221283,0.160676532769556,0.18252290345313602,0.22410147991543342,0.22057787174066246
"Rampart ANVSA, USA",0.030612244897959183,0.32653061224489793,0.11078717201166181,0.23177842565597664,0.16472303206997085,0.13556851311953352
"Chalkyitsik ANVSA, USA",0.02962962962962963,0.17222222222222222,0.18148148148148152,0.18333333333333335,0.2592592592592593,0.1740740740740741
"Takotna ANVSA, USA",0.048938134810710986,0.2456140350877193,0.12096029547553093,0.20960295475530935,0.2123730378578024,0.16251154201292706
"Platinum ANVSA, USA",0.022779043280182234,0.13992840872111945,0.14904002603319233,0.173120728929385,0.2951513179303612,0.21998047510575988
"Eagle ANVSA, USA",0.0415335463258786,0.2891373801916933,0.15095846645367414,0.08146964856230032,0.29952076677316297,0.13738019169329074
"Atka ANVSA, USA",0.01644736842105263,0.26425438596491224,0.24780701754385964,0.19407894736842105,0.1995614035087719,0.07785087719298245
"Chistochina ANVSA, USA",0.0606060606060606,0.2575757575757575,0.20378787878787877,0.1833333333333333,0.12727272727272726,0.16742424242424242
"Beaver ANVSA, USA",0.029629629629629624,0.17222222222222222,0.1814814814814815,0.18333333333333335,0.25925925925925924,0.17407407407407408
"Pedro Bay ANVSA, USA",0.035496957403651115,0.2119675456389452,0.1561866125760649,0.2393509127789047,0.20385395537525355,0.15314401622718055
"Nelson Lagoon ANVSA, USA",0.05688622754491019,0.17440119760479042,0.24326347305389226,0.21032934131736528,0.2477544910179641,0.06736526946107785
"Waccamaw SDTSA, USA",0.06735730508771486,0.15229432412174332,0.2013520065285897,0.21453080663095273,0.158337793497282,0.20612776413371758
"Egegik ANVSA, USA",0.035496957403651115,0.21196754563894527,0.15618661257606492,0.2393509127789047,0.20385395537525355,0.15314401622718055
"Nikolski ANVSA, USA",0.016447368421052627,0.26425438596491224,0.24780701754385961,0.19407894736842105,0.19956140350877188,0.07785087719298243
"Stevens Village ANVSA, USA",0.030612244897959176,0.32653061224489793,0.11078717201166179,0.23177842565597664,0.16472303206997083,0.1355685131195335
"Birch Creek ANVSA, USA",0.02962962962962962,0.17222222222222222,0.18148148148148147,0.18333333333333332,0.25925925925925924,0.17407407407407405
"Evansville ANVSA, USA",0.03061224489795918,0.32653061224489793,0.11078717201166181,0.23177842565597662,0.16472303206997083,0.13556851311953352
"Larsen Bay ANVSA, USA",0.036036036036036036,0.2852852852852853,0.1741741741741742,0.12312312312312311,0.26126126126126126,0.12012012012012012
"Kasaan ANVSA, USA",0.0195729537366548,0.45551601423487537,0.1779359430604982,0.09074733096085409,0.1405693950177936,0.11565836298932385
"Ione Band of Miwok TDSA, USA",0.09345794392523367,0.4261682242990654,0.10093457943925237,0.2579439252336449,0.028037383177570097,0.09345794392523367
"Karluk ANVSA, USA",0.036036036036036036,0.2852852852852853,0.1741741741741742,0.12312312312312311,0.26126126126126126,0.12012012012012012
"Healy Lake ANVSA, USA",0.02200488997555012,0.21320293398533005,0.13447432762836184,0.25476772616136917,0.1672371638141809,0.2083129584352078
"Dot Lake ANVSA, USA",0.0415335463258786,0.28913738019169327,0.1509584664536741,0.08146964856230032,0.29952076677316297,0.13738019169329072
"Red Devil ANVSA, USA",0.014094432699083864,0.1980267794221283,0.160676532769556,0.18252290345313602,0.2241014799154334,0.22057787174066243
"Lake Minchumina ANVSA, USA",0.048938134810710986,0.2456140350877193,0.12096029547553093,0.20960295475530932,0.2123730378578024,0.16251154201292706
"Alatna ANVSA, USA",0.04,0.18206896551724136,0.14068965517241377,0.19724137931034483,0.18482758620689657,0.2551724137931034
"Lime Village ANVSA, USA",0.014094432699083859,0.19802677942212826,0.160676532769556,0.18252290345313602,0.22410147991543342,0.22057787174066246
"Ugashik ANVSA, USA",0.03549695740365112,0.21196754563894524,0.15618661257606492,0.23935091277890472,0.20385395537525355,0.15314401622718055
"Portage Creek ANVSA, USA",0.03384157679434734,0.20119003346969133,0.11863146150985497,0.20751208627742657,0.2454444031238379,0.19338043882484196
"Kodiak ANVSA, USA",0.03169734151329243,0.25153374233128833,0.10838445807770962,0.32924335378323105,0.14314928425357873,0.1359918200408998
"Belkofski ANVSA, USA",0.05688622754491018,0.17440119760479042,0.24326347305389223,0.21032934131736528,0.24775449101796407,0.06736526946107785
"Paimiut ANVSA, USA",0.015384615384615385,0.1339366515837104,0.16515837104072398,0.22850678733031674,0.2343891402714932,0.22262443438914026
"Telida ANVSA, USA",0.048938134810710986,0.2456140350877193,0.12096029547553093,0.20960295475530932,0.2123730378578024,0.16251154201292706
"Council ANVSA, USA",0.022830310880829017,0.16564119170984457,0.14281088082901555,0.19300518134715025,0.2661917098445596,0.20952072538860103
"Ekuk ANVSA, USA",0.03384157679434734,0.20119003346969133,0.11863146150985497,0.20751208627742657,0.2454444031238379,0.19338043882484196
