longname,Silent %,Boomer %,Gen X %,Millennial %,Gen Z %,Gen Alpha %
"Navajo Nation Reservation and Off-Reservation Trust Land, USA",0.051966324565840466,0.20635567984660516,0.17045675514366726,0.20292264226105125,0.2307209842765592,0.13757761390627657
"Oneida Indian Nation Reservation, USA",0.07063008665995842,0.28273181229309396,0.20010753769725262,0.1562649138186368,0.1884333361106546,0.10183231342040357
"Puyallup Reservation and Off-Reservation Trust Land, USA",0.04322234339133635,0.21333350112288196,0.18622536444089202,0.23582643157140795,0.18535577808200984,0.1360365813914717
"Osage Reservation, USA",0.0793021239705245,0.2719549198092761,0.1847420892934547,0.17093628088426527,0.18283485045513653,0.11022973558734286
"Yakama Nation Reservation and Off-Reservation Trust Land, USA",0.05087007461937084,0.17320596070927155,0.1698875146915312,0.17520062247088797,0.26914121770978494,0.16169460979915354
"Flathead Reservation, USA",0.08182348250773666,0.27103485078273004,0.16180509673678653,0.16126024737462888,0.20188259606715253,0.12219372653096539
"Oneida (WI) Reservation and Off-Reservation Trust Land, USA",0.040483389963894875,0.30502491649297114,0.14432150851405867,0.19403475824060412,0.18963783921119393,0.1264975875772773
"Agua Caliente Indian Reservation and Off-Reservation Trust Land, USA",0.20109691624426654,0.4433849335510407,0.15513713608343155,0.09947945427692029,0.0630349490101663,0.037866610834174426
"Wind River Reservation and Off-Reservation Trust Land, USA",0.05992422550342779,0.22863732061038056,0.16207409575683873,0.1853647527722959,0.2169832449709361,0.14701636038612115
"Isabella Reservation and Off-Reservation Trust Land, USA",0.059891420341679144,0.23811076935187936,0.18309736741490595,0.20045670008428526,0.20919250684076007,0.10925123596649017
"Uintah and Ouray Reservation and Off-Reservation Trust Land, USA",0.04497493094717372,0.18148185699043673,0.1699030432169783,0.200287268978189,0.2260913942260427,0.17726150564117957
"Pine Ridge Reservation, USA",0.03456522778974017,0.13933833392743758,0.14731583623297534,0.19980675958912958,0.2798909961458022,0.19908284631491505
"Nez Perce Reservation, USA",0.0901164308463426,0.33315929619380774,0.1679632433561322,0.15752101498459772,0.14780974259907065,0.10343027202004908
"Fort Apache Reservation, USA",0.022673289950202926,0.16986423410360368,0.15615185186094863,0.2015855047128847,0.26892156667491895,0.18080355269744114
"Gila River Indian Reservation, USA",0.03882564145242459,0.14929795628595355,0.16751933231541102,0.22523994490311341,0.27815282762181526,0.14096429742128228
"Southern Ute Reservation, USA",0.058393663189481304,0.3152347555806954,0.19100887003040698,0.16654336837190134,0.17365654218529403,0.0951628006422209
"Leech Lake Reservation and Off-Reservation Trust Land, USA",0.07322255656603253,0.2720624275480426,0.1489121128199222,0.15086932463890929,0.19775390189552317,0.1571796765315703
"Santa Clara Pueblo and Off-Reservation Trust Land, USA",0.06844362229883125,0.242075170268225,0.1926343227108383,0.153199360968637,0.21214159589674597,0.13150592785672244
"Lake Traverse Reservation and Off-Reservation Trust Land, USA",0.06762895423570936,0.2456629136943354,0.14278957266303066,0.1789805171975,0.1996212246653748,0.16531681754404984
"Tulalip Reservation and Off-Reservation Trust Land, USA",0.061685748124753255,0.31148835373075406,0.18101065929727594,0.1758784050532965,0.16275167785234898,0.10718515594157126
"Blackfeet Indian Reservation and Off-Reservation Trust Land, USA",0.03801170108595965,0.17834820931624493,0.1478770655959962,0.21604259840519363,0.24928721707370016,0.17043320852290558
"Rosebud Indian Reservation and Off-Reservation Trust Land, USA",0.027283176501056806,0.14443060879142688,0.14962878274236496,0.18724863193230898,0.2578136866891651,0.2335951133436774
"San Carlos Reservation, USA",0.022561257512713824,0.1536754507628294,0.14720295885344428,0.2226537216828479,0.2566805362921868,0.19722607489597782
"Fort Peck Indian Reservation and Off-Reservation Trust Land, USA",0.038501162315951416,0.18877607077936687,0.1362761183336479,0.20217754932667567,0.23938910739660127,0.19487999184775698
"White Earth Reservation and Off-Reservation Trust Land, USA",0.0650460023284319,0.2469533304766998,0.14950494009210008,0.16225241574703891,0.20645559611199837,0.1697877152437309
"Tohono O'odham Nation Reservation and Off-Reservation Trust Land, USA",0.05536793342963982,0.18158202487007563,0.15695013513192993,0.1704904356276213,0.2706931185536971,0.16491635238703617
"Eastern Cherokee Reservation, USA",0.07921228993269294,0.23202027194823652,0.1771518093174964,0.16857447873982573,0.2226172950037098,0.12042385505803875
"Colorado River Indian Reservation, USA",0.09056722273214374,0.22856280592691627,0.1769023602474549,0.1776557183449187,0.19532992866063262,0.1309819640879337
"Fort Berthold Reservation, USA",0.026229302069740702,0.1869831774165103,0.19270199554595696,0.17841849650123673,0.22071735911363324,0.19494966935292204
"Mississippi Choctaw Reservation and Off-Reservation Trust Land, USA",0.04682103907752805,0.15393987241237939,0.18031612692102386,0.19088872574559426,0.30370817505751335,0.12432606078596103
"Port Madison Reservation, USA",0.06857870619391697,0.289501233129002,0.19582254405325247,0.17864745732045548,0.17744329713978557,0.09000676216358752
"Standing Rock Reservation, USA",0.03358798168482399,0.1718783036633019,0.14721999887996884,0.18306994823094128,0.28380227335845915,0.18044149418250488
"Colville Reservation and Off-Reservation Trust Land, USA",0.07929289608425555,0.24654767248058138,0.18143387660702184,0.18810467905303993,0.18128407372360225,0.12333680205149901
"Cheyenne River Reservation and Off-Reservation Trust Land, USA",0.03336795669518045,0.18458534181473987,0.14593918245572524,0.1977966397280953,0.23580776448264607,0.20250311482361308
"Turtle Mountain Reservation and Off-Reservation Trust Land, USA",0.030738695376924408,0.18051519364542618,0.1717999438812687,0.18426852045929779,0.27018179449689256,0.1624958521401903
"Coeur d'Alene Reservation, USA",0.0768468021814576,0.32498760535448684,0.1633614278631631,0.14092711948438275,0.17786316311353495,0.11601388200297472
"Zuni Reservation and Off-Reservation Trust Land, USA",0.026187467563394178,0.1811544562076693,0.2195353412170795,0.17843071909828165,0.2657208834063152,0.12897113250726008
"Crow Reservation and Off-Reservation Trust Land, USA",0.03928275940943179,0.20084226019737017,0.14433143947628638,0.16775726601326194,0.2578351829146,0.18995109198904972
"Allegany Reservation, USA",0.06726314107684933,0.22271928423070778,0.17718485381051285,0.1968365553602812,0.18405496085636683,0.151941204665282
"Yankton Reservation, USA",0.0769788344447666,0.21745433458973615,0.15352276022035372,0.14134531748332851,0.2316613511162656,0.17903740214554945
"Ohkay Owingeh, USA",0.06311033377058738,0.20317737939075936,0.19574406063256086,0.18189768255356362,0.22824661128115434,0.12782393237137443
"Hopi Reservation and Off-Reservation Trust Land, USA",0.05702127681609627,0.2169807093326007,0.17168325504442944,0.17404734713445896,0.22030994040467927,0.15995747126773538
"Salt River Reservation, USA",0.11599086451352426,0.2277698835251729,0.14143682333848998,0.22137728923196395,0.16267093666158006,0.13075420272926888
"Fort Hall Reservation and Off-Reservation Trust Land, USA",0.06482501420024221,0.23490780629029365,0.19079094382549655,0.163690556734549,0.21690423430886768,0.128881444640551
"Lummi Reservation, USA",0.05753161613158797,0.25065408516975496,0.17012871189955664,0.18898900920711822,0.20163916005137666,0.13105741754060565
"Red Lake Reservation, USA",0.01084418907867712,0.12514289737376316,0.14932813813282914,0.17096868989682937,0.3014676044754443,0.24224848104245697
"Nanakuli Hawaiian Home Land, USA",0.052977516188306754,0.17107028637773503,0.17590999921326528,0.20493946077630215,0.2208985499172695,0.17420418752712136
"Mille Lacs Reservation and Off-Reservation Trust Land, USA",0.1148005803466851,0.30148442439826256,0.17837251310766894,0.12916094520087285,0.16235626185534965,0.11382527509116104
"Sandia Pueblo, USA",0.08437373992721027,0.2654651172871146,0.19718015238332204,0.1876059159192892,0.16669463410928453,0.09868044037377934
"Taos Pueblo and Off-Reservation Trust Land, USA",0.15027059531008904,0.29895496509297403,0.17953506471368247,0.13721493954613825,0.15964747222170445,0.07437696311541177
"Omaha Reservation, USA",0.06110900504432352,0.1860063852061013,0.13386874931737788,0.16695730589250407,0.2409365737504626,0.21112198078923047
"Northern Cheyenne Indian Reservation and Off-Reservation Trust Land, USA",0.01382428217268076,0.1566443683664934,0.12309158315875841,0.18104185941476028,0.2875444821492345,0.23785342473807256
"Muckleshoot Reservation and Off-Reservation Trust Land, USA",0.06492457698665267,0.17430304628575202,0.16184950716105168,0.26835587587817394,0.17381194426705723,0.15675504942131246
"Fond du Lac Reservation and Off-Reservation Trust Land, USA",0.05529567563533266,0.22462671396986905,0.16193533041382624,0.1837542605310014,0.22460108576904503,0.14978693368092555
"Mescalero Reservation, USA",0.06317103620474407,0.16853932584269662,0.1418227215980025,0.2441947565543071,0.24694132334581773,0.13533083645443195
"Laguna Pueblo and Off-Reservation Trust Land, USA",0.0660615500376237,0.2172402416128449,0.15837544751694363,0.22148957857264415,0.23823613318428122,0.09859704907566252
"Kickapoo (KS) Reservation, USA",0.10438247202959533,0.23233523046114796,0.1552596858679718,0.16984234432772738,0.19905544742958914,0.13912481988396835
"Spirit Lake Reservation, USA",0.028133909518967076,0.17071947382173527,0.1252756445315825,0.18077215862220694,0.2803912251741796,0.21470758833132866
"San Felipe Pueblo, USA",0.038440111420612814,0.24011142061281338,0.1916434540389972,0.17214484679665737,0.20167130919220055,0.15598885793871867
"St. Regis Mohawk Reservation, USA",0.04669149240905185,0.2646806072758522,0.13176740189057576,0.2443425952449155,0.2185620166141507,0.09395588656545402
"Menominee Reservation and Off-Reservation Trust Land, USA",0.042439343481809985,0.22357762067024742,0.151639608348595,0.1509937395750846,0.2633088432357232,0.1680408446885397
"Rocky Boy's Reservation and Off-Reservation Trust Land, USA",0.028028641069232085,0.1462368709567182,0.18236129272901913,0.1830598553932164,0.26136107604522973,0.19895226380658437
"Waimanalo Hawaiian Home Land, USA",0.10220153665682986,0.24886180929394114,0.17965277684085013,0.1723538725591597,0.1910419162102003,0.10588808843901887
"Pueblo of Pojoaque and Off-Reservation Trust Land, USA",0.07503206605216742,0.26293086368831203,0.18377662121934923,0.15595255441088787,0.2056874615261974,0.1166204331030859
"Lac du Flambeau Reservation, USA",0.10996841372372532,0.3492546462362151,0.15809528509173826,0.1431651198613144,0.12389676100282984,0.115619774084177
"Jicarilla Apache Nation Reservation and Off-Reservation Trust Land, USA",0.05849293714387808,0.2600444846595938,0.18896682679883256,0.17357655695639693,0.18956234299235902,0.12935685144893946
"Pascua Pueblo Yaqui Reservation and Off-Reservation Trust Land, USA",0.01870860277283631,0.18263602775308324,0.1186127142895356,0.23632337395988198,0.269123948048752,0.17459533317591078
"Torres-Martinez Reservation, USA",0.023850194581420636,0.19487517754737083,0.2748175228987892,0.20976368955099484,0.16575506934463927,0.13093834607678526
"L'Anse Reservation and Off-Reservation Trust Land, USA",0.08174494048028669,0.26013365979842057,0.1859660885939658,0.2219736277070721,0.16118592132897705,0.0889957620912778
"Warm Springs Reservation and Off-Reservation Trust Land, USA",0.01556846352551691,0.20103137520375816,0.11549950529968425,0.2672375839688694,0.22634235786636622,0.17432071413580508
"Fort Belknap Reservation and Off-Reservation Trust Land, USA",0.03056760527545743,0.1702160278220611,0.12991184628519484,0.19208523207144004,0.26686463145003975,0.21035465709580686
"Isleta Pueblo, USA",0.06734158995878162,0.24190053813499854,0.13443805639783754,0.21706390386693716,0.20323633317536022,0.13601957846608478
"Acoma Pueblo and Off-Reservation Trust Land, USA",0.045488039925997106,0.24286010559740434,0.16884296527666498,0.21266521867205465,0.23203724585237553,0.09810642467550333
"Washoe Ranches Trust Land, USA",0.11045243174340243,0.38252872794263054,0.14286000155221956,0.12568425150106868,0.14351287207718327,0.09496171518349562
"Swinomish Reservation and Off-Reservation Trust Land, USA",0.1453218565707494,0.4033950827573502,0.1476876140295095,0.10121909059021547,0.12429374253997812,0.0780826135121972
"Hoopa Valley Reservation, USA",0.07570125042244001,0.19026698208854342,0.1307874281851977,0.1666103413315309,0.27407908077053056,0.16255491720175735
"Santo Domingo Pueblo, USA",0.028905501393405073,0.1450599919149486,0.21587696359835437,0.19963312716772824,0.2821535473724064,0.1283708685531573
"Lac Courte Oreilles Reservation and Off-Reservation Trust Land, USA",0.05747122771211247,0.25012953486591566,0.14217706286017015,0.17773288281261723,0.24124497546347765,0.13124431628570682
"Umatilla Reservation and Off-Reservation Trust Land, USA",0.0590809909829064,0.26416835342486694,0.1518593393225713,0.15891879630275899,0.25318697590013056,0.1127855440667657
"Winnebago Reservation and Off-Reservation Trust Land, USA",0.033156378715351216,0.17631741901369252,0.16630893075809863,0.17345959033730377,0.2930761577424023,0.1576815234331515
"Cattaraugus Reservation, USA",0.019859220733484013,0.2367907776920195,0.167347448962214,0.16132098328270308,0.26149687703439406,0.15318469229518533
"Spokane Reservation and Off-Reservation Trust Land, USA",0.07216959855660803,0.21515561569688768,0.15336039693279205,0.18538565629228687,0.1980153360396933,0.17591339648173207
"Waianae Hawaiian Home Land, USA",0.046099144883434195,0.16782393340740118,0.22271783094275466,0.17940465153088409,0.20767038062543994,0.1762840586100861
"Crow Creek Reservation, USA",0.026973077124932576,0.17801195161735361,0.16309459082560962,0.16477986555704938,0.25679860411605687,0.2103419107589978
"Jemez Pueblo, USA",0.03281096963761019,0.2355533790401567,0.1821743388834476,0.1694417238001959,0.2497551420176298,0.13026444662095985
"Pyramid Lake Paiute Reservation, USA",0.07005690919869602,0.32833156172922323,0.11891247587694405,0.23656934884088934,0.10359125366504185,0.14253845068920562
"Bishop Reservation, USA",0.05168884339815762,0.2113613101330604,0.17093142272262027,0.19140225179119755,0.26100307062436023,0.11361310133060389
"Fort Yuma Indian Reservation, USA",0.015752295814333895,0.22743099890564364,0.15876201409310037,0.150744150635533,0.28031894799831564,0.16699159255307336
"Nambe Pueblo and Off-Reservation Trust Land, USA",0.10609973236601714,0.2850163676981266,0.18421125389838758,0.14085620756010706,0.19507973723208957,0.08873670124527216
"San Ildefonso Pueblo and Off-Reservation Trust Land, USA",0.06501547987616099,0.24148606811145512,0.17779743476337903,0.2034498009730208,0.18752764263600177,0.12472357363998231
"Anahola (Residential) Hawaiian Home Land, USA",0.08892890488792117,0.25320059565424075,0.16648910583969795,0.14646540768217695,0.21166371191582703,0.1332522740201362
"Fort Mojave Reservation and Off-Reservation Trust Land, USA",0.14917906628377695,0.3528134018951555,0.10548885835967778,0.17781777915827393,0.10887283656221647,0.10582805774089944
"Makah Indian Reservation, USA",0.020061320970575086,0.23724034511526718,0.17165506778044134,0.13995543493183232,0.25563311614022854,0.17545471506165536
"Ute Mountain Reservation and Off-Reservation Trust Land, USA",0.012811302565639109,0.2294987062777108,0.13141428481267134,0.1252395704879022,0.2573449311189755,0.2436912047371011
"Lower Brule Reservation and Off-Reservation Trust Land, USA",0.050033342420265345,0.1184861280521544,0.1309421571004476,0.17605252618129952,0.29135372280068117,0.23313212344515194
"Sault Ste. Marie Reservation and Off-Reservation Trust Land, USA",0.04333108416713572,0.2434515721507885,0.156080738810432,0.2508180989371667,0.17100382535210418,0.13531468058237295
"Picuris Pueblo, USA",0.11282051282051282,0.22692307692307692,0.18504273504273505,0.19615384615384615,0.14914529914529914,0.12991452991452992
"Keaukaha Hawaiian Home Land, USA",0.030549898167006113,0.2459266802443992,0.18380855397148677,0.1588594704684318,0.25000000000000006,0.13085539714867617
"Ho-Chunk Nation Reservation and Off-Reservation Trust Land, USA",0.04778688085123474,0.24090601640890716,0.211508534136927,0.2132980784358974,0.17181188674322584,0.11468860342380796
"Kanehili Hawaiian Home Land, USA",0.04083665338645418,0.18227091633466136,0.23207171314741032,0.18227091633466136,0.1897410358565737,0.17280876494023906
"Annette Island Reserve, USA",0.035988063931544745,0.26641686310310525,0.17438650515730814,0.20071125887370386,0.19654726056328434,0.12595004837105367
"Bad River Reservation, USA",0.034564393939393936,0.24952651515151514,0.2002840909090909,0.1803977272727273,0.1955492424242424,0.1396780303030303
"Prairie Band of Potawatomi Nation Reservation, USA",0.04421709642650193,0.2479856537703578,0.14092630942236073,0.16149314342354573,0.19567519650962692,0.20970260044760686
"Quinault Reservation, USA",0.04663458921373951,0.30566909417091304,0.15682963369694616,0.18367813045093834,0.22073445217848192,0.0864541002889811
"Pueblo de Cochiti, USA",0.1029443028583139,0.27302690214733855,0.2065761969287349,0.16633788929671633,0.17643220753250968,0.0746825012363865
"Pala Reservation, USA",0.08823736052063165,0.27117296510141253,0.2305562899234774,0.15099247656526657,0.15308201574149324,0.10595889214771856
"Waiehu Hawaiian Home Land, USA",0.08298171589310831,0.15471167369901548,0.24697609001406473,0.2067510548523207,0.17440225035161744,0.13417721518987344
"Hollywood Reservation, USA",0.06933025051490789,0.19605799145997949,0.21008642221242177,0.21809558544566784,0.2289644211625172,0.07746532920450587
"Red Cliff Reservation and Off-Reservation Trust Land, USA",0.019718309859154928,0.20281690140845074,0.1908450704225352,0.15774647887323942,0.25845070422535216,0.17042253521126763
"Hoolehua-Palaau Hawaiian Home Land, USA",0.08296379122957635,0.3119209165248036,0.14146965047791088,0.12718568549746478,0.19426064074909277,0.14219931552115156
"Duck Valley Reservation and Off-Reservation Trust Land, USA",0.0632209358519919,0.2234581046137969,0.1589644901487744,0.24898869222164244,0.1836921927617126,0.12167558440208173
"Kaupea Hawaiian Home Land, USA",0.03302509907529722,0.1805372082782915,0.21664464993394977,0.18758256274768825,0.24702774108322323,0.13518273888155
"Hualapai Indian Reservation and Off-Reservation Trust Land, USA",0.01279126010792915,0.13610133159123497,0.1626643213761387,0.20919822336148952,0.2619446388627838,0.21730022470042384
"San Pasqual Reservation and Off-Reservation Trust Land, USA",0.07426085555785875,0.23584252585293328,0.1390178316964561,0.2194197522059002,0.1711458630208012,0.1603131716660505
"Tule River Reservation and Off-Reservation Trust Land, USA",0.06656231062282673,0.1825981031382701,0.21960010719297393,0.12378531840961955,0.3092688588528198,0.09818530178348983
"Morongo Reservation and Off-Reservation Trust Land, USA",0.08129787355570893,0.18645771814747042,0.1946970295186037,0.1798370273723731,0.18366058330881774,0.17404976809702616
"Waiohuli (Residential) Hawaiian Home Land, USA",0.03427109974424552,0.21074168797953965,0.189769820971867,0.20255754475703325,0.24757033248081842,0.11508951406649616
"Yurok Reservation, USA",0.11193684265553594,0.2616544521987048,0.15192863935853435,0.18335977288126737,0.16264906174790544,0.1284712311580522
"Yavapai-Apache Nation Reservation, USA",0.047286020092214914,0.1762844954183313,0.1627844633956209,0.3384041842629941,0.20774545509892245,0.06749538173191647
"Tesuque Pueblo and Off-Reservation Trust Land, USA",0.06233630172865376,0.27448926139339974,0.21686746987951808,0.13881613410162388,0.17862755369303301,0.1288632792037716
"Ysleta del Sur Pueblo and Off-Reservation Trust Land, USA",0.07003957292636191,0.2166152742479515,0.1478779457105859,0.20014537633030055,0.2342585595999024,0.1310632711848978
"Shakopee Mdewakanton Sioux Community and Off-Reservation Trust Land, USA",0.042696784882218314,0.13848446803994693,0.2603002167210282,0.16977371800226368,0.22368868029216465,0.16505613206237815
"Fort McDowell Yavapai Nation Reservation, USA",0.02743614001892148,0.14853358561967833,0.18921475875118257,0.2554399243140965,0.26584673604541154,0.11352885525070956
"Sac and Fox/Meskwaki Settlement and Off-Reservation Trust Land, USA",0.07536872122380468,0.24727449992924783,0.1544921034795925,0.17680608782415855,0.20590492932194782,0.1401536582212485
"Tuscarora Nation Reservation, USA",0.02928416485900217,0.2765726681127983,0.20498915401301518,0.12255965292841649,0.3275488069414317,0.039045553145336226
"Rincon Reservation and Off-Reservation Trust Land, USA",0.09442297073440088,0.20485919381557155,0.2043070127001657,0.10049696300386528,0.2827167310877968,0.11319712865819992
"Papakolea Hawaiian Home Land, USA",0.05306122448979592,0.24664723032069968,0.21399416909620994,0.163265306122449,0.19591836734693877,0.1271137026239067
"Maricopa (Ak Chin) Indian Reservation and Off-Reservation Trust Land, USA",0.026172912413032944,0.13324654103033426,0.1788806141673895,0.21135357405894384,0.2859881320473309,0.16435822628296864
"Princess Kahanu Estates Hawaiian Home Land, USA",0.03227925824981756,0.1888024088283389,0.1489874378720521,0.2102373833990392,0.26555717856956745,0.15413633308118468
"Panaewa (Residential) Hawaiian Home Land, USA",0.09867039888033592,0.2750174947515746,0.1476557032890133,0.17494751574527645,0.2207837648705389,0.08292512246326103
"Bay Mills Reservation and Off-Reservation Trust Land, USA",0.07006104042744167,0.20631196127422755,0.22890095940717098,0.13959758052759683,0.24828258208806278,0.10684587627550023
"Maluohai Hawaiian Home Land, USA",0.0229344969723561,0.14190992862097526,0.18198044285637854,0.22239333301489966,0.21682147590653594,0.21396032262885442
"Pechanga Reservation and Off-Reservation Trust Land, USA",0.05495359979307156,0.20244020558207051,0.2601924354381798,0.1456560538750693,0.25081228579186304,0.08594541951974581
"Kealakehe Hawaiian Home Land, USA",0.07584905660377358,0.16792452830188678,0.12566037735849056,0.259622641509434,0.21245283018867928,0.15849056603773584
"Bois Forte Reservation and Off-Reservation Trust Land, USA",0.11700145254737991,0.4002180694653165,0.14883385091190932,0.09470931861591496,0.141510426706886,0.09772688175259325
"Paukukalo Hawaiian Home Land, USA",0.06149323561759983,0.2669423732185651,0.15818474618437164,0.1235750485966915,0.2893762077103228,0.10042838867244916
"Santee Reservation, USA",0.065625,0.23125,0.14765625,0.15,0.24765625,0.1578125
"Puukapu Hawaiian Home Land, USA",0.08480724785837725,0.2157855684888381,0.20021114344635435,0.20846410714924507,0.16893578622384872,0.1217961468333366
"Reno-Sparks Indian Colony and Off-Reservation Trust Land, USA",0.0828946014505296,0.2926712089495179,0.14471497123299604,0.21249314968975364,0.16169306698354255,0.10553300169366019
"Santa Rosa Rancheria, USA",0.002366863905325444,0.1562130177514793,0.09349112426035502,0.17751479289940827,0.33076923076923076,0.23964497041420119
"Mohegan Reservation, USA",0.09677833968717528,0.24284278267545473,0.2499795267367991,0.16700261195278768,0.17312772634028387,0.07026901260749947
"Nooksack Reservation and Off-Reservation Trust Land, USA",0.06942510047417579,0.2273909993388326,0.17229994739943363,0.17301860844591369,0.21665010004502136,0.14121524429662297
"Catawba Reservation and Off-Reservation Trust Land, USA",0.06679106237781747,0.3020614407088539,0.1832628184687407,0.14023816472477305,0.19629338209523386,0.111353131624581
"Cocopah Reservation, USA",0.10127998924755269,0.11146524495419009,0.1601998163123586,0.20749087162025942,0.2478725834994736,0.17169149436616563
"Onondaga Nation Reservation, USA",0.0,0.0,1.0,0.0,0.0,0.0
"Shinnecock (state) Reservation, USA",0.0,0.6923076923076923,0.0,0.3076923076923077,0.0,0.0
"Walker River Reservation, USA",0.09256595292759773,0.31547163972676073,0.1039981809705147,0.15378073666564643,0.2197092590144969,0.11447423069498354
"East Kapolei Hawaiian Home Land, USA",0.0,0.046229802513464986,0.04982046678635548,0.2926391382405745,0.3527827648114901,0.25852782764811494
"St. Croix Reservation and Off-Reservation Trust Land, USA",0.1266888414792471,0.36426558955989496,0.18295887452773255,0.11606733228348634,0.1409506109842623,0.06906875116537667
"Indian Township Reservation, USA",0.06436567164179105,0.29384328358208955,0.1539179104477612,0.12220149253731342,0.21828358208955223,0.14738805970149252
"Zia Pueblo and Off-Reservation Trust Land, USA",0.02434456928838951,0.16104868913857678,0.18913857677902618,0.23970037453183518,0.21722846441947563,0.1685393258426966
"Chehalis Reservation and Off-Reservation Trust Land, USA",0.07404434226854852,0.3060808105469737,0.19019983626188958,0.20091104393183834,0.1542615295479445,0.07450243744280512
"Barona Reservation and Off-Reservation Trust Land, USA",0.07592592592592592,0.2459259259259259,0.20148148148148148,0.17666666666666664,0.19999999999999996,0.09999999999999998
"Kalispel Reservation and Off-Reservation Trust Land, USA",0.02519164323520288,0.21218886797828135,0.22941449321178356,0.3285778686109526,0.1273223032476317,0.0773048237161478
"Port Gamble Reservation and Off-Reservation Trust Land, USA",0.0745333012300913,0.45203499798588165,0.11601699342652362,0.14620327460570445,0.13457028480932234,0.07664114794247659
"Stockbridge Munsee Community and Off-Reservation Trust Land, USA",0.08422314569717704,0.32923927542596454,0.1798112449258969,0.14646435700187443,0.1516638406193179,0.10859813632976921
"Skokomish Reservation and Off-Reservation Trust Land, USA",0.1292029575662263,0.20230763984449907,0.18785279568641453,0.140035063929487,0.22153262269366397,0.11906892027970906
"Elko Colony, USA",0.08481262327416172,0.2544378698224852,0.12031558185404338,0.2564102564102564,0.20512820512820512,0.07889546351084811
"Hannahville Indian Community and Off-Reservation Trust Land, USA",0.04222368800587112,0.3165346827565401,0.17459608342637298,0.1424809187190068,0.19634371028866682,0.1278209168035421
"Pleasant Point Reservation, USA",0.05071315372424722,0.2741679873217116,0.2012678288431062,0.1521394611727417,0.18383518225039622,0.13787638668779717
"Santa Ana Pueblo, USA",0.06641589117605129,0.43371183484411774,0.12439343039477735,0.14492258904136038,0.1655646022256822,0.06499165231801098
"Lower Elwha Reservation and Off-Reservation Trust Land, USA",0.06055414984810054,0.35063851939243046,0.15241002888130917,0.16326128439562818,0.13923623401724466,0.13389978346528703
"Alabama-Coushatta Reservation and Off-Reservation Trust Land, USA",0.04578155657292349,0.20470896010464354,0.11445389143230869,0.18835840418574232,0.22890778286461738,0.21778940483976458
"Fallon Paiute-Shoshone Reservation and Off-Reservation Trust Land, USA",0.06747638326585695,0.28879892037786775,0.14439946018893388,0.17139001349527666,0.2402159244264508,0.08771929824561404
"Siletz Reservation and Off-Reservation Trust Land, USA",0.12441254845996434,0.26261425506024966,0.12802218342972718,0.1679518767627062,0.1857761133772438,0.13122302291010873
"Panaewa (Agricultural) Hawaiian Home Land, USA",0.1285100248676424,0.22571846496718123,0.1781531353952628,0.14287530411693702,0.2301973139073276,0.09454575674564898
"Chitimacha Reservation, USA",0.020029673590504456,0.2781899109792285,0.17581602373887242,0.1958456973293769,0.1921364985163205,0.13798219584569735
"Nisqually Reservation, USA",0.06287425149700598,0.26047904191616766,0.16317365269461076,0.16467065868263472,0.22005988023952097,0.1287425149700599
"Grand Portage Reservation and Off-Reservation Trust Land, USA",0.10393258426966291,0.4403089887640449,0.1446629213483146,0.1116573033707865,0.13483146067415727,0.0646067415730337
"Waianae Kai Hawaiian Home Land, USA",0.04478609625668449,0.15842245989304812,0.18181818181818177,0.21189839572192512,0.23930481283422456,0.16377005347593582
"Grand Ronde Community and Off-Reservation Trust Land, USA",0.07889044249986227,0.3018543903080516,0.13688035474374777,0.15219493095670275,0.17578564533199953,0.15439423615963596
"Grand Traverse Reservation and Off-Reservation Trust Land, USA",0.11502632633001396,0.3151040608523004,0.17163392974956523,0.1733644134488899,0.13766980938763007,0.08720146023160057
"Forest County Potawatomi Community and Off-Reservation Trust Land, USA",0.10211536006653137,0.309474765363635,0.1375634594613284,0.10961379149038657,0.2271876385231878,0.11404498509493095
"Soboba Reservation and Off-Reservation Trust Land, USA",0.047399294365375905,0.21470933396725173,0.17189575270139523,0.17879185004318168,0.2101058554691881,0.1770979134536074
"Susanville Indian Rancheria and Off-Reservation Trust Land, USA",0.024120193085298534,0.14101443418088694,0.2186209005434788,0.32838088872703913,0.15733904787451852,0.13052453558877813
"Big Pine Reservation and Off-Reservation Trust Land, USA",0.10891719745222932,0.23248407643312102,0.23439490445859873,0.13949044585987264,0.14203821656050955,0.14267515923566879
"Karuk Reservation and Off-Reservation Trust Land, USA",0.022834582008827736,0.20016292945905306,0.14527018970253464,0.21524957064540376,0.24554324742391168,0.17093948076026907
"Viejas Reservation and Off-Reservation Trust Land, USA",0.056959118052365636,0.3734497014239779,0.09049150206706474,0.14974735875057416,0.19706017455213595,0.1322921451538815
"Miccosukee Reservation and Off-Reservation Trust Land, USA",0.02014098690835851,0.216515609264854,0.20644511581067473,0.2638469284994965,0.24269889224572005,0.050352467270896276
"Lower Sioux Indian Community and Off-Reservation Trust Land, USA",0.039819004524886875,0.2705882352941176,0.14298642533936648,0.15746606334841629,0.24705882352941175,0.14208144796380087
"Squaxin Island Reservation and Off-Reservation Trust Land, USA",0.1488412257005182,0.256581302074347,0.1664666065143073,0.12249329164144598,0.2085735781623318,0.09704399590704961
"Kawaihae Hawaiian Home Land, USA",0.06501403180542563,0.460243217960711,0.20346117867165578,0.07343311506080451,0.10009354536950421,0.09775491113189895
"Sokaogon Chippewa Community and Off-Reservation Trust Land, USA",0.03013910355486863,0.29675425038639874,0.17387944358578053,0.20479134466769705,0.15069551777434312,0.14374034003091185
"Kekaha Hawaiian Home Land, USA",0.038819026790595956,0.28157463094587204,0.18862766539092402,0.14270092946965557,0.22635319846910879,0.12192454893384365
"Chemehuevi Reservation, USA",0.09105180533751962,0.3469387755102041,0.10832025117739404,0.13971742543171115,0.1601255886970173,0.15384615384615388
"Leialii Hawaiian Home Land, USA",0.07147147147147147,0.22342342342342345,0.1069069069069069,0.21021021021021022,0.1567567567567568,0.23123123123123124
"Round Valley Reservation and Off-Reservation Trust Land, USA",0.052594151435921235,0.2674676423694927,0.1733984390886898,0.1945286517167627,0.15689808204505526,0.1551130333440784
"Brighton Reservation, USA",0.0950661853188929,0.20096269554753307,0.3008423586040915,0.14681107099879662,0.13598074608904934,0.12033694344163659
"Poospatuck (state) Reservation, USA",0.020132117017930166,0.12047813777917585,0.1277131173324945,0.19880465555206042,0.3664674425920101,0.16640452972632905
"Flandreau Reservation, USA",0.08867262521513093,0.2653954203510513,0.143447728495421,0.1635921530443455,0.1684016520033302,0.17049042089072114
"Quileute Reservation, USA",0.12914691943127965,0.31279620853080564,0.1528436018957346,0.12203791469194313,0.1895734597156398,0.09360189573459715
"Dresslerville Colony, USA",0.05927682276229994,0.2839359810314167,0.14937759336099585,0.13692946058091288,0.2625963248369887,0.10788381742738587
"Campo Indian Reservation, USA",0.02899441819831696,0.3503696850339969,0.1738246104078959,0.1313609396197522,0.21479754388314973,0.10065280285688823
"Mashantucket Pequot Reservation and Off-Reservation Trust Land, USA",0.08409926470588237,0.1714154411764706,0.19577205882352947,0.19255514705882354,0.23391544117647062,0.12224264705882353
"Penobscot Reservation and Off-Reservation Trust Land, USA",0.06863492390860101,0.34161492973616386,0.16026084694408624,0.14940731486136552,0.20959916595946124,0.0704828185903221
"Kickapoo (TX) Reservation and Off-Reservation Trust Land, USA",0.0031466331025802393,0.10950283196979232,0.22466960352422904,0.056010069225928265,0.4562617998741347,0.15040906230333545
"Kalamaula Hawaiian Home Land, USA",0.10282074613284804,0.3130118289353958,0.1464968152866242,0.18380345768880796,0.178343949044586,0.07552320291173793
"Coquille Reservation, USA",0.11328982209765621,0.39894778878387677,0.1413507006298497,0.1504746324242831,0.15608438981394476,0.039852666250389426
"Kakaina-Kumuhau Hawaiian Home Land, USA",0.13101815311760065,0.1823204419889503,0.24625098658247832,0.16022099447513816,0.22020520915548544,0.059984214680347286
"Prairie Island Indian Community and Off-Reservation Trust Land, USA",0.07614167497414015,0.4098773605685149,0.157981001122901,0.15743441999385988,0.15004436458848436,0.048521178752099804
"Kalawahine Hawaiian Home Land, USA",0.13420245398773004,0.3535276073619632,0.15950920245398773,0.13803680981595093,0.14570552147239266,0.06901840490797546
"Campbell Ranch, USA",0.09292502639915522,0.3062302006335797,0.10770855332629357,0.07497360084477296,0.1900739176346357,0.22808870116156285
"Poarch Creek Reservation and Off-Reservation Trust Land, USA",0.0627859831440987,0.24380552651067153,0.1244793894850244,0.2858222063131061,0.14111816103650535,0.1419887335105939
"Little River Reservation and Off-Reservation Trust Land, USA",0.15503605464735107,0.31122158856574167,0.2108894421766863,0.11156694868316068,0.06879708649598523,0.14248887943107497
"Fort McDermitt Indian Reservation, USA",0.03910209992758871,0.3410572049239681,0.2165097755249819,0.12527154236060828,0.20564808110065175,0.07241129616220131
"San Manuel Reservation and Off-Reservation Trust Land, USA",0.09721682335821434,0.2567191085639652,0.1617001436885425,0.17785847364536275,0.12761024277052727,0.1788952079733879
"Upper Skagit Reservation and Off-Reservation Trust Land, USA",0.03503157333896269,0.29739488815770476,0.1290898235499502,0.18537616377412888,0.23050712289152428,0.12260042828772924
"Santa Ynez Reservation, USA",0.1531279178338002,0.380952380952381,0.13538748832866482,0.14098972922502337,0.1596638655462185,0.029878618113912236
"Santa Ysabel Reservation, USA",0.1003683241252302,0.2790055248618784,0.25138121546961323,0.16758747697974216,0.13167587476979742,0.06998158379373849
"Tonawanda Reservation, USA",0.17681159420289855,0.48985507246376814,0.028985507246376812,0.13623188405797101,0.11304347826086956,0.05507246376811594
"Hopland Rancheria, USA",0.05936447878731383,0.36405587105902737,0.11315250938967451,0.27177012233408815,0.0865860012528072,0.10507101717708878
"Kewalo Hawaiian Home Land, USA",0.05306122448979592,0.2466472303206997,0.21399416909620994,0.163265306122449,0.19591836734693877,0.12711370262390673
"Lone Pine Reservation, USA",0.12318840579710144,0.1853002070393375,0.14285714285714285,0.16149068322981364,0.17287784679089024,0.21428571428571427
"Ely Reservation, USA",0.1192757693906852,0.20907875772967605,0.10755232157659884,0.20877974203560837,0.23238672988729828,0.12292667938013319
"Big Cypress Reservation, USA",0.05835010060362173,0.11770623742454729,0.19416498993963782,0.2756539235412475,0.21327967806841047,0.14084507042253522
"Carson Colony, USA",0.07428571428571427,0.3904761904761905,0.14666666666666667,0.15238095238095237,0.19238095238095237,0.04380952380952381
"Redwood Valley Rancheria, USA",0.04853109186549324,0.21347066620955468,0.2538335284155185,0.22336240727368517,0.11456633370356913,0.1462359725321792
"Moapa River Indian Reservation, USA",0.05944055944055944,0.16783216783216784,0.22727272727272727,0.23776223776223776,0.19230769230769232,0.11538461538461539
"Houlton Maliseet Reservation and Off-Reservation Trust Land, USA",0.0629895575090407,0.16595274905618784,0.23164684732527904,0.16424317726612445,0.26845643298082916,0.10671123586253875
"Paiute (UT) Reservation, USA",0.08733154634172935,0.3016951065842394,0.15766479549185347,0.10603583558140116,0.2480365077353096,0.09923620826546702
"Pokagon Reservation and Off-Reservation Trust Land, USA",0.08508951493044926,0.2863712575053468,0.17529169660633742,0.1510194922727988,0.2168965256801977,0.08533151300486987
"Cahuilla Reservation, USA",0.009389671361502348,0.32785602503912376,0.2151799687010955,0.12989045383411582,0.059467918622848205,0.25821596244131456
"Woodfords Community, USA",0.049107142857142856,0.41443452380952384,0.10788690476190477,0.14955357142857142,0.14211309523809526,0.1369047619047619
"Anahola (Agricultural) Hawaiian Home Land, USA",0.06815042250836822,0.28861312714509185,0.19444730700354235,0.15552346941864104,0.14480129349550647,0.1484643804288501
"Kaibab Indian Reservation, USA",0.08083140877598152,0.18475750577367206,0.05889145496535796,0.31062355658198615,0.2413394919168591,0.12355658198614317
"Lac Vieux Desert Reservation, USA",0.0629800307219662,0.3471582181259601,0.16129032258064513,0.162826420890937,0.13517665130568354,0.130568356374808
"Robinson Rancheria and Off-Reservation Trust Land, USA",0.10640264002222084,0.20567550641253396,0.29194247760858455,0.21615262614290648,0.10813447608462935,0.07169227372912469
"Sycuan Reservation and Off-Reservation Trust Land, USA",0.0407055630936228,0.22862957937584805,0.15535956580732702,0.19402985074626866,0.22862957937584805,0.15264586160108548
"Havasupai Reservation, USA",0.0,0.5718849840255592,0.19329073482428116,0.12779552715654952,0.10702875399361023,0.0
"Cow Creek Reservation and Off-Reservation Trust Land, USA",0.11609257918311361,0.36933718861433995,0.16747334137511063,0.11858443611976403,0.14273741732672435,0.08577503738094729
"Rohnerville (Rancheria) Trust Land, USA",0.048231511254019296,0.32315112540192925,0.23070739549839228,0.10289389067524117,0.1889067524115756,0.10610932475884245
"Sherwood Valley Rancheria and Off-Reservation Trust Land, USA",0.1489381387573188,0.12667952939970004,0.06057610242061766,0.27703795829139155,0.2278184648044395,0.15894980632653252
"Aroostook Band of Micmac Trust Land, USA",0.06959071441408854,0.287763100778854,0.16904518639683205,0.17883374491297999,0.16847444324377456,0.12629281025347078
"Quartz Valley Reservation and Off-Reservation Trust Land, USA",0.0740758820708539,0.398640759530719,0.12724817295870766,0.10520017016942423,0.17935147735793,0.11548353791236525
"Yavapai-Prescott Reservation, USA",0.3146214099216711,0.3250652741514361,0.11488250652741516,0.0678851174934726,0.09007832898172327,0.087467362924282
"Immokalee Reservation, USA",0.060510734314395596,0.1624580569595516,0.21385043604292076,0.18082367674735483,0.1827379960712745,0.19961909986450269
"Mooretown Rancheria and Off-Reservation Trust Land, USA",0.08801624915368991,0.3317535545023697,0.1943127962085308,0.13067027758970887,0.14014895057549087,0.1150981719702099
"Stewart Community, USA",0.05466947555213936,0.16395089669635687,0.39675003173044193,0.09832433612205367,0.2397780529726383,0.04652720692636997
"Big Valley Rancheria, USA",0.08823529411764706,0.33382352941176474,0.17941176470588235,0.18823529411764706,0.08823529411764706,0.12205882352941179
"Grindstone Indian Rancheria, USA",0.08372827804107424,0.2669826224328594,0.16429699842022116,0.19589257503949448,0.23064770932069506,0.0584518167456556
"Manchester-Point Arena Rancheria, USA",0.048800661703887506,0.31927212572373864,0.16046319272125723,0.21670802315963605,0.14640198511166252,0.10835401157981803
"Iowa (KS-NE) Reservation and Off-Reservation Trust Land, USA",0.05987502578402017,0.36695051951299806,0.09827068654680003,0.16347124803982457,0.1663839250677186,0.1450485950486385
"Pauma and Yuima Reservation, USA",0.15161290322580645,0.36881720430107534,0.1268817204301075,0.12365591397849464,0.10860215053763442,0.12043010752688173
