longname,No internet access %,Uninsured %,Public Insurance %,Private Insurance %
"Navajo Nation Reservation and Off-Reservation Trust Land, USA",0.6285305021645344,0.2866209090544713,0.442587307813554,0.2707917831319746
"Oneida Indian Nation Reservation, USA",0.10665046676660486,0.03919871502117412,0.23392831950947185,0.726872965469354
"Puyallup Reservation and Off-Reservation Trust Land, USA",0.062243464420675416,0.094250757428999,0.18810219668202016,0.7176470458889808
"Osage Reservation, USA",0.17861388492629499,0.18071878080218395,0.1690423838046867,0.6502388353931294
"Yakama Nation Reservation and Off-Reservation Trust Land, USA",0.12890224404327955,0.24777486353185235,0.3425022070929765,0.4097229293751712
"Flathead Reservation, USA",0.18074224363851518,0.19781432980681968,0.2879683560881921,0.5142173141049883
"Oneida (WI) Reservation and Off-Reservation Trust Land, USA",0.0524912143244146,0.06514159968009833,0.1184133396927157,0.8164450606271859
"Agua Caliente Indian Reservation and Off-Reservation Trust Land, USA",0.08365663929897485,0.08875248449249357,0.25211424453364717,0.6591332709738593
"Wind River Reservation and Off-Reservation Trust Land, USA",0.16609887680639432,0.27755179180281964,0.16917791424835704,0.5532702939488233
"Isabella Reservation and Off-Reservation Trust Land, USA",0.09959984469622385,0.11765584627223921,0.2441635863236857,0.6381805674040751
"Uintah and Ouray Reservation and Off-Reservation Trust Land, USA",0.11316528093228442,0.23087986059199375,0.16124949142889752,0.6078706479791087
"Pine Ridge Reservation, USA",0.34729934376577487,0.5360402507516457,0.2317899112568456,0.23216983799150875
"Nez Perce Reservation, USA",0.19774163193977684,0.19654935790608755,0.24144691696892345,0.5620037251249891
"Fort Apache Reservation, USA",0.547710714282969,0.16925649656733965,0.5866713774685228,0.24407212596413752
"Gila River Indian Reservation, USA",0.4136228972280868,0.34096709315258095,0.36009735690856054,0.29893554993885846
"Southern Ute Reservation, USA",0.24083081441975027,0.16227377985718852,0.18628585066514164,0.6514403694776698
"Leech Lake Reservation and Off-Reservation Trust Land, USA",0.16587085496774517,0.1273039627769184,0.3048804253413546,0.567815611881727
"Santa Clara Pueblo and Off-Reservation Trust Land, USA",0.3234323432343232,0.1645265979963313,0.3486665725977143,0.4868068294059545
"Lake Traverse Reservation and Off-Reservation Trust Land, USA",0.18897763487617764,0.27674731866634367,0.0834064785080905,0.6398462028255658
"Tulalip Reservation and Off-Reservation Trust Land, USA",0.06463048813744202,0.10565453137103017,0.20077459333849731,0.6935708752904726
"Blackfeet Indian Reservation and Off-Reservation Trust Land, USA",0.293982961651403,0.5382733667426433,0.2567148470942242,0.2050117861631324
"Rosebud Indian Reservation and Off-Reservation Trust Land, USA",0.48004573549920054,0.44980559410727294,0.3010520071999425,0.2491423986927845
"San Carlos Reservation, USA",0.3908366533864543,0.14878621769772915,0.5138606108065777,0.33735317149569327
"Fort Peck Indian Reservation and Off-Reservation Trust Land, USA",0.3501822627619697,0.36228868460877006,0.23857074548350707,0.39914056990772273
"White Earth Reservation and Off-Reservation Trust Land, USA",0.20248163408597605,0.1868591703521248,0.35880349543875645,0.45433733420911876
"Tohono O'odham Nation Reservation and Off-Reservation Trust Land, USA",0.3552458744011709,0.14787646586750935,0.5003961275411594,0.3517274065913313
"Eastern Cherokee Reservation, USA",0.22898158212312544,0.4031259426123685,0.22115399427710034,0.37572006311053124
"Colorado River Indian Reservation, USA",0.20296495956873337,0.2242435108295158,0.2710304480143324,0.5047260411561518
"Fort Berthold Reservation, USA",0.10387399294795582,0.23225111781490448,0.13041941561438572,0.6373294665707098
"Mississippi Choctaw Reservation and Off-Reservation Trust Land, USA",0.2665064822027502,0.24078100405856528,0.2008952931534629,0.5583237027879718
"Port Madison Reservation, USA",0.041139193711958774,0.08517538548585915,0.2121431212222483,0.7026814932918926
"Standing Rock Reservation, USA",0.27123416236508624,0.3765792422228777,0.26337185747914943,0.36004890029797276
"Colville Reservation and Off-Reservation Trust Land, USA",0.25530083204120985,0.2190236822173536,0.3124017612433524,0.46857455653929414
"Cheyenne River Reservation and Off-Reservation Trust Land, USA",0.319794784095767,0.3925017392061333,0.20696046416449723,0.4005377966293695
"Turtle Mountain Reservation and Off-Reservation Trust Land, USA",0.17329701960877772,0.3535641991037567,0.30927242283269013,0.33716337806355307
"Coeur d'Alene Reservation, USA",0.1636666666666666,0.19521640091116152,0.19772209567198187,0.6070615034168566
"Zuni Reservation and Off-Reservation Trust Land, USA",0.4744175170136125,0.3496005086739768,0.5399962729544491,0.11040321837157403
"Crow Reservation and Off-Reservation Trust Land, USA",0.2881544739651955,0.3715000567107075,0.2789162423862299,0.34958370090306257
"Allegany Reservation, USA",0.2204724409448819,0.11222949169602423,0.47232008052340213,0.41545042778057373
"Yankton Reservation, USA",0.22322775263951844,0.3339075509618146,0.1441286247487805,0.5219638242894048
"Ohkay Owingeh, USA",0.3644298963447901,0.14285714285714282,0.40944510035419146,0.44769775678866575
"Hopi Reservation and Off-Reservation Trust Land, USA",0.5231456611851077,0.16716888272295768,0.49328297566753954,0.33954814160950286
"Salt River Reservation, USA",0.1138282579027412,0.31134075251722304,0.408055113937467,0.2806041335453099
"Fort Hall Reservation and Off-Reservation Trust Land, USA",0.2575431034482763,0.2662804132691996,0.23787568785019114,0.4958438988806093
"Lummi Reservation, USA",0.11139796839459036,0.14414558015290335,0.29873256765427886,0.5571218521928178
"Red Lake Reservation, USA",0.19833804839028463,0.261067164714731,0.44131538355596145,0.2976174517293076
"Nanakuli Hawaiian Home Land, USA",0.08477497508692537,0.05205376490448933,0.2529741388096157,0.6949720962858948
"Mille Lacs Reservation and Off-Reservation Trust Land, USA",0.16484899237412343,0.09806092347898519,0.35119354281824083,0.550745533702774
"Sandia Pueblo, USA",0.20778092035430631,0.18872844124178348,0.322926601407977,0.48834495735023953
"Taos Pueblo and Off-Reservation Trust Land, USA",0.24281880477569126,0.1731344474477374,0.3534702526342575,0.4733952999180051
"Omaha Reservation, USA",0.19754260128694792,0.22783381470600247,0.15188694842479733,0.6202792368692002
"Northern Cheyenne Indian Reservation and Off-Reservation Trust Land, USA",0.25198664657832354,0.3806157829212509,0.2989344382869277,0.32044977879182146
"Muckleshoot Reservation and Off-Reservation Trust Land, USA",0.09100572328258895,0.17038727052833633,0.24265118139333391,0.5869615480783298
"Fond du Lac Reservation and Off-Reservation Trust Land, USA",0.22006518125590813,0.10031269547672256,0.2875037009598253,0.6121836035634521
"Mescalero Reservation, USA",0.2881844380403459,0.2575071986836693,0.5026737967914439,0.23981900452488683
"Laguna Pueblo and Off-Reservation Trust Land, USA",0.5635887106375163,0.2466765140324965,0.44571639586410605,0.30760709010339743
"Kickapoo (KS) Reservation, USA",0.19790289096210115,0.11908213391385081,0.15475183785453606,0.7261660282316132
"Spirit Lake Reservation, USA",0.32061433478374596,0.15491568908364872,0.3905634167584677,0.45452089415788366
"San Felipe Pueblo, USA",0.4488977955911825,0.23720516243880724,0.39474855362705835,0.36804628393413447
"St. Regis Mohawk Reservation, USA",0.15847750865051902,0.13043478260869562,0.5021312872975278,0.36743393009377673
"Menominee Reservation and Off-Reservation Trust Land, USA",0.1798767291061849,0.3019916106012988,0.3223621545765522,0.375646234822149
"Rocky Boy's Reservation and Off-Reservation Trust Land, USA",0.4003538007377728,0.13635099907309448,0.5278174724452971,0.3358315284816084
"Waimanalo Hawaiian Home Land, USA",0.15161686563794732,0.02993844455051868,0.16360424431363205,0.8064573111358493
"Pueblo of Pojoaque and Off-Reservation Trust Land, USA",0.24866965545614292,0.18536693618129518,0.2513332425452733,0.5632998212734316
"Lac du Flambeau Reservation, USA",0.13155671650602851,0.2080696250500519,0.297633957379155,0.49429641757079307
"Jicarilla Apache Nation Reservation and Off-Reservation Trust Land, USA",0.2906444118573659,0.15175341898644373,0.4035320875925528,0.4447144934210035
"Pascua Pueblo Yaqui Reservation and Off-Reservation Trust Land, USA",0.2062558574880682,0.3294372294372295,0.48008658008658006,0.19047619047619044
"Torres-Martinez Reservation, USA",0.2646473138626748,0.31186580802777536,0.6066209263460498,0.08151326562617482
"L'Anse Reservation and Off-Reservation Trust Land, USA",0.1844721817598592,0.0811520861873011,0.2906785843042703,0.6281693295084286
"Warm Springs Reservation and Off-Reservation Trust Land, USA",0.2125550660792951,0.15362041736709503,0.47468445110162283,0.3716951315312822
"Fort Belknap Reservation and Off-Reservation Trust Land, USA",0.21513098527894214,0.3151375849015348,0.4796343694297857,0.2052280456686796
"Isleta Pueblo, USA",0.3355035274099871,0.24247097008371718,0.25832964846541745,0.49919938145086534
"Acoma Pueblo and Off-Reservation Trust Land, USA",0.49811066278121735,0.2591167702901561,0.45162095470280234,0.2892622750070416
"Washoe Ranches Trust Land, USA",0.09803976228388672,0.1695163949287568,0.23750000907882535,0.5929835959924179
"Swinomish Reservation and Off-Reservation Trust Land, USA",0.040955631399317405,0.11107417838994581,0.20044270239662304,0.6884831192134312
"Hoopa Valley Reservation, USA",0.3010625737898466,0.10071513706793804,0.4994040524433849,0.3998808104886771
"Santo Domingo Pueblo, USA",0.4944530844997406,0.33212247016087193,0.46445251686559413,0.20342501297353402
"Lac Courte Oreilles Reservation and Off-Reservation Trust Land, USA",0.2762595134096103,0.13584011344740357,0.2050099281171031,0.6591499584354933
"Umatilla Reservation and Off-Reservation Trust Land, USA",0.16070759900063225,0.1272288388850403,0.2913352803537458,0.5814358807612139
"Winnebago Reservation and Off-Reservation Trust Land, USA",0.21483476132190965,0.27449369302178694,0.15318690300979343,0.5723194039684196
"Cattaraugus Reservation, USA",0.34583070632474144,0.1275870325065051,0.31454693322489685,0.557866034268598
"Spokane Reservation and Off-Reservation Trust Land, USA",0.3168077388149939,0.20420888542478563,0.47934528448947766,0.31644583008573673
"Waianae Hawaiian Home Land, USA",0.027255879342297798,0.06759816750722344,0.36122971834088424,0.5711721141518923
"Crow Creek Reservation, USA",0.3370468577667138,0.4834436783878797,0.21180044263346043,0.30475587897865986
"Jemez Pueblo, USA",0.5557768924302791,0.17549407114624502,0.45138339920948617,0.3731225296442688
"Pyramid Lake Paiute Reservation, USA",0.35595731763785843,0.18700657540622445,0.3207165816306166,0.4922768429631589
"Bishop Reservation, USA",0.16485225505443238,0.1162111966038737,0.3061820111435395,0.5776067922525868
"Fort Yuma Indian Reservation, USA",0.17392279348023748,0.18869138506988434,0.4790283110620738,0.3322803038680419
"Nambe Pueblo and Off-Reservation Trust Land, USA",0.4113475177304965,0.08152447894911202,0.3703218248424005,0.5481536962084876
"San Ildefonso Pueblo and Off-Reservation Trust Land, USA",0.24027459954233404,0.21676300578034685,0.2752890173410404,0.5079479768786128
"Anahola (Residential) Hawaiian Home Land, USA",0.14634249569531665,0.08391608391608392,0.26068376068376065,0.6554001554001554
"Fort Mojave Reservation and Off-Reservation Trust Land, USA",0.093779427115725,0.09604922751509125,0.32427548092414044,0.5796752915607684
"Makah Indian Reservation, USA",0.20121679443751106,0.31137088204038255,0.3198724760892668,0.36875664187035073
"Ute Mountain Reservation and Off-Reservation Trust Land, USA",0.4594736015319175,0.3338065511818926,0.24767757762850223,0.4185158711896051
"Lower Brule Reservation and Off-Reservation Trust Land, USA",0.3339574193183524,0.4742658789709842,0.23840010698271738,0.2873340140462984
"Sault Ste. Marie Reservation and Off-Reservation Trust Land, USA",0.11302786621732058,0.10527883846769613,0.426300264944008,0.4684208965882958
"Picuris Pueblo, USA",0.3670360110803324,0.09551800146950776,0.4761204996326231,0.4283614988978691
"Keaukaha Hawaiian Home Land, USA",0.14711729622266403,0.0845898287758753,0.2944032711474572,0.6210069000766676
"Ho-Chunk Nation Reservation and Off-Reservation Trust Land, USA",0.14237123383290454,0.10446568416576442,0.19195643912764518,0.7035778767065904
"Kanehili Hawaiian Home Land, USA",0.06642066420664207,0.034115138592750525,0.11818458726774292,0.8477002741395065
"Annette Island Reserve, USA",0.23473053892215578,0.2168141592920355,0.36725663716814155,0.41592920353982304
"Bad River Reservation, USA",0.1259640102827764,0.11447562776957165,0.31019202363367787,0.5753323485967505
"Prairie Band of Potawatomi Nation Reservation, USA",0.20176097836640164,0.0809435707678075,0.08649398704902862,0.8325624421831639
"Quinault Reservation, USA",0.14756367663344408,0.23639202981882296,0.3773405583422452,0.3862674118389317
"Pueblo de Cochiti, USA",0.2952559151941388,0.2580193254407235,0.2933977792222858,0.4485828953369906
"Pala Reservation, USA",0.26216617159032124,0.3025748502501371,0.14929168118560077,0.5481334685642621
"Waiehu Hawaiian Home Land, USA",0.01672640382317802,0.0553619821912505,0.1589237320944638,0.7857142857142857
"Hollywood Reservation, USA",0.0950802475963785,0.32359824264331355,0.07230997946809531,0.6040917778885911
"Red Cliff Reservation and Off-Reservation Trust Land, USA",0.05976095617529879,0.14179500796601163,0.2559745087626128,0.6022304832713755
"Hoolehua-Palaau Hawaiian Home Land, USA",0.19954854747669387,0.01631701631701632,0.41103341103341107,0.5726495726495726
"Duck Valley Reservation and Off-Reservation Trust Land, USA",0.2926046548574151,0.12395383587298779,0.1956803620742053,0.680365802052807
"Kaupea Hawaiian Home Land, USA",0.008445945945945946,0.021745835903763108,0.11428130783466993,0.8639728562615668
"Hualapai Indian Reservation and Off-Reservation Trust Land, USA",0.23475776938897028,0.16510230536001855,0.32210894439338233,0.5127887502465992
"San Pasqual Reservation and Off-Reservation Trust Land, USA",0.09085587613152446,0.11563960301118395,0.19087845707886858,0.6934819399099474
"Tule River Reservation and Off-Reservation Trust Land, USA",0.2405281785721632,0.14297286350749291,0.2827055488051843,0.5743215876873228
"Morongo Reservation and Off-Reservation Trust Land, USA",0.147434471783879,0.11701734957548912,0.36286452565522337,0.5201181247692875
"Waiohuli (Residential) Hawaiian Home Land, USA",0.041666666666666664,0.10427283418267347,0.16699333594668755,0.728733829870639
"Yurok Reservation, USA",0.31275928148756504,0.07701738429453454,0.5263593451837334,0.3966232705217321
"Yavapai-Apache Nation Reservation, USA",0.15248269838613265,0.11728880426403474,0.36860797912962207,0.5141032166063432
"Tesuque Pueblo and Off-Reservation Trust Land, USA",0.24545454545454543,0.21495327102803735,0.27187765505522515,0.5131690739167375
"Ysleta del Sur Pueblo and Off-Reservation Trust Land, USA",0.16751169383519984,0.3382734272433146,0.1490320415359419,0.5126945312207435
"Shakopee Mdewakanton Sioux Community and Off-Reservation Trust Land, USA",0.019341284029770943,0.031735783536855515,0.05578730206241723,0.9124769144007273
"Fort McDowell Yavapai Nation Reservation, USA",0.15359477124183005,0.47239263803680975,0.17791411042944788,0.3496932515337423
"Sac and Fox/Meskwaki Settlement and Off-Reservation Trust Land, USA",0.17916725114948437,0.1373160913494613,0.2089929629246793,0.6536909457258594
"Tuscarora Nation Reservation, USA",0.21643835616438356,0.16966966966966962,0.1561561561561562,0.6741741741741742
"Rincon Reservation and Off-Reservation Trust Land, USA",0.1338432122370937,0.16344916344916346,0.18114543114543116,0.6554054054054055
"Papakolea Hawaiian Home Land, USA",0.11246943765281174,0.04626532887402452,0.10367892976588627,0.8500557413600892
"Maricopa (Ak Chin) Indian Reservation and Off-Reservation Trust Land, USA",0.28044014433883174,0.12110890286090512,0.3686686268044595,0.5102224703346354
"Princess Kahanu Estates Hawaiian Home Land, USA",0.049341854242971946,0.040573520439292236,0.36699206833435016,0.5924344112263575
"Panaewa (Residential) Hawaiian Home Land, USA",0.10025380710659901,0.08458982877587529,0.2944032711474572,0.6210069000766676
"Bay Mills Reservation and Off-Reservation Trust Land, USA",0.11766682739696306,0.10296151835942605,0.2120929063070739,0.6849455753335001
"Maluohai Hawaiian Home Land, USA",0.016289899476710834,0.02174583590376311,0.11428130783466996,0.863972856261567
"Pechanga Reservation and Off-Reservation Trust Land, USA",0.06695146305071761,0.09444304584668238,0.08945934531351177,0.8160976088398058
"Kealakehe Hawaiian Home Land, USA",0.18467336683417085,0.14722811269312333,0.2126628294456226,0.6401090578612542
"Bois Forte Reservation and Off-Reservation Trust Land, USA",0.13483174371072817,0.08514380070080928,0.23016777384636894,0.6846884254528217
"Paukukalo Hawaiian Home Land, USA",0.20601503759398493,0.07737140648708594,0.134695640027168,0.7879329534857461
"Santee Reservation, USA",0.16485900216919736,0.13004214328717645,0.13485851896447917,0.7350993377483445
"Puukapu Hawaiian Home Land, USA",0.20717223244085298,0.0927556714969864,0.1419998004901826,0.765244528012831
"Reno-Sparks Indian Colony and Off-Reservation Trust Land, USA",0.2430727391522276,0.18292764335675138,0.21407661794368887,0.6029957386995597
"Santa Rosa Rancheria, USA",0.2183288409703504,0.22947689957999237,0.43222604047346314,0.3382970599465445
"Mohegan Reservation, USA",0.024509478384263872,0.06944444444444446,0.1743055555555556,0.7562499999999999
"Nooksack Reservation and Off-Reservation Trust Land, USA",0.09908590648299408,0.06792825805578037,0.21356541182016608,0.7185063301240535
"Catawba Reservation and Off-Reservation Trust Land, USA",0.0752397677444402,0.14646053702196912,0.18999186330349874,0.6635475996745321
"Cocopah Reservation, USA",0.2772051294046709,0.1719524145126492,0.3747420485597167,0.453305536927634
"Onondaga Nation Reservation, USA",0.0,0.0,0.0,1.0
"Shinnecock (state) Reservation, USA",0.0,0.2454036770583533,0.11590727418065548,0.6386890487609912
"Walker River Reservation, USA",0.2728988423717719,0.15287712144729107,0.4176001871259932,0.4295226914267157
"East Kapolei Hawaiian Home Land, USA",0.03074141048824594,0.04196170993968005,0.16732231838447414,0.7907159716758458
"St. Croix Reservation and Off-Reservation Trust Land, USA",0.11285897719487373,0.11887997116200441,0.2497074091834947,0.6314126196545008
"Indian Township Reservation, USA",0.2699115044247787,0.13549239920687375,0.33773959021810973,0.5267680105750167
"Zia Pueblo and Off-Reservation Trust Land, USA",0.36486486486486486,0.1427155599603568,0.3280475718533201,0.5292368681863232
"Chehalis Reservation and Off-Reservation Trust Land, USA",0.12460451657208857,0.07598388966674396,0.30869671342100535,0.6153193969122507
"Barona Reservation and Off-Reservation Trust Land, USA",0.04182509505703421,0.13267203967761934,0.18908865468071917,0.6782393056416615
"Kalispel Reservation and Off-Reservation Trust Land, USA",0.0797300257543327,0.08170408902612766,0.32898550969004925,0.5893104012838232
"Port Gamble Reservation and Off-Reservation Trust Land, USA",0.07612456747404843,0.08462815801731749,0.17330225960852896,0.7420695823741537
"Stockbridge Munsee Community and Off-Reservation Trust Land, USA",0.2537846937512359,0.09676079734219273,0.21802325581395351,0.6852159468438537
"Skokomish Reservation and Off-Reservation Trust Land, USA",0.1688888888888889,0.17310965975250836,0.3756139155203344,0.4512764247271572
"Elko Colony, USA",0.2100313479623824,0.13957883369330454,0.12742980561555076,0.7329913606911448
"Hannahville Indian Community and Off-Reservation Trust Land, USA",0.14965755537316475,0.07731919655287481,0.17245821610973427,0.750222587337391
"Pleasant Point Reservation, USA",0.17012448132780086,0.11294526498696783,0.2971329278887923,0.5899218071242398
"Santa Ana Pueblo, USA",0.084985835694051,0.14988425606874395,0.1866394063447653,0.6634763375864907
"Lower Elwha Reservation and Off-Reservation Trust Land, USA",0.057353699934573545,0.12971265121065959,0.3229856011752814,0.547301747614059
"Alabama-Coushatta Reservation and Off-Reservation Trust Land, USA",0.09134615384615384,0.2124450031426775,0.22501571338780638,0.5625392834695161
"Fallon Paiute-Shoshone Reservation and Off-Reservation Trust Land, USA",0.20689655172413798,0.1934260429835651,0.3463969658659925,0.46017699115044236
"Siletz Reservation and Off-Reservation Trust Land, USA",0.1496908923009887,0.13470867793315444,0.298309606958131,0.5669817151087145
"Panaewa (Agricultural) Hawaiian Home Land, USA",0.23692672567684736,0.0845898287758753,0.2944032711474572,0.6210069000766676
"Chitimacha Reservation, USA",0.23478260869565218,0.10266821345707655,0.32424593967517396,0.5730858468677494
"Nisqually Reservation, USA",0.06037735849056603,0.133377135348226,0.17805519053876476,0.6885676741130091
"Grand Portage Reservation and Off-Reservation Trust Land, USA",0.07407407407407408,0.09857482185273157,0.18646080760095013,0.7149643705463183
"Waianae Kai Hawaiian Home Land, USA",0.057750759878419454,0.08177083333333335,0.30208333333333337,0.6161458333333334
"Grand Ronde Community and Off-Reservation Trust Land, USA",0.19213316413601922,0.1055027760372991,0.34049604165952374,0.5540011823031771
"Grand Traverse Reservation and Off-Reservation Trust Land, USA",0.10007233532280362,0.0963512251126321,0.14234680517549006,0.7613019697118779
"Forest County Potawatomi Community and Off-Reservation Trust Land, USA",0.09544888984436514,0.14881348253761267,0.24296090701727974,0.6082256104451076
"Soboba Reservation and Off-Reservation Trust Land, USA",0.07879883124232887,0.1050034805698413,0.3042886160971096,0.5907079033330491
"Susanville Indian Rancheria and Off-Reservation Trust Land, USA",0.096845243623096,0.0902105116990609,0.22358787021737925,0.6862016180835597
"Big Pine Reservation and Off-Reservation Trust Land, USA",0.18404907975460122,0.058865757358219674,0.28427853553481697,0.6568557071069634
"Karuk Reservation and Off-Reservation Trust Land, USA",0.12453463934191114,0.07568526396698802,0.4901142000250555,0.4342005360079565
"Viejas Reservation and Off-Reservation Trust Land, USA",0.08916323731138547,0.15989717223650385,0.13367609254498714,0.706426735218509
"Miccosukee Reservation and Off-Reservation Trust Land, USA",0.2027027027027027,0.24377104377104378,0.09180695847362515,0.6644219977553312
"Lower Sioux Indian Community and Off-Reservation Trust Land, USA",0.12373737373737372,0.13186813186813187,0.12605042016806722,0.7420814479638009
"Squaxin Island Reservation and Off-Reservation Trust Land, USA",0.12151362320570591,0.19301173212626466,0.1714813486373015,0.6355069192364339
"Kawaihae Hawaiian Home Land, USA",0.007179487179487179,0.08829054477144645,0.21164683782091423,0.7000626174076393
"Sokaogon Chippewa Community and Off-Reservation Trust Land, USA",0.13569937369519833,0.08576642335766423,0.24209245742092458,0.6721411192214111
"Kekaha Hawaiian Home Land, USA",0.11270491803278689,0.047370254266805994,0.2971090212469523,0.6555207244862417
"Chemehuevi Reservation, USA",0.3426294820717132,0.17377731529656607,0.3985431841831426,0.42767950052029136
"Leialii Hawaiian Home Land, USA",0.0915492957746479,0.08082799408575653,0.09857072449482504,0.8206012814194185
"Round Valley Reservation and Off-Reservation Trust Land, USA",0.24305172825638635,0.1832946635730858,0.37122969837587005,0.44547563805104406
"Brighton Reservation, USA",0.15406976744186046,0.31936295054484487,0.3419949706621962,0.338642078792959
"Poospatuck (state) Reservation, USA",0.04884004884004883,0.11387494294842537,0.2681424007302602,0.6179826563213145
"Flandreau Reservation, USA",0.22263290934226437,0.16716776909200237,0.11064341551413107,0.7221888153938666
"Quileute Reservation, USA",0.1848184818481848,0.13690851735015774,0.2839116719242902,0.579179810725552
"Dresslerville Colony, USA",0.12280701754385964,0.2226027397260274,0.2134703196347032,0.5639269406392694
"Campo Indian Reservation, USA",0.16578941025035318,0.10809196616878512,0.39182452783846233,0.5000835059927525
"Mashantucket Pequot Reservation and Off-Reservation Trust Land, USA",0.13075060532687652,0.043239822822189404,0.12782113478169158,0.828939042396119
"Penobscot Reservation and Off-Reservation Trust Land, USA",0.22176189682755199,0.16073496364400003,0.33402305669800236,0.5052419796579977
"Kickapoo (TX) Reservation and Off-Reservation Trust Land, USA",0.30113636363636365,0.4683794466403162,0.08577075098814228,0.4458498023715415
"Kalamaula Hawaiian Home Land, USA",0.1601123595505618,0.055999999999999994,0.3736470588235294,0.5703529411764705
"Coquille Reservation, USA",0.08919604364999195,0.1710470309689823,0.3286151955310208,0.5003377734999969
"Kakaina-Kumuhau Hawaiian Home Land, USA",0.17424242424242425,0.0614323258869908,0.18889618922470433,0.7496714848883048
"Prairie Island Indian Community and Off-Reservation Trust Land, USA",0.12923242848218391,0.17565698828523682,0.11619734433412396,0.7081456673806393
"Kalawahine Hawaiian Home Land, USA",0.027027027027027032,0.02258355916892502,0.1020776874435411,0.8753387533875339
"Campbell Ranch, USA",0.20923913043478262,0.055555555555555546,0.47601010101010105,0.4684343434343435
"Poarch Creek Reservation and Off-Reservation Trust Land, USA",0.2298850574712643,0.19485668139760384,0.13440029942400478,0.6707430191783914
"Little River Reservation and Off-Reservation Trust Land, USA",0.16382628341431874,0.09344115004492363,0.32165318957771794,0.5849056603773585
"Fort McDermitt Indian Reservation, USA",0.259765625,0.22172619047619052,0.09821428571428571,0.6800595238095237
"San Manuel Reservation and Off-Reservation Trust Land, USA",0.07085329755401573,0.06460968960346017,0.2041027333724552,0.7312875770240846
"Upper Skagit Reservation and Off-Reservation Trust Land, USA",0.06140350877192982,0.0812575335490052,0.21523876062362035,0.7035037058273744
"Santa Ynez Reservation, USA",0.14367816091954022,0.16197183098591547,0.11971830985915491,0.7183098591549296
"Santa Ysabel Reservation, USA",0.1859410430839002,0.18298446995273465,0.3227548953409859,0.49426063470627946
"Tonawanda Reservation, USA",0.38071065989847713,0.1573604060913705,0.23350253807106594,0.6091370558375635
"Hopland Rancheria, USA",0.12242819562373508,0.193574297188755,0.2088353413654618,0.5975903614457831
"Kewalo Hawaiian Home Land, USA",0.11246943765281171,0.04626532887402453,0.10367892976588629,0.8500557413600892
"Lone Pine Reservation, USA",0.293939393939394,0.07876712328767123,0.18542074363992173,0.735812133072407
"Ely Reservation, USA",0.1213793287308029,0.02920114553659255,0.14651614693427864,0.8242827075291288
"Big Cypress Reservation, USA",0.13618677042801555,0.5579710144927535,0.2391304347826087,0.20289855072463772
"Carson Colony, USA",0.22335025380710666,0.0665425779432294,0.15030246626337831,0.7831549557933922
"Redwood Valley Rancheria, USA",0.05655758240026503,0.1203069334064127,0.33433817484242256,0.5453548917511647
"Moapa River Indian Reservation, USA",0.10833333333333334,0.1343804537521815,0.2670157068062827,0.5986038394415357
"Houlton Maliseet Reservation and Off-Reservation Trust Land, USA",0.10667248234270456,0.06815721775208852,0.29581263486294207,0.6360301473849693
"Paiute (UT) Reservation, USA",0.0806035461827938,0.14644803381912902,0.14163449934308125,0.7119174668377898
"Pokagon Reservation and Off-Reservation Trust Land, USA",0.11614013316913713,0.09559442172134704,0.3349273934252743,0.5694781848533786
"Cahuilla Reservation, USA",0.09937888198757763,0.1180043383947939,0.424295010845987,0.4577006507592191
"Woodfords Community, USA",0.05299539170506913,0.11538461538461538,0.3076923076923077,0.5769230769230769
"Anahola (Agricultural) Hawaiian Home Land, USA",0.12202169169416648,0.08391608391608393,0.26068376068376065,0.6554001554001554
"Kaibab Indian Reservation, USA",0.1111111111111111,0.3959183673469388,0.4346938775510204,0.16938775510204085
"Lac Vieux Desert Reservation, USA",0.20503597122302158,0.11141304347826085,0.15760869565217395,0.7309782608695652
"Robinson Rancheria and Off-Reservation Trust Land, USA",0.08935452987980853,0.14818367843098418,0.23154132393017826,0.6202749976388375
"Sycuan Reservation and Off-Reservation Trust Land, USA",0.06074766355140188,0.0716125708397733,0.17104585265327152,0.7573415765069552
"Havasupai Reservation, USA",0.10289389067524117,0.1959169054441261,0.21239255014326652,0.5916905444126075
"Cow Creek Reservation and Off-Reservation Trust Land, USA",0.21670472839650784,0.07853724835694118,0.3586953579985493,0.5627673936445095
"Rohnerville (Rancheria) Trust Land, USA",0.05949656750572081,0.10661874812818209,0.37915543575920935,0.5142258161126085
"Sherwood Valley Rancheria and Off-Reservation Trust Land, USA",0.3135813398955667,0.10022669645337567,0.43887910647032213,0.4608941970763022
"Aroostook Band of Micmac Trust Land, USA",0.24019595119087955,0.11013940682593706,0.3279770787208987,0.5618835144531643
"Quartz Valley Reservation and Off-Reservation Trust Land, USA",0.0848123497873914,0.08057768846502023,0.27697459664913776,0.642447714885842
"Yavapai-Prescott Reservation, USA",0.15748031496062992,0.06056018168054504,0.19984859954579864,0.7395912187736563
"Immokalee Reservation, USA",0.4251271842512718,0.45867930028032805,0.2624482258023838,0.2788724739172881
"Mooretown Rancheria and Off-Reservation Trust Land, USA",0.07427536231884058,0.09314140558848433,0.3492802709568163,0.5575783234546994
"Stewart Community, USA",0.07975189150518833,0.12445557586297393,0.09577323049710368,0.7797711936399224
"Big Valley Rancheria, USA",0.08333333333333333,0.21499596882558455,0.46170384305294276,0.3233001881214727
"Grindstone Indian Rancheria, USA",0.20444444444444446,0.160081053698075,0.22593718338399188,0.6139817629179332
"Manchester-Point Arena Rancheria, USA",0.2079831932773109,0.1419624217118998,0.33027139874739037,0.5277661795407098
"Iowa (KS-NE) Reservation and Off-Reservation Trust Land, USA",0.12474321548275488,0.11486094795787095,0.13946842607622464,0.7456706259659044
"Pauma and Yuima Reservation, USA",0.19948186528497408,0.35332252836304706,0.12641815235008103,0.520259319286872
"Big Sandy Rancheria and Off-Reservation Trust Land, USA",0.18095238095238095,0.11292517006802724,0.20544217687074834,0.6816326530612244
"Sac and Fox Nation Reservation and Off-Reservation Trust Land, USA",0.1934493740475388,0.10391623830894729,0.0900330947415895,0.8060506669494633
"Smith River Rancheria and Off-Reservation Trust Land, USA",0.08876811594202898,0.0943219145940873,0.2885969028625059,0.6170811825434068
"Duckwater Reservation, USA",0.11267605633802817,0.011966701352757538,0.07908428720083246,0.9089490114464099
"Kapaakea Hawaiian Home Land, USA",0.38680819252533555,0.05600000000000001,0.37364705882352933,0.5703529411764706
"Laytonville Rancheria, USA",0.32530120481927705,0.2378324134470647,0.35574510787757146,0.4064224786753638
"Tuolumne Rancheria, USA",0.23093681917211334,0.16214530714062989,0.16713439351418774,0.6707202993451824
"Berry Creek Rancheria and Off-Reservation Trust Land, USA",0.2067305423136829,0.18906957361361015,0.23109795708188346,0.5798324693045064
"Wailua Hawaiian Home Land, USA",,0.05078884806570133,0.16382105035660255,0.7853901015776962
"La Jolla Reservation, USA",0.19948186528497408,0.353322528363047,0.12641815235008105,0.520259319286872
"Yerington Colony, USA",0.1345646437994723,0.235657546337158,0.3786407766990291,0.3857016769638129
"Battle Mountain Reservation and Off-Reservation Trust Land, USA",0.13968738197109926,0.07496895125006132,0.1955102428571538,0.7295208058927849
"Pinoleville Rancheria, USA",0.1,0.28870748299319726,0.3246258503401361,0.38666666666666666
"Burns Paiute Indian Colony and Off-Reservation Trust Land, USA",0.31170662905500707,0.13197112236299946,0.4336845552495688,0.4343443223874316
"Santa Rosa Reservation, USA",0.10514541387024609,0.1180043383947939,0.424295010845987,0.45770065075921906
"Tonto Apache Reservation and Off-Reservation Trust Land, USA",0.31462925851703405,0.14447107155083871,0.30640191715166026,0.5491270112975009
"Trinidad Rancheria and Off-Reservation Trust Land, USA",0.10130180858023874,0.04158650034276048,0.357361938016933,0.6010515616403066
"Coyote Valley Reservation, USA",0.04013377926421404,0.12030693340641269,0.3343381748424225,0.5453548917511647
"Table Bluff Reservation, USA",0.08405172413793104,0.1066187481281821,0.37915543575920935,0.5142258161126086
"Upper Sioux Community and Off-Reservation Trust Land, USA",0.11152416356877323,0.052315093205051115,0.2675886951292844,0.6800962116656644
"Elk Valley Rancheria and Off-Reservation Trust Land, USA",0.12768472746554646,0.022540983606557374,0.4195696721311476,0.5578893442622951
"Lanai City Hawaiian Home Land, USA",0.17990074441687345,0.018557794273594913,0.08801696712619302,0.8934252386002122
"XL Ranch Rancheria, USA",0.2884483950424971,0.13256006628003317,0.2816901408450705,0.5857497928748964
"Goshute Reservation, USA",0.1371134611373942,0.15003207571698807,0.11994990953109758,0.7300180147519143
"Pamunkey (state) Reservation, USA",0.3241650294695481,0.0829571106094808,0.054176072234762986,0.8628668171557563
"Keokea (Agricultural) Hawaiian Home Land, USA",0.041666666666666664,0.10427283418267347,0.16699333594668755,0.728733829870639
"Shingle Springs Rancheria and Off-Reservation Trust Land, USA",0.07061790668348045,0.07116104868913856,0.10112359550561795,0.8277153558052434
"MOWA Choctaw (state) Reservation, USA",0.22365694483729232,0.1139629772939953,0.22499389591487093,0.6610431267911338
"Las Vegas Indian Colony, USA",0.3803965160640064,0.11116578732026323,0.5431298815134412,0.34570433116629545
"Makuu Hawaiian Home Land, USA",0.18699773757406488,0.14823481989900464,0.4086730637883352,0.4430921163126603
"Tunica-Biloxi Reservation and Off-Reservation Trust Land, USA",0.3406717693430191,0.12151625640073418,0.4891370033759634,0.3893467402233026
"Blue Lake Rancheria and Off-Reservation Trust Land, USA",0.10175438596491228,0.13753723932472692,0.3103277060575968,0.5521350546176763
"Little Traverse Bay Reservation and Off-Reservation Trust Land, USA",0.13410669925452093,0.11631692845758351,0.14233967370416442,0.741343397838252
"Manzanita Reservation and Off-Reservation Trust Land, USA",0.23188405797101447,0.15359116022099448,0.4541436464088398,0.3922651933701657
"Fallon Paiute-Shoshone Colony and Off-Reservation Trust Land, USA",0.10325318246110325,0.1638009049773756,0.33167420814479637,0.504524886877828
"South Fork Reservation and Off-Reservation Trust Land, USA",0.13796730912490907,0.1290553119530045,0.11695894752392952,0.7539857405230661
"Fort Bidwell Reservation and Off-Reservation Trust Land, USA",0.16938110749185667,0.1318681318681319,0.2543171114599686,0.6138147566718996
"Lovelock Indian Colony, USA",0.16138328530259363,0.1773245765641203,0.18423781541652262,0.6384376080193571
"Coushatta Reservation and Off-Reservation Trust Land, USA",0.08945686900958465,0.15825977301387137,0.28373266078184106,0.5580075662042876
"Fort Independence Reservation, USA",0.10026385224274409,0.05886575735821967,0.28427853553481697,0.6568557071069635
"Kootenai Reservation and Off-Reservation Trust Land, USA",0.13587053162573484,0.17647888187201313,0.1493581949960538,0.6741629231319332
"Hoh Indian Reservation and Off-Reservation Trust Land, USA",0.2444444444444444,0.11133810010214504,0.432073544433095,0.45658835546476
"Colusa Rancheria, USA",0.29768786127167635,0.08987993138936534,0.26895368782161233,0.6411663807890223
"Mesa Grande Reservation, USA",0.18594104308390025,0.18298446995273462,0.3227548953409858,0.49426063470627946
"Kaumana Hawaiian Home Land, USA",0.09223300970873788,0.029173989455184533,0.07697715289982426,0.8938488576449912
"Stewarts Point Rancheria and Off-Reservation Trust Land, USA",0.1234567901234568,0.06868867082961641,0.25066904549509367,0.6806422836752899
"Wampanoag-Aquinnah Trust Land, USA",0.017937219730941707,0.056109265411590975,0.1450719822812846,0.7988187523071243
"Celilo Village, USA",0.17546174142480211,0.1192026037428804,0.2864117168429618,0.5943856794141579
"Benton Paiute Reservation and Off-Reservation Trust Land, USA",0.09999999999999998,0.0723965763195435,0.15763195435092725,0.7699714693295293
"Kalaupapa Hawaiian Home Land, USA",0.19354838709677413,0.0,0.1891891891891892,0.8108108108108107
"Shoalwater Bay Indian Reservation and Off-Reservation Trust Land, USA",0.01710674706209812,0.04039735099337748,0.34437086092715236,0.6152317880794702
"Cold Springs Rancheria, USA",0.1853658536585366,0.1713147410358566,0.23705179282868527,0.5916334661354581
"Coos, Lower Umpqua, and Siuslaw Reservation and Off-Reservation Trust Land, USA",0.030168613858345957,0.052925169622889616,0.27286722315417405,0.6742076072229363
"Lalamilo Hawaiian Home Land, USA",0.22244094488188973,0.07396449704142011,0.14965483234714003,0.7763806706114399
"Upper Lake Rancheria, USA",0.21148036253776437,0.15319148936170213,0.22170212765957445,0.6251063829787233
"Guidiville Rancheria and Off-Reservation Trust Land, USA",0.006779497414393939,0.06088709677419355,0.23508064516129035,0.7040322580645161
"Picayune Rancheria and Off-Reservation Trust Land, USA",0.0534521158129176,0.13670485973923352,0.2445673646779929,0.6187277755827735
"Huron Potawatomi Reservation and Off-Reservation Trust Land, USA",0.20429264519758122,0.07549093617533856,0.24184112944443972,0.6826679343802217
"Piihonua Hawaiian Home Land, USA",0.05494505494505494,0.005813953488372093,0.14656007751937986,0.8476259689922481
"Cabazon Reservation, USA",0.13688212927756654,0.09076286764705882,0.5732996323529412,0.3359375
"Kamiloloa-Makakupaia Hawaiian Home Land, USA",0.19141168181846274,0.05600000000000001,0.37364705882352944,0.5703529411764706
"Kamoku-Kapulena Hawaiian Home Land, USA",0.07570977917981073,0.09620384815392616,0.27613104524180965,0.6276651066042641
"Lualualei Hawaiian Home Land, USA",0.1318231849003275,0.046691415364481785,0.32295399852451967,0.6303545861109986
"Wells Colony, USA",0.05897435897435897,0.07157057654075545,0.43936381709741545,0.489065606361829
"Fort Pierce Reservation, USA",0.11624203821656051,0.11490866234531529,0.1708898055391868,0.714201532115498
"Sauk-Suiattle Reservation, USA",0.3767605633802817,0.1387012987012987,0.334025974025974,0.5272727272727272
"North Fork Rancheria and Off-Reservation Trust Land, USA",0.08481471724174215,0.11477045908183632,0.2574850299401198,0.6277445109780438
"La Posta Indian Reservation, USA",0.20919414586749258,0.13739830900461783,0.4319646993754504,0.4306369916199317
"Jamestown S'Klallam Reservation and Off-Reservation Trust Land, USA",0.062444332614341985,0.10247532966719221,0.24873838114495767,0.6487862891878501
"Mattaponi (state) Reservation, USA",0.15304347826086956,0.08295711060948081,0.05417607223476298,0.8628668171557562
"Bridgeport Reservation and Off-Reservation Trust Land, USA",0.04680851063829787,0.14311594202898553,0.18115942028985507,0.6757246376811594
"Sulphur Bank Rancheria, USA",0.28859060402684567,0.05730129390018484,0.39371534195933455,0.5489833641404807
"Paucatuck Eastern Pequot (state) Reservation, USA",0.007668711656441719,0.08123980424143555,0.1686786296900489,0.7500815660685155
"Stillaguamish Reservation and Off-Reservation Trust Land, USA",0.018009654660230228,0.05965336847347258,0.13093093105541462,0.8094157004711129
"Winnemucca Indian Colony, USA",0.32111886641664206,0.12176347095871241,0.1595521343596921,0.7186843946815955
"Redding Rancheria, USA",0.1084695393759287,0.13236245954692558,0.2834951456310679,0.5841423948220065
"Rumsey Indian Rancheria, USA",0.05294117647058824,0.10518102372034956,0.24781523096129837,0.647003745318352
"Hanapepe Hawaiian Home Land, USA",0.10460251046025103,0.10808678500986192,0.24181459566074948,0.6500986193293885
"Kahikinui Hawaiian Home Land, USA",0.14933333333333332,0.022222222222222223,0.1503267973856209,0.8274509803921568
