longname,PW Mean PM2.5 Pollution,Utility gas heating %,Electricity heating %,"Bottled, tank, or LP gas heating %","Fuel oil, kerosene, etc. heating %",Other fuel heating %,No heating %
"Navajo Nation Reservation and Off-Reservation Trust Land, USA",4.514396385678669,0.09484239945562821,0.13106881474475907,0.09155387921985593,0.0013564186186072781,0.6712976572767864,0.00988083068436302
"Oneida Indian Nation Reservation, USA",5.503522669969208,0.475115751347445,0.1311511678090865,0.13825096455594843,0.18493210332502774,0.06488906998095294,0.005660942981539391
"Puyallup Reservation and Off-Reservation Trust Land, USA",5.717919720430048,0.355749289480385,0.5850973382335976,0.01816112222792387,0.013687592881396449,0.01463543367264874,0.012669223504048406
"Osage Reservation, USA",7.050976860008855,0.4359843081312414,0.372265810746553,0.13938421302900555,0.008083689966714228,0.043509272467902836,0.0007727056585829739
"Yakama Nation Reservation and Off-Reservation Trust Land, USA",7.458155331147679,0.11401638442177701,0.7342396030135464,0.02457620725893693,0.0195759978370505,0.10384389577393746,0.0037479116947516625
"Flathead Reservation, USA",6.592116867634833,0.02417786795164425,0.5598951728802084,0.18843520162313024,0.039056555921886955,0.18539183362921685,0.0030433679939132693
"Oneida (WI) Reservation and Off-Reservation Trust Land, USA",6.343155693461209,0.703690588145447,0.18221296528547737,0.08187434637754751,0.006527983373914514,0.018876892299872234,0.006817224517741353
"Agua Caliente Indian Reservation and Off-Reservation Trust Land, USA",10.243977305178236,0.6657429002638163,0.29026180949255703,0.01818169463735876,0.0002622507265970909,0.019377153904296292,0.006174190975374577
"Wind River Reservation and Off-Reservation Trust Land, USA",5.361575179119734,0.4959530760934058,0.19396655062882537,0.19869619461241964,0.00044008226890336513,0.11028342012591875,0.0006606762705270369
"Isabella Reservation and Off-Reservation Trust Land, USA",5.992855339863969,0.6203995191187245,0.11573910606204652,0.17893960522186989,0.011428846046905696,0.06841673628088525,0.00507618726956813
"Uintah and Ouray Reservation and Off-Reservation Trust Land, USA",5.244486272111702,0.38202291793473886,0.2291598884770524,0.19770493742790465,0.0021700584857226035,0.18166611922245282,0.007276078452128726
"Pine Ridge Reservation, USA",4.901900935196463,0.007571933366986367,0.33467945482079775,0.5555275113578998,0.019687026754164557,0.08253407370015146,0.0
"Nez Perce Reservation, USA",6.384762419179912,0.012904960344132275,0.46054577228122046,0.07729533539454227,0.12098400322624012,0.3231617152843125,0.005108213469552362
"Fort Apache Reservation, USA",4.742425675615915,0.03408929324947211,0.04837287736954853,0.10263489411155234,0.002161349506048627,0.8127415857633784,0.0
"Gila River Indian Reservation, USA",8.549129043583733,0.13087550228155,0.7787887352720837,0.07391813662058154,0.0,0.016417625825784883,0.0
"Southern Ute Reservation, USA",4.570060433351964,0.19550888857142626,0.09152443213899412,0.5318271250522492,0.004398367033487002,0.1713824961772228,0.005358691026620745
"Leech Lake Reservation and Off-Reservation Trust Land, USA",4.776283588163404,0.07656413577342687,0.2224037712948073,0.49830587241771745,0.04946635971313519,0.14822843342189312,0.005031427379020176
"Santa Clara Pueblo and Off-Reservation Trust Land, USA",6.507176921440357,0.809052333804809,0.09924563884959935,0.014144271570014156,0.00165016501650165,0.07284299858557285,0.0030645921735030657
"Lake Traverse Reservation and Off-Reservation Trust Land, USA",5.116705406031704,0.018234773373366833,0.41035815378149376,0.47241357025848324,0.06535715331398936,0.02746550752023369,0.0061708417524330254
"Tulalip Reservation and Off-Reservation Trust Land, USA",5.236730175481454,0.08017452958821925,0.6269430051813469,0.1570766293973277,0.005454049631851652,0.1224434142350696,0.007908371966184899
"Blackfeet Indian Reservation and Off-Reservation Trust Land, USA",5.258927988490038,0.27995632005522836,0.3882872746072252,0.17151429044927183,0.004926094082559107,0.1553160208057154,0.0
"Rosebud Indian Reservation and Off-Reservation Trust Land, USA",4.529856075116912,0.05448971993975975,0.3972187681801197,0.4103885705927848,0.0233423848032986,0.10886265665440792,0.005697899829629174
"San Carlos Reservation, USA",5.916611398764558,0.3219123505976095,0.38167330677290845,0.03505976095617531,0.0772908366533865,0.16533864541832663,0.018725099601593635
"Fort Peck Indian Reservation and Off-Reservation Trust Land, USA",4.752797847826418,0.5533757030367678,0.1739025153225772,0.23503895516775222,0.00411534227361168,0.022013804240352843,0.01155367995893852
"White Earth Reservation and Off-Reservation Trust Land, USA",4.782141558460017,0.052351396545452074,0.2574785597391891,0.4324938521352622,0.11272416194039948,0.13218297348796193,0.012769056151735212
"Tohono O'odham Nation Reservation and Off-Reservation Trust Land, USA",6.1278650396440995,0.12763480901107516,0.6917150249636073,0.1006338783081616,0.0008855298332014016,0.0645429404103912,0.014587817473563386
"Eastern Cherokee Reservation, USA",5.410528512987209,0.004820278963489558,0.5402837258370734,0.2860022499735078,0.06628981974690762,0.0946615066444602,0.007942418834561314
"Colorado River Indian Reservation, USA",7.810357202051613,0.15390835579514803,0.7795148247978438,0.042048517520215614,0.0048517520215633405,0.012129380053908336,0.007547169811320748
"Fort Berthold Reservation, USA",4.711950178974811,0.034318594179954774,0.4473949608571673,0.48848103807139304,0.013765527162404641,0.01354182268064912,0.0024980570484311854
"Mississippi Choctaw Reservation and Off-Reservation Trust Land, USA",6.955553530482613,0.06109788897859342,0.6280452107195054,0.2842355969948474,0.00019609464334892127,0.026395040257035714,3.016840666906481e-05
"Port Madison Reservation, USA",5.4118860519670555,0.03604029612563358,0.6468669308208818,0.1382051258695317,0.02920543909240751,0.14803247626359586,0.001649731827949583
"Standing Rock Reservation, USA",4.680866864811547,0.015954950727358072,0.09619896762083545,0.8268418582824963,0.032848427968090135,0.01642421398404509,0.011731581417175053
"Colville Reservation and Off-Reservation Trust Land, USA",7.248119799327391,0.0053287856858573335,0.5661961853244539,0.03869409955250715,0.0010649752170414806,0.3876509790030986,0.0010649752170414817
"Cheyenne River Reservation and Off-Reservation Trust Land, USA",4.709834687683801,0.005557930739632335,0.22274476271911156,0.7024369388627608,0.051731509191962566,0.017528858486532715,0.0
"Turtle Mountain Reservation and Off-Reservation Trust Land, USA",5.1076698163729715,0.026741346118137367,0.6044320802341245,0.327393633202478,0.029175979263926444,0.010176692976560105,0.002080268204773496
"Coeur d'Alene Reservation, USA",5.76770354332773,0.02100000000000002,0.4939999999999998,0.09133333333333332,0.06866666666666667,0.3180000000000003,0.006999999999999998
"Zuni Reservation and Off-Reservation Trust Land, USA",4.5932269472669764,0.04544224180872034,0.04934548244342543,0.07720632398659094,0.0038952323445230505,0.8241107194167402,0.0
"Crow Reservation and Off-Reservation Trust Land, USA",5.1669278110869366,0.19064359009792248,0.2391231172179556,0.4390249525586216,0.007587273391672037,0.1212673202655341,0.0023537464682941776
"Allegany Reservation, USA",5.500818023850195,0.5118110236220473,0.41732283464566927,0.02834645669291342,0.013779527559055123,0.02874015748031496,0.0
"Yankton Reservation, USA",5.027003652756221,0.03016591251885367,0.40271493212669673,0.4032176973353447,0.11563599798893907,0.033182503770739,0.015082956259426811
"Ohkay Owingeh, USA",6.3126203412100725,0.7681396617566829,0.056737588652482254,0.017457719585379165,0.006001091107474089,0.15166393889798152,0.0
"Hopi Reservation and Off-Reservation Trust Land, USA",4.231416259403719,0.04593020923889602,0.05923194212620873,0.1423769254479134,0.0,0.7368683931037289,0.015592530083252992
"Salt River Reservation, USA",9.979108441393707,0.07045660667248171,0.8802237686567811,0.04931962467073722,0.0,0.0,0.0
"Fort Hall Reservation and Off-Reservation Trust Land, USA",6.223728518382175,0.05549568965517238,0.5948275862068961,0.12769396551724133,0.022629310344827583,0.1993534482758625,0.0
"Lummi Reservation, USA",5.339097218131947,0.0314910803190054,0.5046030844986725,0.312844898984729,0.027169166180323917,0.12062939619496078,0.0032623738223083094
"Red Lake Reservation, USA",4.985109384301908,0.014915604493355892,0.2688281004996299,0.5306055240131634,0.03806346963295254,0.13594740006042577,0.011639901300472561
"Nanakuli Hawaiian Home Land, USA",3.121693464655972,0.03176165005074032,0.3034405957948835,0.01834809480786957,0.0,0.029493456323537844,0.6169562030229687
"Mille Lacs Reservation and Off-Reservation Trust Land, USA",5.398871734766409,0.4587488960971119,0.138958599175253,0.3091295175977549,0.013257533438772208,0.07486463554511419,0.005040818145993848
"Sandia Pueblo, USA",5.732272816593031,0.7464603971622806,0.08080760185175938,0.09774982765320357,0.001508397253077311,0.0709597806578836,0.002513995421795518
"Taos Pueblo and Off-Reservation Trust Land, USA",4.620661394462958,0.650138521618117,0.10175658050179896,0.05431177204409822,0.0,0.1927160141504974,0.0010771116854883284
"Omaha Reservation, USA",5.953115754093925,0.4355983340887236,0.25039890696608114,0.24803454398405464,0.01909720248624683,0.04687101247489369,0.0
"Northern Cheyenne Indian Reservation and Off-Reservation Trust Land, USA",4.968859139359437,0.005968055321527051,0.44790319094100284,0.4392028785356063,1.714411653801629e-05,0.10122545645297347,0.005683274632352401
"Muckleshoot Reservation and Off-Reservation Trust Land, USA",5.5091450760279175,0.3930774411817548,0.5011944533263134,0.015548930431321117,0.002481369683689906,0.07430085421793937,0.01339695115898127
"Fond du Lac Reservation and Off-Reservation Trust Land, USA",4.905502333284713,0.11475573727238478,0.12721818494972065,0.5726690723549005,0.11008732312031733,0.06989118161193773,0.0053785006907391
"Mescalero Reservation, USA",3.870336761673905,0.1075888568683958,0.11143131604226707,0.2363112391930835,0.010566762728146013,0.5341018251681077,0.0
"Laguna Pueblo and Off-Reservation Trust Land, USA",4.986948805191909,0.5411203780997008,0.10470614725660315,0.13709375409014815,0.0,0.2170797205535479,0.0
"Kickapoo (KS) Reservation, USA",6.418412257309694,0.4785579839407747,0.1807943339033966,0.2852114478911183,0.019102515180321317,0.0349417385256038,0.0013919805587851585
"Spirit Lake Reservation, USA",4.765768701954759,0.09602116054363659,0.2390463053973788,0.6199149993809121,0.033548915839769586,0.010233845939298453,0.0012347728990043814
"San Felipe Pueblo, USA",5.430142235879517,0.6022044088176352,0.05310621242484972,0.17835671342685375,0.0,0.15430861723446904,0.012024048096192386
"St. Regis Mohawk Reservation, USA",5.668641673219273,0.19723183391003457,0.0,0.10173010380622834,0.5280276816608998,0.17301038062283736,0.0
"Menominee Reservation and Off-Reservation Trust Land, USA",5.422651862559491,0.04502993804189804,0.03578963572145269,0.7103860605975102,0.006562528426476876,0.20223183721266225,0.0
"Rocky Boy's Reservation and Off-Reservation Trust Land, USA",5.2525449688137815,0.01689604959562227,0.04777580339604245,0.7769927890074048,0.0,0.1583353580009305,0.0
"Waimanalo Hawaiian Home Land, USA",3.1754897759581375,0.02168254955960956,0.4139102938901662,0.008188111162912917,0.0,0.045833034895552335,0.5103860104917589
"Pueblo of Pojoaque and Off-Reservation Trust Land, USA",5.614252514523287,0.7970109541953915,0.12460060826736082,0.02328006828589336,0.0019868657313242316,0.0530849767189705,3.652680105966173e-05
"Lac du Flambeau Reservation, USA",4.497139243775042,0.04327209822751088,0.051161270704944854,0.8420329289974088,0.005834933023746635,0.055977572839421216,0.0017211962069677838
"Jicarilla Apache Nation Reservation and Off-Reservation Trust Land, USA",3.8894834012489303,0.710024946570154,0.009281640030547707,0.08854984609323163,0.03477442377693617,0.15736914352913037,0.0
"Pascua Pueblo Yaqui Reservation and Off-Reservation Trust Land, USA",7.009163355905346,0.9268410975725698,0.07111104027505472,0.002047862152375399,0.0,0.0,0.0
"Torres-Martinez Reservation, USA",10.448980477198951,0.02908873205726853,0.8843495014113961,0.06858668078046319,0.0,0.007077981150845898,0.010897104600026257
"L'Anse Reservation and Off-Reservation Trust Land, USA",4.271395785676308,0.626151355594807,0.07428174551538944,0.17441204949235767,0.03157794429756638,0.09326763026490034,0.00030927483497927594
"Warm Springs Reservation and Off-Reservation Trust Land, USA",6.043714865906205,0.0,0.4702643171806168,0.02312775330396478,0.006607929515418504,0.4933920704845815,0.006607929515418507
"Fort Belknap Reservation and Off-Reservation Trust Land, USA",4.99455230863077,0.26605992719601196,0.18160200995310044,0.3364613666561805,0.013241914271735405,0.19154781821218983,0.011086963710781793
"Isleta Pueblo, USA",5.3637030443307525,0.6838660536313741,0.0944141919513012,0.09542404167165754,0.01404022813758282,0.11205892018563049,0.0001965644224537997
"Acoma Pueblo and Off-Reservation Trust Land, USA",4.764806028266563,0.1649882095905465,0.1242840586501188,0.39677905615859577,0.0,0.31394867560073897,0.0
"Washoe Ranches Trust Land, USA",7.758421577697933,0.1171078037776071,0.1362251568298929,0.41300392939037706,0.012275880028395747,0.3206770463766365,0.0007101835970905535
"Swinomish Reservation and Off-Reservation Trust Land, USA",5.231224368008889,0.04641638225255973,0.4921501706484642,0.3358361774744027,0.01228668941979522,0.11331058020477813,0.0
"Hoopa Valley Reservation, USA",12.523406567008777,0.06375442739079101,0.06965761511216056,0.14049586776859507,0.07556080283353013,0.6233766233766234,0.027154663518299888
"Santo Domingo Pueblo, USA",5.682733254880572,0.48170036288232254,0.02789009849663037,0.09777086573354073,0.001140487299118714,0.38092275790565056,0.010575427682737164
"Lac Courte Oreilles Reservation and Off-Reservation Trust Land, USA",4.61261878483354,0.22189358219979854,0.10799947522801037,0.5528688472947598,0.002324836361705426,0.11260055213503796,0.0023127067806878324
"Umatilla Reservation and Off-Reservation Trust Land, USA",5.549416947837695,0.20920271572653665,0.45452355082472395,0.1083451501813963,0.049021503594163414,0.17184919860284958,0.0070578810703302
"Winnebago Reservation and Off-Reservation Trust Land, USA",5.9180673061146996,0.41903549571603443,0.38285924112607084,0.1500856793145655,0.005850673194614442,0.04216891064871484,0.0
"Cattaraugus Reservation, USA",5.962167639674314,0.25266106557629553,0.13779421640526648,0.48345035929262786,0.055065522899642484,0.07102883582616766,0.0
"Spokane Reservation and Off-Reservation Trust Land, USA",6.106435101940678,0.006045949214026602,0.46916565900846435,0.05683192261185012,0.007255139056831919,0.460701330108827,0.0
"Waianae Hawaiian Home Land, USA",3.0895134326165277,9.589636985171234e-05,0.34977388835986684,0.00834567382717033,0.005503437838307547,0.037506342660384606,0.5987747609444188
"Crow Creek Reservation, USA",5.228787265665523,0.017225975004563368,0.26045656293969427,0.6295772144618819,0.057067233203590806,0.02965670373528231,0.006016310654987444
"Jemez Pueblo, USA",4.962252235786715,0.08366533864541832,0.07171314741035853,0.195219123505976,0.0,0.6095617529880479,0.03984063745019918
"Pyramid Lake Paiute Reservation, USA",8.147296898963374,0.36016930258721513,0.18786550459785487,0.2202785809589469,8.917883443263397e-05,0.23159743302155048,0.0
"Bishop Reservation, USA",7.311792806670097,0.031104199066874023,0.04043545878693624,0.08553654743390357,0.04821150855365475,0.7931570762052877,0.0015552099533437018
"Fort Yuma Indian Reservation, USA",8.654028096654311,0.015279007450993764,0.9010547552731084,0.010503524667704094,0.0,0.030715963851195783,0.042446748756998165
"Nambe Pueblo and Off-Reservation Trust Land, USA",5.370221161124566,0.7730496453900709,0.07446808510638298,0.04491725768321512,0.0,0.10756501182033097,0.0
"San Ildefonso Pueblo and Off-Reservation Trust Land, USA",5.974647883239211,0.5194508009153319,0.08352402745995424,0.2871853546910755,0.0,0.10983981693363841,0.0
"Anahola (Residential) Hawaiian Home Land, USA",2.6576049473131516,0.05545049070162094,0.2778508170469525,0.03135655451255872,0.014396735781513136,0.04381018695752082,0.5771352149998338
"Fort Mojave Reservation and Off-Reservation Trust Land, USA",8.50788515962083,0.27561597840680363,0.6329461854026079,0.05916311573017761,0.0,0.017477207745150776,0.014797512715260044
"Makah Indian Reservation, USA",4.183850984458618,0.0,0.5738990907470138,0.032860135496523425,0.0,0.379824835086468,0.013415938669994654
"Ute Mountain Reservation and Off-Reservation Trust Land, USA",4.356119619166115,0.11544382441699724,0.1942629496070008,0.616405971193203,0.04546082234337691,0.02842643243942202,0.0
"Lower Brule Reservation and Off-Reservation Trust Land, USA",5.022514913502906,0.002807571252384505,0.23426580081306997,0.7530702202771572,0.00880499587809605,4.730945166714157e-05,0.001004102327625022
"Sault Ste. Marie Reservation and Off-Reservation Trust Land, USA",4.532029161232262,0.699909077144774,0.09399617504566582,0.13888638723344185,0.0027936191635323637,0.06397882214354504,0.00043591926904087606
"Picuris Pueblo, USA",4.678700080118433,0.04709141274238226,0.06925207756232685,0.3074792243767314,0.0027700831024930744,0.5720221606648199,0.0013850415512465372
"Keaukaha Hawaiian Home Land, USA",3.4229558582680144,0.027833001988071572,0.2504970178926441,0.09145129224652088,0.0,0.037773359840954285,0.5924453280318092
"Ho-Chunk Nation Reservation and Off-Reservation Trust Land, USA",6.067031402656748,0.2952622638726933,0.08717466668303532,0.4653473787164308,0.020163048896284733,0.13097903370037903,0.001073608131176676
"Kanehili Hawaiian Home Land, USA",3.1327946103081965,0.0,0.533210332103321,0.0,0.0,0.0867158671586716,0.3800738007380074
"Annette Island Reserve, USA",3.25078319170605,0.013173652694610781,0.4948103792415169,0.010978043912175646,0.2625748502994013,0.21846307385229533,0.0
"Bad River Reservation, USA",4.452315845755372,0.3393316195372751,0.10154241645244212,0.4228791773778919,0.010282776349614393,0.12596401028277635,0.0
"Prairie Band of Potawatomi Nation Reservation, USA",6.432134682933699,0.034590643641272824,0.1639854960466999,0.6590010699539856,0.002318770700645811,0.13948319836742673,0.0006208212899691997
"Quinault Reservation, USA",4.258195199293058,0.01338132152085641,0.751937984496124,0.029531192321889995,0.0,0.20514950166112958,0.0
"Pueblo de Cochiti, USA",5.691920214828488,0.6830929693063275,0.057563483265671685,0.10917690156147916,0.0,0.15016664586652176,0.0
"Pala Reservation, USA",8.012283677768837,0.03723908704703482,0.20418386760050747,0.711113724437136,0.0,0.03975275824427289,0.007710562671048734
"Waiehu Hawaiian Home Land, USA",3.293685306052491,0.0,0.38709677419354843,0.04540023894862604,0.0,0.09677419354838711,0.47072879330943845
"Hollywood Reservation, USA",6.95072225185414,0.005757894455324241,0.9563624063833817,0.00030012330452510767,0.0,0.0,0.03757957585676902
"Red Cliff Reservation and Off-Reservation Trust Land, USA",4.478427455400337,0.46613545816733065,0.24501992031872513,0.2191235059760956,0.0,0.06972111553784863,0.0
"Hoolehua-Palaau Hawaiian Home Land, USA",2.837750000012958,0.024223881184697586,0.135930496177627,0.03011088715486743,0.0,0.03228495750721968,0.7774497779755883
"Duck Valley Reservation and Off-Reservation Trust Land, USA",5.740447752795979,0.0655969497180078,0.39573437127651107,0.039415362618158686,0.0,0.49925331638732245,0.0
"Kaupea Hawaiian Home Land, USA",3.3364397041079523,0.008445945945945946,0.41385135135135137,0.0,0.0,0.10304054054054057,0.4746621621621622
"Hualapai Indian Reservation and Off-Reservation Trust Land, USA",4.99474305248769,0.0036828353589910354,0.2684125539983154,0.3187183606799502,0.0,0.4091862499627435,0.0
"San Pasqual Reservation and Off-Reservation Trust Land, USA",6.090656129454063,0.12087428461392177,0.27756048497683733,0.48372578620139123,0.0146693807391087,0.09070108984049864,0.012468973628242397
"Tule River Reservation and Off-Reservation Trust Land, USA",9.130894953166976,0.014600647293752872,0.21770699369342786,0.46199897978211496,0.0,0.2998730784721201,0.005820300758584113
"Morongo Reservation and Off-Reservation Trust Land, USA",7.522025946328159,0.6615443865743158,0.19337279410687794,0.10369575023718894,0.0,0.03440306412108382,0.006984004960533389
"Waiohuli (Residential) Hawaiian Home Land, USA",2.8131580853441815,0.01715686274509804,0.3308823529411765,0.10784313725490197,0.004901960784313726,0.10539215686274513,0.4338235294117647
"Yurok Reservation, USA",8.931910266379068,0.00408532861625287,0.2541116516099143,0.05569945458757133,0.11902204813949081,0.5670815170467708,0.0
"Yavapai-Apache Nation Reservation, USA",6.208169460227627,0.17968570252383187,0.5942696516268834,0.12983975486832083,0.0,0.09620489098096392,0.0
"Tesuque Pueblo and Off-Reservation Trust Land, USA",4.847177502116376,0.7409090909090909,0.07121212121212118,0.07878787878787881,0.0,0.08030303030303028,0.028787878787878765
"Ysleta del Sur Pueblo and Off-Reservation Trust Land, USA",7.508259174211059,0.7951024980214512,0.12494855999006013,0.04202894543719523,0.0,0.019165758315406112,0.018754238235887243
"Shakopee Mdewakanton Sioux Community and Off-Reservation Trust Land, USA",6.923106171108059,0.7166219776966087,0.12037268544524718,0.1575856079863998,0.0003054895739490885,0.0,0.005114239297795039
"Fort McDowell Yavapai Nation Reservation, USA",8.648296408532502,0.0,0.9477124183006536,0.029411764705882363,0.0,0.022875816993464058,0.0
"Sac and Fox/Meskwaki Settlement and Off-Reservation Trust Land, USA",6.552488292313264,0.5150310340374499,0.184645686434605,0.2500518497519175,0.0014182498432954115,0.0478138488770863,0.0010393310556459422
"Tuscarora Nation Reservation, USA",6.1234698159352785,0.3315068493150685,0.0,0.4273972602739726,0.16164383561643839,0.07945205479452055,0.0
"Rincon Reservation and Off-Reservation Trust Land, USA",6.5622427433399775,0.032504780114722756,0.08604206500956024,0.8680688336520076,0.0,0.0019120458891013386,0.011472275334608031
"Papakolea Hawaiian Home Land, USA",3.404196943228518,0.04400977995110024,0.3154034229828851,0.0,0.0,0.05134474327628361,0.589242053789731
"Maricopa (Ak Chin) Indian Reservation and Off-Reservation Trust Land, USA",7.821242708085568,0.4997225810893451,0.47120310709179924,0.012741020334603649,0.0024744956848197176,0.005329683013457853,0.008529112785974348
"Princess Kahanu Estates Hawaiian Home Land, USA",3.2604414137633086,0.13734046339155384,0.16115081286630908,0.028742317937899414,0.0,0.021077699821126242,0.6516887059831113
"Panaewa (Residential) Hawaiian Home Land, USA",3.0709703730809244,0.003807106598984771,0.38959390862944165,0.01649746192893401,0.002538071065989848,0.035532994923857864,0.552030456852792
"Bay Mills Reservation and Off-Reservation Trust Land, USA",4.7084838862705745,0.4812077485317247,0.16496785618288073,0.14837121903438422,0.005664105482816293,0.15472390596757724,0.04506516480061672
"Maluohai Hawaiian Home Land, USA",3.2687655155932167,0.059079653665265144,0.4824548813547201,0.033299441156785806,0.001074175521186639,0.04630822878209579,0.3777836195199465
"Pechanga Reservation and Off-Reservation Trust Land, USA",7.284370356857397,0.7863217316398159,0.09661345156086296,0.10544554325826663,0.0,0.011619273541054406,0.0
"Kealakehe Hawaiian Home Land, USA",4.527589033172635,0.0,0.23743718592964821,0.0012562814070351761,0.0,0.05904522613065327,0.7022613065326634
"Bois Forte Reservation and Off-Reservation Trust Land, USA",4.578235904327217,0.019766057080571383,0.28408460986331396,0.5660195449147198,0.024543565642139123,0.1055862224992557,0.0
"Paukukalo Hawaiian Home Land, USA",3.4881948278891843,0.007518796992481202,0.38195488721804505,0.06466165413533834,0.0,0.024060150375939848,0.5218045112781954
"Santee Reservation, USA",5.261610254647761,0.023861171366594373,0.2733188720173536,0.6464208242950109,0.0,0.0455531453362256,0.010845986984815623
"Puukapu Hawaiian Home Land, USA",3.3507140954606864,0.0,0.148713038158045,0.06288534781682253,0.0,0.07410628023184185,0.7142953337932906
"Reno-Sparks Indian Colony and Off-Reservation Trust Land, USA",8.47756186574921,0.39661610171600137,0.33611647070936623,0.21940870750617708,0.006725171111300447,0.03951038027889012,0.0016231686782648457
"Santa Rosa Rancheria, USA",11.378512270621572,0.3584905660377359,0.3342318059299192,0.20485175202156336,0.0,0.10242587601078168,0.0
"Mohegan Reservation, USA",5.5125831659034334,0.13906995762700922,0.1918640370326679,0.01979377717197097,0.6332407652970287,0.008494025933544754,0.00753743693777861
"Nooksack Reservation and Off-Reservation Trust Land, USA",5.207780639864317,0.2262682781070614,0.3168345273501715,0.16748941475175766,0.07444450130031288,0.20975475144954228,0.0052085270411542815
"Catawba Reservation and Off-Reservation Trust Land, USA",6.8645021365846075,0.4446924606067328,0.5171576741173274,0.009968519161972422,0.008483982274970797,0.007173390004516074,0.0125239738344807
"Cocopah Reservation, USA",9.003320938267406,0.03789875299535818,0.8971468076369288,0.043268306121706394,0.0,0.01520940217589055,0.006476731070116073
"Onondaga Nation Reservation, USA",5.54924045310654,1.0,0.0,0.0,0.0,0.0,0.0
"Shinnecock (state) Reservation, USA",6.123035990073736,0.37037037037037035,0.25925925925925924,0.0,0.37037037037037035,0.0,0.0
"Walker River Reservation, USA",6.1920187969975125,0.05016299163338636,0.14663999128831864,0.35122510091883097,0.05788037496159966,0.3902328495337578,0.003858691664106644
"East Kapolei Hawaiian Home Land, USA",3.3817592721317924,0.030741410488245934,0.2477396021699819,0.0,0.0,0.0379746835443038,0.6835443037974683
"St. Croix Reservation and Off-Reservation Trust Land, USA",5.353643597052359,0.04411838495739877,0.07612556834170243,0.6971758957266084,0.01716730656596276,0.1645951220908118,0.0008177223175157434
"Indian Township Reservation, USA",3.927894531232849,0.0,0.06194690265486726,0.09734513274336284,0.7455752212389382,0.09513274336283185,0.0
"Zia Pueblo and Off-Reservation Trust Land, USA",5.136628799627131,0.013513513513513513,0.08783783783783783,0.27702702702702703,0.0,0.6216216216216216,0.0
"Chehalis Reservation and Off-Reservation Trust Land, USA",4.563079637390174,0.020271543837297217,0.6248321039165822,0.060835522451314614,0.0,0.2737525709845948,0.020308258810211137
"Barona Reservation and Off-Reservation Trust Land, USA",6.240893684677204,0.04816223067173638,0.23447401774397975,0.4651457541191382,0.007604562737642586,0.24207858048162234,0.002534854245880862
"Kalispel Reservation and Off-Reservation Trust Land, USA",6.31269533819519,0.004978185626714095,0.8542157093452072,0.01283492978022504,0.0,0.12770872186036397,0.000262453387489656
"Port Gamble Reservation and Off-Reservation Trust Land, USA",5.278799451425736,0.0017301038062283738,0.759515570934256,0.04844290657439447,0.0034602076124567475,0.18685121107266434,0.0
"Stockbridge Munsee Community and Off-Reservation Trust Land, USA",5.297870258956636,0.008380323377948763,0.055147990630345735,0.6829186882048915,0.05142122087021524,0.19938982378270967,0.002741953133889157
"Skokomish Reservation and Off-Reservation Trust Land, USA",4.9432503697791,0.004444444444444445,0.6444444444444444,0.04444444444444445,0.0,0.3066666666666667,0.0
"Elko Colony, USA",6.523085799268996,0.6739811912225705,0.1724137931034483,0.025078369905956112,0.0,0.12852664576802508,0.0
"Hannahville Indian Community and Off-Reservation Trust Land, USA",4.710310197668831,0.3868043635581798,0.0932005161762482,0.3436785916712187,0.013449856887729855,0.16238400458293317,0.0004826671236901883
"Pleasant Point Reservation, USA",3.8356529874716063,0.020746887966804975,0.045643153526970945,0.02489626556016597,0.8506224066390041,0.05809128630705392,0.0
"Santa Ana Pueblo, USA",5.649699619793172,0.5354107648725213,0.11048158640226631,0.17138810198300286,0.056657223796034,0.12322946175637396,0.0028328611898017003
"Lower Elwha Reservation and Off-Reservation Trust Land, USA",5.091816905490818,0.00859375150364646,0.7438697588871159,0.03989599809010684,0.02619587015979646,0.1810798801860012,0.0003647411733331381
"Alabama-Coushatta Reservation and Off-Reservation Trust Land, USA",6.650502998791026,0.007211538461538463,0.6370192307692307,0.35096153846153855,0.0,0.004807692307692309,0.0
"Fallon Paiute-Shoshone Reservation and Off-Reservation Trust Land, USA",6.864975253664625,0.020689655172413796,0.1586206896551724,0.296551724137931,0.13103448275862067,0.3896551724137932,0.0034482758620689655
"Siletz Reservation and Off-Reservation Trust Land, USA",4.404225242809114,0.20333718134747117,0.5852627177886616,0.008747836946884472,0.008479062780757999,0.17946716296095863,0.014706038175265904
"Panaewa (Agricultural) Hawaiian Home Land, USA",2.9936366998692328,0.0036479512586417144,0.3860302129652384,0.014898988728097222,0.0006143673870607272,0.014053943774951427,0.5807545358860104
"Chitimacha Reservation, USA",7.8154036729983005,0.1252173913043478,0.8747826086956522,0.0,0.0,0.0,0.0
"Nisqually Reservation, USA",5.0310890791360405,0.0,0.7622641509433962,0.007547169811320754,0.0,0.23018867924528302,0.0
"Grand Portage Reservation and Off-Reservation Trust Land, USA",4.256663363946506,0.06222222222222222,0.25777777777777783,0.43555555555555553,0.0,0.24444444444444446,0.0
"Waianae Kai Hawaiian Home Land, USA",3.192505114542331,0.0,0.3951367781155016,0.00303951367781155,0.0,0.0486322188449848,0.5531914893617021
"Grand Ronde Community and Off-Reservation Trust Land, USA",4.535200236935833,0.1857232236368467,0.4713983447452313,0.009098940378275076,0.04242015211066687,0.2913593391289801,0.0
"Grand Traverse Reservation and Off-Reservation Trust Land, USA",4.878931990851619,0.41535348784989223,0.07377687656879883,0.4190110539835809,0.03627781118344703,0.05502571037579977,0.0005550600384812496
"Forest County Potawatomi Community and Off-Reservation Trust Land, USA",4.375636667711987,0.3870531131438551,0.04592516097530874,0.44089379244949045,0.011690127197209285,0.11443780623413666,0.0
"Soboba Reservation and Off-Reservation Trust Land, USA",8.380230462215026,0.7714161728189446,0.2230846844643404,0.0,0.0,0.00549914271671493,0.0
"Susanville Indian Rancheria and Off-Reservation Trust Land, USA",9.05113483720805,0.6838341593968718,0.0731014058811264,0.03873790057218604,0.047293326626311714,0.15703320752350394,0.0
"Big Pine Reservation and Off-Reservation Trust Land, USA",7.132179002061626,0.11809815950920244,0.13496932515337423,0.12269938650306746,0.13343558282208587,0.4570552147239264,0.03374233128834356
"Karuk Reservation and Off-Reservation Trust Land, USA",8.949884699381798,0.003346405506806993,0.31842983255129187,0.054249913491503425,0.2673331618659202,0.35654263944749176,9.804713698572477e-05
"Viejas Reservation and Off-Reservation Trust Land, USA",6.399205028012836,0.03155006858710562,0.17969821673525374,0.32235939643347056,0.04389574759945131,0.3909465020576131,0.03155006858710562
"Miccosukee Reservation and Off-Reservation Trust Land, USA",6.903428850518933,0.0,0.9369369369369369,0.0,0.0,0.0,0.06306306306306306
"Lower Sioux Indian Community and Off-Reservation Trust Land, USA",5.535210347652034,0.032828282828282825,0.09343434343434343,0.744949494949495,0.050505050505050504,0.07323232323232322,0.00505050505050505
"Squaxin Island Reservation and Off-Reservation Trust Land, USA",5.0283517895114205,0.0019062196685708875,0.7911520747901124,0.08072527801370076,0.0,0.12621642752761594,0.0
"Kawaihae Hawaiian Home Land, USA",3.693728572353468,0.0,0.09846153846153846,0.011282051282051283,0.0,0.2276923076923077,0.6625641025641025
"Sokaogon Chippewa Community and Off-Reservation Trust Land, USA",4.703463624405074,0.016701461377870562,0.04592901878914405,0.6450939457202505,0.014613778705636746,0.2776617954070982,0.0
"Kekaha Hawaiian Home Land, USA",2.8042666971466885,0.1823770491803279,0.07172131147540983,0.0,0.0,0.038934426229508205,0.7069672131147541
"Chemehuevi Reservation, USA",7.824535851582878,0.21115537848605573,0.5976095617529881,0.1713147410358566,0.0,0.0,0.0199203187250996
"Leialii Hawaiian Home Land, USA",3.699531801604537,0.0,0.23943661971830985,0.0,0.0,0.05868544600938967,0.7018779342723004
"Round Valley Reservation and Off-Reservation Trust Land, USA",18.315404871840077,0.026867582549730203,0.13383099842457233,0.23191256649358474,0.08494298798918583,0.5212072600728835,0.0012386044700432915
"Brighton Reservation, USA",6.139503464095179,0.020348837209302324,0.9244186046511628,0.05523255813953487,0.0,0.0,0.0
"Poospatuck (state) Reservation, USA",5.9111590414065285,0.045177045177045176,0.026862026862026864,0.0586080586080586,0.8693528693528694,0.0,0.0
"Flandreau Reservation, USA",5.274854290184464,0.4285791960944234,0.2475749214777796,0.20785858480689037,0.04422926753084493,0.061771970314840836,0.00998605977522111
"Quileute Reservation, USA",4.114610340463893,0.0,0.570957095709571,0.0627062706270627,0.0,0.3663366336633663,0.0
"Dresslerville Colony, USA",8.555853269008145,0.13333333333333333,0.1842105263157894,0.31228070175438594,0.015789473684210523,0.3543859649122807,0.0
"Campo Indian Reservation, USA",5.778124572543741,0.044563629614273945,0.16475049053401922,0.5533363544765145,0.0,0.21781574561974412,0.0195337797554481
"Mashantucket Pequot Reservation and Off-Reservation Trust Land, USA",5.5297630371984114,0.03631961259079902,0.007263922518159806,0.07263922518159804,0.7409200968523003,0.14285714285714285,0.0
"Penobscot Reservation and Off-Reservation Trust Land, USA",4.4972312342224825,0.008096080109022012,0.09275757691734761,0.08367868331938906,0.7276782939962028,0.08778936565803855,0.0
"Kickapoo (TX) Reservation and Off-Reservation Trust Land, USA",8.390243882656616,0.036931818181818184,0.8806818181818181,0.06818181818181818,0.0,0.014204545454545456,0.0
"Kalamaula Hawaiian Home Land, USA",3.324007555701569,0.0,0.17696629213483145,0.01404494382022472,0.0,0.008426966292134831,0.800561797752809
"Coquille Reservation, USA",4.785291582372597,0.0050748180623477095,0.8338011655005969,0.0032443187181303234,0.0,0.14164724620385855,0.016232451515066477
"Kakaina-Kumuhau Hawaiian Home Land, USA",2.9556444886409703,0.0,0.39646464646464646,0.0202020202020202,0.0,0.0505050505050505,0.5328282828282828
"Prairie Island Indian Community and Off-Reservation Trust Land, USA",6.663886709574208,0.5181196147997973,0.2219008946357218,0.17278727943516545,0.015016089298553734,0.07212425889036882,5.1862940392979646e-05
"Kalawahine Hawaiian Home Land, USA",3.401573687084241,0.015765765765765764,0.25,0.0,0.0,0.05405405405405406,0.6801801801801802
"Campbell Ranch, USA",7.843825003278648,0.3342391304347826,0.06521739130434782,0.2880434782608695,0.03532608695652172,0.2771739130434782,0.0
"Poarch Creek Reservation and Off-Reservation Trust Land, USA",7.262447117927825,0.0,0.942528735632184,0.05555555555555556,0.0,0.0,0.0019157088122605363
"Little River Reservation and Off-Reservation Trust Land, USA",4.965609972192141,0.7419206458366878,0.07786788418158587,0.12253300487718256,0.008861995747325525,0.04881646935721813,0.0
"Fort McDermitt Indian Reservation, USA",6.522955444832693,0.005859374999999999,0.6269531249999999,0.07421875000000001,0.08984375000000001,0.20312500000000003,0.0
"San Manuel Reservation and Off-Reservation Trust Land, USA",11.304244524164602,0.6817049263366203,0.2937242255975047,0.0,0.0,0.021853862843624047,0.0027169852222511085
"Upper Skagit Reservation and Off-Reservation Trust Land, USA",5.342356420438237,0.11052631578947368,0.47192982456140353,0.2245614035087719,0.0,0.19298245614035087,0.0
"Santa Ynez Reservation, USA",6.612770937768764,0.6800766283524904,0.08237547892720305,0.1896551724137931,0.04022988505747126,0.007662835249042144,0.0
"Santa Ysabel Reservation, USA",5.022424127435309,0.10204081632653063,0.36281179138321984,0.39682539682539697,0.0,0.13832199546485263,0.0
"Tonawanda Reservation, USA",5.9545820435457015,0.10152284263959391,0.04060913705583756,0.4517766497461929,0.26903553299492394,0.09644670050761421,0.04060913705583756
"Hopland Rancheria, USA",7.589188254751039,0.25873042420753617,0.16382599698948652,0.2263142473003266,0.012419340409725435,0.3387099910929253,0.0
"Kewalo Hawaiian Home Land, USA",3.4163137247842648,0.04400977995110024,0.31540342298288504,0.0,0.0,0.051344743276283626,0.5892420537897312
"Lone Pine Reservation, USA",6.794379081942091,0.0060606060606060615,0.12121212121212124,0.24545454545454545,0.10303030303030306,0.4757575757575758,0.04848484848484849
"Ely Reservation, USA",4.200697411231234,0.003722350318503685,0.7729619939383213,0.07888003592868026,0.0009022567088024866,0.10937379126115322,0.03415957184453903
"Big Cypress Reservation, USA",6.500614332275773,0.0,0.8677042801556419,0.058365758754863814,0.0,0.0,0.07392996108949415
"Carson Colony, USA",8.100824152206588,0.467005076142132,0.06598984771573603,0.15228426395939088,0.0,0.3147208121827411,0.0
"Redwood Valley Rancheria, USA",6.800476924574194,0.36293745378629494,0.14177116310072865,0.17759147926436059,0.056312995460075954,0.2613869083885399,0.0
"Moapa River Indian Reservation, USA",6.194922958121973,0.0,1.0,0.0,0.0,0.0,0.0
"Houlton Maliseet Reservation and Off-Reservation Trust Land, USA",4.036110035180747,0.0036199333481457007,0.10530236095952443,0.0022102837888242606,0.8083761287561683,0.08049129314733726,0.0
"Paiute (UT) Reservation, USA",5.0609258513255675,0.570633852232135,0.3069824588097386,0.0487131603392214,0.0008638076834865278,0.07201244947072757,0.0007942714646909432
"Pokagon Reservation and Off-Reservation Trust Land, USA",6.802004771935907,0.3337656015602078,0.227621828093047,0.2929441190433768,0.02968945269156839,0.11551116906650773,0.0004678295452923348
"Cahuilla Reservation, USA",4.71307276712242,0.04658385093167703,0.08695652173913043,0.7701863354037267,0.0,0.09627329192546584,0.0
"Woodfords Community, USA",7.976101911789338,0.01382488479262673,0.1175115207373272,0.3709677419354838,0.025345622119815673,0.47235023041474655,0.0
"Anahola (Agricultural) Hawaiian Home Land, USA",2.433008527542559,0.028122525466421588,0.21734332283504065,0.054871315296334926,0.004282443486579742,0.019814900409540908,0.6755654925060822
"Kaibab Indian Reservation, USA",4.691591823571376,0.0034722222222222216,0.42708333333333326,0.09374999999999999,0.0,0.4756944444444444,0.0
"Lac Vieux Desert Reservation, USA",3.973445038196558,0.5143884892086331,0.01079136690647482,0.33093525179856115,0.0,0.14388489208633093,0.0
"Robinson Rancheria and Off-Reservation Trust Land, USA",6.604135729370239,0.014894413018728733,0.24387918029068656,0.36958944031573454,0.11713474345119214,0.25450222292365804,0.0
"Sycuan Reservation and Off-Reservation Trust Land, USA",7.1383205025960415,0.07009345794392521,0.2710280373831776,0.48130841121495327,0.014018691588785047,0.16355140186915884,0.0
"Havasupai Reservation, USA",5.043863373802205,0.17041800643086813,0.22508038585209,0.4758842443729904,0.0,0.12861736334405144,0.0
"Cow Creek Reservation and Off-Reservation Trust Land, USA",6.8231394290319605,0.17516107201796724,0.5744998211592073,0.0024172980084844757,0.04037629305776727,0.20433194369971672,0.003213572056856966
"Rohnerville (Rancheria) Trust Land, USA",6.276270397330008,0.5926773455377574,0.07780320366132723,0.09610983981693365,0.006864988558352403,0.2265446224256293,0.0
"Sherwood Valley Rancheria and Off-Reservation Trust Land, USA",6.4529569240952975,0.6324258336270246,0.1132858234628634,0.07356169021209781,0.018450497527209182,0.1622761551708049,0.0
"Aroostook Band of Micmac Trust Land, USA",4.065492442248509,0.031972682582164,0.06792106809383633,0.060022714230569214,0.7865827844088172,0.053500750684613255,0.0
"Quartz Valley Reservation and Off-Reservation Trust Land, USA",7.904735133168295,0.0009243852837862825,0.07103900905897582,0.0030966907006840455,0.17313736365317065,0.7507857274912185,0.0010168238121649107
"Yavapai-Prescott Reservation, USA",5.5700816580057495,0.874015748031496,0.10498687664041995,0.0,0.0,0.02099737532808399,0.0
