longname,Silent %,Boomer %,Gen X %,Millennial %,Gen Z %,Gen Alpha %
"Northeast Dallas Neighborhood, Dallas City, Texas, USA",0.04105071417174025,0.17149978311362307,0.1917008096192671,0.2649345872928071,0.17926491662399768,0.15154918917856486
"Paradise Neighborhood, Las Vegas City, Nevada, USA",0.05758634732955788,0.2084499586642726,0.20552380514482405,0.23636544599454795,0.18329016980223525,0.10878427306456231
"Upper West Side Neighborhood, New York City, New York, USA",0.09091959182091848,0.24292774455444044,0.1923174426797314,0.25825406121907923,0.1163056435217177,0.09927551620411292
"Maryvale Neighborhood, Phoenix City, Arizona, USA",0.025059692714899762,0.1318752161722887,0.1799718406675984,0.21925543072177378,0.2831722109646493,0.16066560875879013
"Spring Valley Neighborhood, Las Vegas City, Nevada, USA",0.05553358344494151,0.21855693242391272,0.20496714284705042,0.24646398835197683,0.16262536563393135,0.11185298729818709
"Sunrise Manor Neighborhood, Las Vegas City, Nevada, USA",0.03884084609841942,0.17740408120917492,0.18797554373562342,0.21185784055226523,0.23558562728297508,0.14833606112154205
"Upper East Side Neighborhood, New York City, New York, USA",0.1089829684715523,0.21888048664496132,0.18000951131689932,0.28982863951586346,0.11136602369467624,0.09093237035604726
"South Los Angeles Neighborhood, Los Angeles City, California, USA",0.04190674423864257,0.17694325512440837,0.18622736763222006,0.2328611085463567,0.22206514394852464,0.13999638050984767
"East New York Neighborhood, New York City, New York, USA",0.056958540614021856,0.19610011839970373,0.1776823867041519,0.21481993987438916,0.2061908915059174,0.1482481229018159
"Southeast Los Angeles Neighborhood, Los Angeles City, California, USA",0.023680008607293645,0.13782701612117051,0.18983140690387432,0.2258813524048441,0.2623835850115457,0.16039663095127163
"Deer Valley Neighborhood, Phoenix City, Arizona, USA",0.04124378407682833,0.20644127624060704,0.20393358118726976,0.24072352916187956,0.18458763055193675,0.12307019878147855
"Astoria Neighborhood, New York City, New York, USA",0.05361554140342919,0.18378038418767448,0.18128826446363336,0.36400528738993365,0.12881946623750987,0.08849105631781935
"Bedford Stuyvesant Neighborhood, New York City, New York, USA",0.03954702734381302,0.1501194977220918,0.1777386630621432,0.3172852212486824,0.18802494189599317,0.12728464872727632
"Enterprise Neighborhood, Las Vegas City, Nevada, USA",0.030994794592159886,0.17727118943444267,0.21179207933115984,0.26682744740061115,0.17675223736486262,0.13636225187676387
"Paradise Valley Neighborhood, Phoenix City, Arizona, USA",0.06441668000120312,0.25583066523530607,0.1881370678735926,0.22117907408920645,0.15808301096395286,0.11235350183673896
"North Mountain Neighborhood, Phoenix City, Arizona, USA",0.05824073231052226,0.20531331211864015,0.1878581827909214,0.21856357313883848,0.2014493427703153,0.12857485687076245
"Far North Neighborhood, Dallas City, Texas, USA",0.04793840752903023,0.18087341616503572,0.18709538990844526,0.29420311438387386,0.16400024481689363,0.12588942719672133
"Williamsburg Neighborhood, New York City, New York, USA",0.03810822433376056,0.12230806549259089,0.14417973833127876,0.3388517072465005,0.19031566805150568,0.1662365965443636
"Washington Heights Neighborhood, New York City, New York, USA",0.06343625131589159,0.20520047811791803,0.19699772035463153,0.28173351882930897,0.16309508908312903,0.0895369422991209
"Southeast Dallas Neighborhood, Dallas City, Texas, USA",0.0237542498527763,0.14139645771139597,0.1808945149270033,0.20031402317957475,0.270373626093334,0.18326712823591565
"Alhambra Neighborhood, Phoenix City, Arizona, USA",0.04204509987455325,0.16770710077231438,0.1806686595241186,0.21944654732534458,0.23993367596292814,0.15019891654074105
"Camelback East Neighborhood, Phoenix City, Arizona, USA",0.05506075579850932,0.17869695943562347,0.19727581587786477,0.28334974451080724,0.16838741908873814,0.11722930528845694
"Hollywood Neighborhood, Los Angeles City, California, USA",0.04574738105377914,0.17933467564350344,0.19827777961572007,0.35755319647202377,0.1438597160171704,0.0752272511978034
"East Side Neighborhood, El Paso City, Texas, USA",0.04279365633876389,0.18716257417568788,0.19548484314045614,0.20442842276642498,0.24465539834994418,0.12547510522872296
"Jamaica Neighborhood, New York City, New York, USA",0.04987730047800683,0.21224155837513856,0.18851268211591235,0.22150293436855806,0.20003050521060967,0.1278350194517745
"Roosevelt Neighborhood, Fresno City, California, USA",0.03681141992755862,0.14476712119821789,0.16558173407571414,0.22522116668447584,0.24789207361494006,0.17972648449909348
"Crown Heights Neighborhood, New York City, New York, USA",0.05259402538704073,0.18093356190792032,0.18400994165158488,0.303407412399474,0.16646766252138614,0.11258739613259398
"Flatbush Neighborhood, New York City, New York, USA",0.04443192122028853,0.19713190451119333,0.19082529045933425,0.27616908501710274,0.17929480328370076,0.11214699550838028
"North Scottsdale Neighborhood, Scottsdale City, Arizona, USA",0.11828562791928296,0.3056287414414541,0.20453076753405097,0.1390810782095828,0.15205227109898348,0.08042151379664583
"Harlem Neighborhood, New York City, New York, USA",0.04827878898284713,0.18215524838723923,0.20472582113117171,0.29020990006562886,0.1555313446916528,0.11909889674146017
"South Mountain Neighborhood, Phoenix City, Arizona, USA",0.03358874733871852,0.17322048523004485,0.19319692669751073,0.22335131626483457,0.2394908372876043,0.13715168718128706
"East Harlem Neighborhood, New York City, New York, USA",0.06976295855991903,0.19736049416433063,0.18821138537909765,0.25942824094527395,0.17504598652133058,0.11019093443004829
"Williamsbridge Neighborhood, New York City, New York, USA",0.05621031514267442,0.20176922790954865,0.1856477324927539,0.2125874341614358,0.211133943587336,0.13265134670625117
"South Side Neighborhood, Corpus Christi City, Texas, USA",0.05074523687578368,0.16883188928379306,0.1906200366707911,0.229891156882328,0.21494278855021462,0.14496889173708957
"Bushwick Neighborhood, New York City, New York, USA",0.037284127578889305,0.1360360663746517,0.16224186249644157,0.3689566385131129,0.20225988137018291,0.09322142366672143
"Corona Neighborhood, New York City, New York, USA",0.041824851309120246,0.14575877791330832,0.2131450151631789,0.2634927037934926,0.19847227761913203,0.13730637420176778
"East Flatbush Neighborhood, New York City, New York, USA",0.07229385746290039,0.25269199144996946,0.1932337505769975,0.2110117551235963,0.16757595363488192,0.10319269175165442
"Borough Park Neighborhood, New York City, New York, USA",0.04063535861627392,0.14791060751685278,0.11459821882082181,0.18331956964215376,0.25184489622163453,0.2616913491822632
"Concourse Neighborhood, New York City, New York, USA",0.04501581857609462,0.18050593904844203,0.1884647455579659,0.23013773295718778,0.2229173703473097,0.132958393513
"East San Jose Neighborhood, San Jose City, California, USA",0.04898573169865015,0.19853291481836044,0.20858988198646192,0.21299354337843207,0.21895562892705253,0.11194229919104302
"Elmhurst Neighborhood, New York City, New York, USA",0.04908194602137352,0.20541618527103306,0.2051055776090513,0.25406717138758533,0.17672602991237346,0.10960308979858328
"Sunset Park Neighborhood, New York City, New York, USA",0.041653173555266425,0.1734365364371763,0.20459708891046738,0.2589962561338264,0.17076771579884636,0.15054922916441718
"Bensonhurst Neighborhood, New York City, New York, USA",0.0741412465032791,0.21146681251807214,0.20004502476712024,0.20667777725578934,0.18134411315761073,0.1263250257981284
"Bullard Neighborhood, Fresno City, California, USA",0.06440130041587147,0.21002483228301208,0.17366540412464304,0.22404434077069757,0.18971435406402393,0.13814976834175197
"Van Nuys Neighborhood, Los Angeles City, California, USA",0.03674133451310469,0.171170812511961,0.19527598145458594,0.27266451451685103,0.20004343650255257,0.1241039205009447
"Alief Neighborhood, Houston City, Texas, USA",0.04229993058009129,0.1791586640667483,0.1808053181082482,0.21274913075241367,0.2463022095991694,0.13868474689332916
"East Memphis-Colonial-Yorkshire Neighborhood, Memphis City, Tennessee, USA",0.06834731930947827,0.22306514422477006,0.16112736091590135,0.21953936006167846,0.20883775757115738,0.11908305791701444
"West San Jose Neighborhood, San Jose City, California, USA",0.05668324936899562,0.1985337645682522,0.22972211212719632,0.22758756633029045,0.16076002547812726,0.12671328212713812
"Southwest Dallas Neighborhood, Dallas City, Texas, USA",0.026825543860705087,0.17718386386613885,0.18986926584422237,0.20975914838801668,0.23788643969329618,0.15847573834762077
"South Bronx Neighborhood, New York City, New York, USA",0.030000107184789057,0.17679138647957246,0.17905935718671084,0.23496740213673753,0.22781673254761328,0.15136501446457698
"East Neighborhood, Arlington City, Texas, USA",0.029597426819222724,0.14012286945971253,0.17312265476644845,0.24316525145787338,0.2404257553482316,0.17356604214851126
"North Long Beach Neighborhood, Long Beach City, California, USA",0.030521994879499015,0.1801167982057086,0.18230676456274753,0.23864285563149293,0.22266773872749213,0.14574384799305976
"Estrella Neighborhood, Phoenix City, Arizona, USA",0.017703305046740704,0.10253839539142351,0.18738150432139852,0.2590880584158652,0.25553975440852533,0.17774898241604675
"Northeast Neighborhood, El Paso City, Texas, USA",0.05377218729988319,0.1817991782037007,0.1741645658075082,0.20996081317669288,0.24446528260868605,0.13583797290352903
"South Scottsdale Neighborhood, Scottsdale City, Arizona, USA",0.09033571784376163,0.23113353747758833,0.16316187513607605,0.3035179482898089,0.14249208528245977,0.06935883597030527
"Alafaya Neighborhood, Orlando City, Florida, USA",0.04838389949747065,0.15936213992215362,0.22972294519102032,0.22264282536264954,0.23838105011236768,0.10150713991433812
"Koreatown Neighborhood, Los Angeles City, California, USA",0.03691693601250443,0.16306057821215356,0.2043541060503599,0.30952124904748973,0.17635019038381294,0.10979694029367928
"Flushing Neighborhood, New York City, New York, USA",0.08903831862808169,0.25894636945234045,0.2147961910557046,0.22335637481465942,0.11765233585235516,0.09621041019685861
"Westlake Neighborhood, Los Angeles City, California, USA",0.045306930155423954,0.15768282097970662,0.18240601460435124,0.3096922355791672,0.1907325451177322,0.11417945356361874
"Soundview Neighborhood, New York City, New York, USA",0.05729553468685538,0.1837923503195969,0.17186714330449424,0.22174739640719562,0.2130115303707291,0.15228604491112865
"Southeast Neighborhood, Arlington City, Texas, USA",0.015201238577419833,0.1598476511142884,0.20743576916107545,0.21668843278255562,0.2538852107087704,0.14694169765589044
"Northwest Neighborhood, El Paso City, Texas, USA",0.04972215592278997,0.17911596534939914,0.19730878611918187,0.21756452477888413,0.2202927584112856,0.13599580941845915
"Central City Neighborhood, Corpus Christi City, Texas, USA",0.06634418293688062,0.23333354037232748,0.18209292634239757,0.1886230475522894,0.19894024396203044,0.1306660588340743
"Canarsie Neighborhood, New York City, New York, USA",0.0573730140971135,0.23621615573953908,0.187726560751846,0.20467666144551352,0.1845826806891922,0.12942492727679578
"Downtown Neighborhood, San Jose City, California, USA",0.03978959306769659,0.1530179133816638,0.19017556558204596,0.3029469665315353,0.22901581817602812,0.08505414326103033
"Evergreen Neighborhood, San Jose City, California, USA",0.07369036236728324,0.2296257029774343,0.22335270095849663,0.16635930338969648,0.20218323701825827,0.10478869328883111
"Lower East Side Neighborhood, New York City, New York, USA",0.10979891258670976,0.2518755771372415,0.18578273155814842,0.2373028762712746,0.14473742133999393,0.07050248110663174
"Sun Valley Neighborhood, Los Angeles City, California, USA",0.042085488458617,0.1984617098428717,0.214383881541021,0.22642935973796177,0.21034363738796238,0.10829592303156609
"Northwest Raleigh Neighborhood, Raleigh City, North Carolina, USA",0.04962790165678905,0.17642630093728728,0.23413196312825446,0.2662062058831861,0.17129950340537542,0.10230812498910791
"Sylmar Neighborhood, Los Angeles City, California, USA",0.04447137557496823,0.20218804461292092,0.19850919675013942,0.21382682962856897,0.21812711365790335,0.12287743977549917
"Mid City Neighborhood, Los Angeles City, California, USA",0.05539939382239363,0.220185093916552,0.20699892235879327,0.2772989210396082,0.15583976903787214,0.08427789982478068
"North Raleigh Neighborhood, Raleigh City, North Carolina, USA",0.07272747461741347,0.2423985937768048,0.20237267458363034,0.2106738048376888,0.16765914106409976,0.10416831112036287
"White Haven-Coro Lake Neighborhood, Memphis City, Tennessee, USA",0.06025485485155856,0.23366219674674144,0.1679331502431619,0.1932387509743847,0.20870966756121787,0.13620137962293558
"North Valley Neighborhood, San Jose City, California, USA",0.05639932650859431,0.1885070440846237,0.19789159019953795,0.2560991563876906,0.18422767206487017,0.11687521075468331
"Northridge Neighborhood, Los Angeles City, California, USA",0.0628890678936623,0.21191119245324302,0.20254805040718346,0.20425060777792944,0.22900642808192606,0.0893946533860558
"West Neighborhood, Arlington City, Texas, USA",0.0673985306590169,0.21351945489778043,0.1905543609300277,0.20690740321352852,0.19049993059896353,0.13112031970068289
"Ahwatukee Foothills Neighborhood, Phoenix City, Arizona, USA",0.04632588937069253,0.22397356723335726,0.23561680116666622,0.19369017639593303,0.19518763987534332,0.1052059259580076
"San Pedro Neighborhood, Los Angeles City, California, USA",0.06519035903105709,0.22790650866144962,0.2026717196036947,0.22023400436330423,0.16678117894272793,0.1172162293977664
"Woodland Hills Neighborhood, Los Angeles City, California, USA",0.06698005202589635,0.21395685364692293,0.2099796495418135,0.24735489619612885,0.13899741875949528,0.12273112982974317
"Logan Square Neighborhood, Chicago City, Illinois, USA",0.028349948727376152,0.13907647024949393,0.17648481487614728,0.38935867992420803,0.15721849755644215,0.10951158866633255
"Sharpstown Neighborhood, Houston City, Texas, USA",0.0390578761555639,0.13899158370361006,0.1867855238043493,0.2660274962652916,0.21450813637808797,0.15462938369309717
"Murray Hill Neighborhood (Queens), New York City, New York, USA",0.09741346917132737,0.26177007021732784,0.2118637037621092,0.19261838339965834,0.1420559288511157,0.09427844459846152
"Preston Hollow Neighborhood, Dallas City, Texas, USA",0.04458562261212313,0.17784933694691574,0.19605507089372326,0.22768141949764106,0.2037883889611319,0.15004016108846494
"South Ozone Park Neighborhood, New York City, New York, USA",0.05519586239493688,0.2421475934190627,0.20692094926522972,0.21629393671316957,0.1773950446453696,0.1020466135622315
"Sheepshead Bay Neighborhood, New York City, New York, USA",0.08753125757995778,0.2754423539988812,0.18250605988583285,0.18516955930514623,0.150158344815075,0.11919242441510718
"Northeast Raleigh Neighborhood, Raleigh City, North Carolina, USA",0.03336199788595248,0.17031660360610373,0.20765554950459686,0.26859934744305936,0.1865699871471497,0.13349651441313795
"North Hollywood Neighborhood, Los Angeles City, California, USA",0.04138868734493736,0.17168355937463137,0.1947374782677959,0.3386140607358832,0.16581026565877746,0.08776594861797476
"Gravesend Neighborhood, New York City, New York, USA",0.06985116478434453,0.22799394806199041,0.17722764603294852,0.18986301802110905,0.1773291824283351,0.1577350406712723
"Willow Glen Neighborhood, San Jose City, California, USA",0.059417444593660745,0.22308456338351496,0.20514418167190243,0.2296981836274443,0.15972431423144814,0.12293131249202946
"Canyon Country Neighborhood, Santa Clarita City, California, USA",0.03703642476875589,0.18677546046738794,0.20813336044732653,0.2180525930297706,0.21023995436033574,0.13976220692642327
"Sherman Oaks Neighborhood, Los Angeles City, California, USA",0.0500040327991364,0.20809403160762202,0.22424498362671783,0.2968563842964676,0.12794837275429505,0.09285219491576122
"Boyle Heights Neighborhood, Los Angeles City, California, USA",0.054625223645300265,0.1604454578462188,0.18815501715107372,0.21877474039320016,0.24532189392031042,0.13267766704389683
"Pacoima Neighborhood, Los Angeles City, California, USA",0.04060477994353987,0.1684115208529924,0.19105299274822612,0.2311864592649795,0.23322201866499281,0.1355222285252692
"Mira Mesa Neighborhood, San Diego City, California, USA",0.04857395842512934,0.2111925738584144,0.1746016846618296,0.28534948309221014,0.16059555205518553,0.119686747907231
"West Anaheim Neighborhood, Anaheim City, California, USA",0.059542917669696334,0.19998366235282453,0.19203741129835744,0.2214989219950009,0.2110170707084543,0.11592001597566652
"Forest Hills Neighborhood, New York City, New York, USA",0.09317347146879812,0.2616141892213469,0.19856426411968284,0.22483159371880626,0.103848780493678,0.1179677009776879
"Far Rockaway Neighborhood, New York City, New York, USA",0.05915188663333589,0.19986153332368087,0.1599265699598788,0.1857644640052453,0.22023930690441673,0.17505623917344254
"Little Village Neighborhood, Chicago City, Illinois, USA",0.044199245227839114,0.16504423450099223,0.18160130397616417,0.2631168695142201,0.22430434787119594,0.12173399890958848
"Southwest Neighborhood, Chula Vista City, California, USA",0.05896206621083578,0.18277522523898396,0.20312460872702864,0.21426822473503296,0.20673166163310433,0.13413821345501442
"Cordova-Appling Neighborhood, Memphis City, Tennessee, USA",0.043637946405158355,0.2047003699327033,0.1758759146461448,0.2403678633192583,0.20493510159452305,0.13048280410221227
"Central Southwest Neighborhood, Houston City, Texas, USA",0.03070396539822489,0.1806585624003102,0.19319733986529142,0.22224760912264624,0.23056947024170357,0.14262305297182373
"Eldridge - West Oaks Neighborhood, Houston City, Texas, USA",0.048612446326841564,0.16717479879836894,0.18949920683374397,0.2978878284741343,0.1674861167323369,0.12933960283457424
"West Rogers Park Neighborhood, Chicago City, Illinois, USA",0.05331943599556567,0.193819737604182,0.1961776046423047,0.20983357671479888,0.19260491794116374,0.1542447271019849
"Blossom Valley Neighborhood, San Jose City, California, USA",0.06341180821452164,0.19964548208607696,0.20528922150912995,0.2243769330453605,0.1922082837826552,0.11506827136225578
"Santurce Neighborhood, San Juan City, Puerto Rico, USA",0.10913639677605842,0.24558668993466815,0.2098932721890463,0.1734224077359057,0.16247789799800758,0.09948333536631394
"Cambrian Park Neighborhood, San Jose City, California, USA",0.0557509882940354,0.2038656293871905,0.23894551730541957,0.19011452031214987,0.17957993291329274,0.13174341178791202
"Jackson Heights Neighborhood, New York City, New York, USA",0.06145680801689342,0.22489056728217643,0.23243011247463274,0.23096808407643576,0.13502551997274873,0.11522890817711298
"East Elmhurst Neighborhood, New York City, New York, USA",0.07020832113083043,0.23590854956168605,0.2071887385540522,0.22261270231749936,0.1727288701458444,0.09135281829008764
"Reseda Neighborhood, Los Angeles City, California, USA",0.051191470237358545,0.20031426813843106,0.20623116284508236,0.2258868050579592,0.19775603281969653,0.11862026090147212
"East Village Neighborhood, New York City, New York, USA",0.05497872523796535,0.21346876665602382,0.14082625359372986,0.3592800717022325,0.1917639069216392,0.03968227588840944
"Cedar Crest Neighborhood, Dallas City, Texas, USA",0.06428515884722798,0.18470004537652235,0.16990237887128531,0.18389389061255873,0.23166412358686694,0.16555440270553864
"Midwood Neighborhood, New York City, New York, USA",0.059851882669199066,0.21307127487439786,0.1649955406949439,0.19482102635928886,0.20258561811553275,0.1646746572866375
"Laveen Neighborhood, Phoenix City, Arizona, USA",0.019674233305992814,0.14651655899903515,0.19715382134152537,0.2257965605492981,0.23857767759044207,0.17228114821370652
"Ridgewood Neighborhood, New York City, New York, USA",0.03914477655972186,0.17652288961734622,0.20145198422483274,0.2837635128932384,0.19664635993149335,0.10247047677336744
"Bath Beach Neighborhood, New York City, New York, USA",0.08397809525685043,0.23302585169885912,0.20221845020499374,0.19899765342123812,0.16530494563498846,0.11647500378307014
"Princess Anne Neighborhood, Virginia Beach City, Virginia, USA",0.051603117367220855,0.2070720472711885,0.23074905988551114,0.19406480648373622,0.18534073373669896,0.1311702352556445
"Centennial Hills Neighborhood, Las Vegas City, Nevada, USA",0.04469556826833022,0.21537184990320535,0.19028524048953133,0.22642752142696213,0.1954333574020826,0.1277864625098883
"Kingwood Neighborhood, Houston City, Texas, USA",0.06321345732192422,0.22197421501801234,0.2251491958680272,0.15915122974751578,0.2151833653818816,0.11532853666263891
"Far Eastside Neighborhood, Indianapolis City, Indiana, USA",0.034493381544741526,0.18666370051073705,0.18265217321511462,0.20171478168302365,0.25325201814038933,0.14122394490599388
"Brentwood Neighborhood, Town of Islip City, New York, USA",0.03746133238606934,0.18037979367405227,0.21085505380163702,0.24689549013513304,0.19935467637612314,0.12505365362698528
"Park Slope Neighborhood, New York City, New York, USA",0.04408441359471247,0.16686075083897134,0.22150628233011815,0.31908962148954595,0.10912695175235283,0.13933197999429925
"South Dorchester Neighborhood, Boston City, Massachusetts, USA",0.05231485499951704,0.19056000605561996,0.19970200828064022,0.26602084795004255,0.19090296078572203,0.10049932192845817
"Southeast Colorado Springs Neighborhood, Colorado Springs City, Colorado, USA",0.0301857255564675,0.1410193799084386,0.15638451044828727,0.2729545301701105,0.23703109214179519,0.16242476177490112
"East Colorado Springs Neighborhood, Colorado Springs City, Colorado, USA",0.08161062552589755,0.2103536838381575,0.15160381108329224,0.24104521274695365,0.19954598092235776,0.1158406858833414
"Hickory Ridge-South Riverdale Neighborhood, Memphis City, Tennessee, USA",0.03151289534544942,0.14093822217128163,0.17119891326440348,0.2614802092352451,0.22664820569084704,0.1682215542927733
"Panorama City Neighborhood, Los Angeles City, California, USA",0.03298204380520442,0.1785748661555106,0.20629389625827016,0.2311219010210508,0.22318662302217832,0.12784066973778563
"Northeast Colorado Springs Neighborhood, Colorado Springs City, Colorado, USA",0.04561409593196654,0.2079513960352655,0.17551311325852828,0.23963493072218442,0.2209919754480632,0.11029448860399216
"South Belt - Ellington Neighborhood, Houston City, Texas, USA",0.025049020555354296,0.16073437830050175,0.18772241123860864,0.2356011499365771,0.24528517355276214,0.14560786641619605
"Greater Fondren Southwest Neighborhood, Houston City, Texas, USA",0.043571096201336014,0.18636371266721663,0.19572145972767305,0.21329487933525462,0.21473995526564413,0.14630889680287565
"Central Colorado Springs Neighborhood, Colorado Springs City, Colorado, USA",0.06330386396466663,0.2070690494153243,0.16217611342973365,0.25426056892990306,0.20091437494642106,0.11227602931395118
"Brownsville Neighborhood, New York City, New York, USA",0.05203820143418936,0.23250798643663287,0.19337735823134528,0.23325026872241217,0.1707945351380314,0.11803165003738893
"Woodward Park Neighborhood, Fresno City, California, USA",0.07349235725252769,0.20869365469446324,0.20233754208886476,0.21113568295398288,0.18757522496370216,0.11676553804645924
"Summerlin North Neighborhood, Las Vegas City, Nevada, USA",0.06326105913273285,0.23158378147841616,0.24870337539699267,0.1662183783148896,0.18492125892821593,0.10531214674875272
"Clear Lake Neighborhood, Houston City, Texas, USA",0.06592735120676964,0.2285896915729063,0.17693491223265975,0.21280194940704683,0.19180928878189976,0.12393680679871767
"Ozone Park Neighborhood, New York City, New York, USA",0.04483545669283177,0.2124624581228523,0.20056948688690635,0.21279246631531404,0.19766672813549838,0.1316734038465971
"Central City Neighborhood, Phoenix City, Arizona, USA",0.03117561412636995,0.14866444619117028,0.16497693444069583,0.26139589080562853,0.2526409808431113,0.14114613359302416
"Mclane Neighborhood, Fresno City, California, USA",0.03667805901382475,0.1733848812789876,0.15969447446577736,0.2280249413544122,0.22456239127579125,0.17765525261120688
"Oak Lawn Neighborhood, Dallas City, Texas, USA",0.029999986335262897,0.14279679077433913,0.17387406149677706,0.47217782847416395,0.14232615562005774,0.03882517729939918
"Kempsville Neighborhood, Virginia Beach City, Virginia, USA",0.06191151884404751,0.2144344632576993,0.16789277875077713,0.2263556289056823,0.21655276099543191,0.11285284924636194
"Gramercy Neighborhood, New York City, New York, USA",0.0658954919882105,0.1817652385524963,0.15527787635837725,0.33025018255349137,0.1914822733680286,0.07532893717939604
"Midtown Neighborhood, Memphis City, Tennessee, USA",0.06609582493471512,0.238692505646842,0.18737177744968447,0.23066885665304762,0.1830718327863137,0.09409920252939714
"Fresno High Roeding Neighborhood, Fresno City, California, USA",0.0454028954115218,0.1775955556926564,0.17482189444908472,0.2314694636289987,0.2159832341348896,0.15472695668284878
"Roxbury Neighborhood, Boston City, Massachusetts, USA",0.04697063334654312,0.19675974644096342,0.17568982678704914,0.23436732598850116,0.2295303048572317,0.11668216257971156
"Lake View Neighborhood, Chicago City, Illinois, USA",0.01978774673364478,0.10182818118093351,0.16284613318320423,0.43114388894959466,0.16613035369891072,0.118263696253712
"Parkway Neighborhood, Sacramento City, California, USA",0.05071513200755552,0.17489775439407398,0.15886577644441868,0.21879821117817538,0.2188443429125869,0.1778787830631895
"Encanto Neighborhood, Phoenix City, Arizona, USA",0.028199176559489933,0.1780545160566854,0.22188881384545284,0.29135119508057017,0.18587115247241695,0.09463514598538471
"Greater Uptown Neighborhood, Houston City, Texas, USA",0.09127274534597238,0.22027924391293305,0.17934993542329636,0.29670536032280903,0.12119831576054954,0.09119439923443966
"Westwood Neighborhood, Los Angeles City, California, USA",0.06688696722146195,0.13325290758545266,0.09036303394051522,0.16993998938685362,0.4896767165261663,0.04988038533955025
"Fairgrounds Neighborhood, San Jose City, California, USA",0.04531812398930577,0.1860018009711562,0.19339367581720862,0.2517460715688564,0.19896310570151649,0.12457722195195632
"Bay Ridge Neighborhood, New York City, New York, USA",0.06576975009738309,0.247605712181169,0.18911428911917785,0.2287432729317401,0.15178553852771187,0.11698143714281817
"Mission Neighborhood, San Francisco City, California, USA",0.04536000573865311,0.1603486180782676,0.22506447106258495,0.3875014452629744,0.10527192739291887,0.07645353246460095
"Tremont Neighborhood, New York City, New York, USA",0.031503773355675724,0.1631626527048052,0.185838606271949,0.22258132925727145,0.23778649405006538,0.1591271443602334
"Kensington Neighborhood, New York City, New York, USA",0.05536094910026275,0.18283488322161995,0.19556452537058222,0.2341054966611546,0.18236467533140768,0.14976947031497273
"Northside-Northline Neighborhood, Houston City, Texas, USA",0.03663943744203292,0.17053039421893754,0.1672623551583817,0.210863069110048,0.2613652020739231,0.15333954199667682
"Northwest Neighborhood, Chula Vista City, California, USA",0.06192042938471497,0.20134963976867962,0.18446981246778957,0.23485106937181963,0.19582349111371494,0.12158555789328118
"Santa Teresa Neighborhood, San Jose City, California, USA",0.04149055810858205,0.20364738546696037,0.2081394952930456,0.23217917866985763,0.17510300666511458,0.1394403757964397
"Maspeth Neighborhood, New York City, New York, USA",0.05657460644973595,0.2228125484653366,0.2156305326356535,0.2043387890460205,0.18526186604742456,0.11538165735582881
"Casas Adobes Neighborhood, Tucson City, Arizona, USA",0.11003020746146112,0.2563196500529652,0.15881077852902173,0.19778418546011545,0.18884817936243933,0.08820699913399711
"Desert View Neighborhood, Phoenix City, Arizona, USA",0.0564220587237109,0.21510973733844602,0.2275594985182464,0.17502933149453218,0.19156688884525308,0.13431248507981153
"North Hills Neighborhood, Los Angeles City, California, USA",0.04150393970537854,0.17709832134292555,0.20484755053100373,0.21209318259677976,0.22401507365536152,0.1404419321685509
"Winnetka Heights Neighborhood, Dallas City, Texas, USA",0.037973014606938346,0.16766024686888037,0.18025042286022114,0.19033826376886356,0.27722395375668163,0.14655409813841502
"Briargate Neighborhood, Colorado Springs City, Colorado, USA",0.02778114583838124,0.1904424441440413,0.21069464751880806,0.20656112050972034,0.21192647002185383,0.15259417196719535
"Downtown Neighborhood, Los Angeles City, California, USA",0.06440819808267632,0.17553978794651212,0.20944003577661643,0.42034480997175816,0.10225791352193206,0.028009254700504957
"Lake Highlands Neighborhood, Dallas City, Texas, USA",0.034907693459125436,0.13698128907963286,0.17335003253491338,0.33570742968189654,0.1986017136139798,0.12045184163045197
"South Austin Neighborhood, Chicago City, Illinois, USA",0.06420257942369259,0.20543067298215967,0.18354039818423049,0.2060038876714629,0.19617548937059542,0.14464697236785895
"Mott Haven Neighborhood, New York City, New York, USA",0.04187381435790571,0.16692146457819126,0.16713967324425977,0.23612647570244458,0.22315347040062714,0.16478510171657149
"Rogers Park Neighborhood, Chicago City, Illinois, USA",0.0326766925379555,0.18150531466776607,0.20719138181361926,0.2615748624280772,0.2084281847676064,0.10862356378497563
"Raleigh Neighborhood, Memphis City, Tennessee, USA",0.042013926764896174,0.1739908181010415,0.16323098244204381,0.23223866929596385,0.2227623742501992,0.1657632291458555
"Richmond Hill Neighborhood, New York City, New York, USA",0.05078158237716472,0.2386116418331415,0.19709523234520204,0.2170327116551593,0.19062491236608253,0.10585391942324994
"The Heights Neighborhood, Jersey City City, New Jersey, USA",0.04997132337977095,0.17409483635825418,0.17975615622282665,0.3234167730476773,0.1429390760577972,0.1298218349336737
"Valley Glen Neighborhood, Los Angeles City, California, USA",0.05362205728286504,0.2070358695108384,0.20782958540499172,0.24505610727491103,0.1809258893188621,0.10553049120753162
"Queens Village Neighborhood, New York City, New York, USA",0.0822370547955712,0.2438710557313576,0.19517911210383715,0.20038272251646277,0.18327051477095016,0.0950595400818211
"Chelsea Neighborhood, New York City, New York, USA",0.07374794367429999,0.22967210385546705,0.21154672998650872,0.3221833931262165,0.10280223982226913,0.060047589535238685
"Memorial Neighborhood, Houston City, Texas, USA",0.052527625045499696,0.18159111433741773,0.2155711446169154,0.21747017689083684,0.19287925949689277,0.13996067961243763
"Archer Heights Neighborhood, Chicago City, Illinois, USA",0.04615207199616229,0.18469515826893676,0.1716971687343578,0.2308418520402932,0.2272636110346293,0.13935013792562048
"Hoover Neighborhood, Fresno City, California, USA",0.06105540495941316,0.16013546918288887,0.1324086087998131,0.2362269317562274,0.2871658584600287,0.12300772684162872
"University Heights Neighborhood, New York City, New York, USA",0.04722551731742899,0.18134234706764069,0.19930956273636724,0.23787181587513412,0.1952857362757426,0.1389650207276862
"Little Havana Neighborhood, Miami City, Florida, USA",0.10514529666525138,0.21578095209006218,0.2258325717006001,0.23226324612824045,0.12987629304618753,0.09110164036965848
"Flagami Neighborhood, Miami City, Florida, USA",0.11580269813360786,0.2323682950048738,0.22362530274609732,0.21277048725241407,0.13512693352024738,0.08030628334275956
"Lone Mountain Neighborhood, Las Vegas City, Nevada, USA",0.05645043465556287,0.22627657243041865,0.2030462415077801,0.2101870114690624,0.18299364453210615,0.12104609540506976
"Flatlands Neighborhood, New York City, New York, USA",0.07563419879328895,0.2609990298838303,0.18694219248930272,0.19137087686827256,0.18067231309784584,0.10438138886745968
"Albany Park Neighborhood, Chicago City, Illinois, USA",0.03589825993817881,0.15306975716185445,0.19554732464815908,0.2958312675089587,0.19907422351332477,0.1205791672295242
"Central City Neighborhood, Los Angeles City, California, USA",0.022221152721049624,0.1398293836784542,0.1995284865091122,0.2398902018553635,0.2527487184452622,0.14578205679075823
"Canoga Park Neighborhood, Los Angeles City, California, USA",0.042217743279186246,0.16639746876047012,0.2112550983797608,0.23745391868948618,0.21500727435179542,0.1276684965393012
"Bedford Park Neighborhood, New York City, New York, USA",0.046767113914431,0.1892208773620413,0.1848030236129675,0.2387604036384441,0.19628851415472007,0.14416006731739595
"Michael Way Neighborhood, Las Vegas City, Nevada, USA",0.04192577522203014,0.17509209419604177,0.19529139888091324,0.2362299773523803,0.20814551117137323,0.1433152431772614
"Greenville Neighborhood, Jersey City City, New Jersey, USA",0.048523857768614405,0.2029551493138349,0.1972810004109243,0.20429211825144666,0.20619549579430968,0.14075237846087013
"Southwest Neighborhood, Arlington City, Texas, USA",0.04282674272599556,0.2499794048377332,0.2157259409866782,0.17215331920425128,0.21700453705706346,0.10231005518827829
"Woodlake - Briarmeadow Neighborhood, Houston City, Texas, USA",0.0378603509688144,0.13164413979629558,0.17320419294039707,0.3506368286378872,0.1621567928538791,0.1444976948027265
"University City Neighborhood, San Diego City, California, USA",0.06747383791676807,0.1278291555122901,0.15238906465482271,0.3134988237202888,0.2624726210756876,0.07633649712014276
"Carmel Valley Neighborhood, San Diego City, California, USA",0.02772513736579163,0.18138008656027746,0.27190872044229186,0.18957542523522108,0.19854480048095097,0.13086582991546694
"Wilmington Neighborhood, Los Angeles City, California, USA",0.036495971846304376,0.15067294427524824,0.1933476728938246,0.2188310006130791,0.24415180549832063,0.1565006048732231
"Granada Hills Neighborhood, Los Angeles City, California, USA",0.07946951973376139,0.24911528321581486,0.20550387385273167,0.18274384634592714,0.17646634152401305,0.10670113532775194
"Oxford Circle Neighborhood, Philadelphia City, Pennsylvania, USA",0.037535730201666506,0.1641180600105825,0.18902296585057102,0.2250528312856551,0.2219345844833688,0.16233582816815614
"Downtown Neighborhood, Memphis City, Tennessee, USA",0.05327480375619382,0.2149068902185566,0.1806589576778351,0.2586456750999048,0.18554717861743625,0.10696649463007343
"Northeast Anaheim Neighborhood, Anaheim City, California, USA",0.038017124384957225,0.17220251279361704,0.2102646406520013,0.2350476066302852,0.21896807656411477,0.12550003897502443
"Woodside Neighborhood, New York City, New York, USA",0.07492762428858714,0.19386199678624888,0.22876634237886717,0.2673821031158276,0.13093140210467621,0.10413053132579297
"Rancho Penasquitos Neighborhood, San Diego City, California, USA",0.044914234995691985,0.23225743880535132,0.2275167402753936,0.17488903030430172,0.1909891494717499,0.12943340614751148
"West Neighborhood, Fresno City, California, USA",0.03385688039879346,0.14533918377041136,0.16801745505450796,0.255400615091204,0.23606127110957262,0.16132459457551077
"North Highlands Neighborhood, Sacramento City, California, USA",0.049066984481784995,0.19335268315715717,0.15765748431020568,0.22708932883246516,0.22345152637430207,0.1493819928440849
"Bayside Neighborhood, New York City, New York, USA",0.08974254234329922,0.27199999442973494,0.20311971985279648,0.18754293746077608,0.15108531975178896,0.09650948616160443
"Lower Valley Neighborhood, El Paso City, Texas, USA",0.08307523794748539,0.22480635183824288,0.15733726953816107,0.17261359885070457,0.23677074755081326,0.12539679427459283
"Brighton Neighborhood, Boston City, Massachusetts, USA",0.05785958568965691,0.11758192513671334,0.10431033696617276,0.44082199196671845,0.2314857041471035,0.047940456093635
"North Neighborhood, Arlington City, Texas, USA",0.03415801467899492,0.17632279229586648,0.19356967516450402,0.2935167279291283,0.18092765200957894,0.1215051379219272
"Winnetka Neighborhood, Los Angeles City, California, USA",0.05305131853861859,0.2060052863194031,0.2034828880661225,0.23053897069034723,0.183935268889788,0.12298626749572067
"Coney Island Neighborhood, New York City, New York, USA",0.14095734816466027,0.28109872820774073,0.15378637635822856,0.15461157916083376,0.1644273299482688,0.10511863816026787
"Highland Park Neighborhood, Los Angeles City, California, USA",0.042177542872734834,0.17986748938154876,0.21162961960951873,0.292604611520371,0.17884234644038885,0.09487839017543798
"Fordham Neighborhood, New York City, New York, USA",0.029610364664707435,0.1470701155928172,0.17861821377095247,0.23771101837367153,0.23386767308597034,0.1731226145118811
"Encino Neighborhood, Los Angeles City, California, USA",0.08817644878881623,0.24786088185092756,0.2244616823234715,0.1764717644929692,0.14050381045949456,0.12252541208432095
"Almaden Valley Neighborhood, San Jose City, California, USA",0.07210582045040927,0.2361865726027112,0.2441177262663136,0.12769529506886662,0.20706389495636895,0.11283069065533037
"Greenwich Village Neighborhood, New York City, New York, USA",0.08347910252589104,0.20056924936853446,0.15983008225038797,0.28841012243512754,0.223295039866484,0.04441640355357512
"Greater Heights Neighborhood, Houston City, Texas, USA",0.03229872360643643,0.1885756312503586,0.18144445357986447,0.37114041941150133,0.10152741364090657,0.12501335851093262
"Mid City West Neighborhood, Los Angeles City, California, USA",0.0657586861507218,0.17674716348064098,0.20504613482848444,0.3480641031301047,0.11445410798640239,0.08992980442364583
"Southwest Anaheim Neighborhood, Anaheim City, California, USA",0.06301505505955825,0.1907723474811444,0.18899994372275827,0.2264896469110632,0.20348880190787372,0.12723420491760204
"Golfcrest - Bellfort - Reveille Neighborhood, Houston City, Texas, USA",0.03993798624775995,0.19336099961258818,0.18994965741446876,0.18451765163711917,0.21784995977684252,0.17438374531122128
"Valencia Neighborhood, Santa Clarita City, California, USA",0.06620903766429616,0.2394908586474884,0.21547235702723233,0.18092848734949837,0.18843842107873743,0.10946083823274735
"Hamilton Heights Neighborhood, New York City, New York, USA",0.04521972756773481,0.18898616588938802,0.18660383391478771,0.3445146822786866,0.15176885099293005,0.08290673935647283
"Sunnyside Neighborhood (Queens), New York City, New York, USA",0.05420037746387943,0.18761094801449038,0.22670750531604264,0.3141112553868537,0.12281484037023345,0.09455507344850039
"Gresham Neighborhood, Chicago City, Illinois, USA",0.08292506844419445,0.2109248734830969,0.17595222957118925,0.1928243231658227,0.2027280722666861,0.13464543306901067
"Downtown Neighborhood, Jersey City City, New Jersey, USA",0.029426779421087575,0.11003778940737828,0.169391069195507,0.5047100600772092,0.07638828327435172,0.11004601862446604
"Brighton Park Neighborhood, Chicago City, Illinois, USA",0.03382672421070424,0.16787028154751218,0.17170662058448727,0.24245456112790412,0.23121990401382433,0.15292190851556786
"South Shore Neighborhood, Chicago City, Illinois, USA",0.05545600862085194,0.23429791463503896,0.17343840957758247,0.25319982918346257,0.15752646140314164,0.12608137657992255
"Rego Park Neighborhood, New York City, New York, USA",0.09000783331878255,0.2499728865135761,0.17835332370334897,0.24799570915910846,0.1153134690997479,0.1183567782054359
"Alameda - West Flagler Neighborhood, Miami City, Florida, USA",0.11584264120393467,0.23390393698858933,0.22341186002136515,0.18250846201678098,0.14957329265745933,0.09475980711187043
"Valley High-North Laguna Neighborhood, Sacramento City, California, USA",0.03204064962478686,0.17759037159586813,0.16934664164680455,0.25026211638878787,0.2319857760821626,0.13877444466159003
