longname,Silent %,Boomer %,Gen X %,Millennial %,Gen Z %,Gen Alpha %
"Northeast Dallas Neighborhood, Dallas City, Texas, USA",0.04105071417174032,0.1714997831136231,0.19170080961926728,0.26493458729280683,0.17926491662399768,0.15154918917856483
"Paradise Neighborhood, Las Vegas City, Nevada, USA",0.0575863473295578,0.20844995866427282,0.2055238051448238,0.23636544599454795,0.18329016980223536,0.10878427306456223
"Upper West Side Neighborhood, New York City, New York, USA",0.09091959182091851,0.24292774455444047,0.19231744267973136,0.2582540612190791,0.11630564352171772,0.09927551620411297
"Maryvale Neighborhood, Phoenix City, Arizona, USA",0.025059692714899787,0.13187521617228865,0.17997184066759814,0.21925543072177406,0.28317221096464895,0.16066560875879043
"Spring Valley Neighborhood, Las Vegas City, Nevada, USA",0.05553358344494149,0.2185569324239127,0.20496714284705053,0.24646398835197694,0.16262536563393123,0.11185298729818709
"Sunrise Manor Neighborhood, Las Vegas City, Nevada, USA",0.03884084609841936,0.177404081209175,0.18797554373562336,0.21185784055226534,0.2355856272829749,0.1483360611215419
"Upper East Side Neighborhood, New York City, New York, USA",0.10898296847155228,0.21888048664496135,0.18000951131689932,0.2898286395158635,0.11136602369467627,0.09093237035604726
"South Los Angeles Neighborhood, Los Angeles City, California, USA",0.04190674423864254,0.17694325512440862,0.18622736763222042,0.23286110854635636,0.2220651439485246,0.13999638050984745
"East New York Neighborhood, New York City, New York, USA",0.056958540614021835,0.19610011839970376,0.1776823867041518,0.21481993987438913,0.20619089150591755,0.14824812290181594
"Southeast Los Angeles Neighborhood, Los Angeles City, California, USA",0.023680008607293673,0.13782701612117035,0.18983140690387412,0.22588135240484444,0.2623835850115457,0.16039663095127182
"Deer Valley Neighborhood, Phoenix City, Arizona, USA",0.041243784076828355,0.20644127624060704,0.20393358118726998,0.24072352916187953,0.1845876305519367,0.12307019878147848
"Astoria Neighborhood, New York City, New York, USA",0.05361554140342919,0.18378038418767453,0.1812882644636333,0.36400528738993376,0.1288194662375099,0.08849105631781932
"Bedford Stuyvesant Neighborhood, New York City, New York, USA",0.039547027343813004,0.15011949772209188,0.17773866306214314,0.3172852212486824,0.18802494189599311,0.1272846487272763
"Enterprise Neighborhood, Las Vegas City, Nevada, USA",0.030994794592159917,0.17727118943444292,0.21179207933116012,0.26682744740061093,0.17675223736486267,0.1363622518767635
"Paradise Valley Neighborhood, Phoenix City, Arizona, USA",0.0644166800012031,0.25583066523530607,0.1881370678735926,0.22117907408920628,0.15808301096395277,0.11235350183673899
"North Mountain Neighborhood, Phoenix City, Arizona, USA",0.058240732310522174,0.20531331211864018,0.18785818279092129,0.21856357313883845,0.20144934277031548,0.12857485687076234
"Williamsburg Neighborhood, New York City, New York, USA",0.03810822433376053,0.12230806549259095,0.14417973833127856,0.3388517072465007,0.1903156680515058,0.16623659654436354
"Washington Heights Neighborhood, New York City, New York, USA",0.06343625131589158,0.20520047811791794,0.19699772035463153,0.281733518829309,0.16309508908312895,0.0895369422991209
"Southeast Dallas Neighborhood, Dallas City, Texas, USA",0.023754249852776327,0.14139645771139592,0.18089451492700295,0.20031402317957486,0.27037362609333426,0.18326712823591568
"Alhambra Neighborhood, Phoenix City, Arizona, USA",0.042045099874553356,0.16770710077231465,0.18066865952411867,0.2194465473253443,0.2399336759629282,0.15019891654074083
"Camelback East Neighborhood, Phoenix City, Arizona, USA",0.055060755798509387,0.17869695943562372,0.19727581587786477,0.2833497445108073,0.16838741908873808,0.11722930528845679
"Hollywood Neighborhood, Los Angeles City, California, USA",0.045747381053779096,0.17933467564350347,0.19827777961572013,0.3575531964720235,0.1438597160171705,0.07522725119780327
"East Side Neighborhood, El Paso City, Texas, USA",0.042793656338763926,0.18716257417568807,0.19548484314045647,0.20442842276642473,0.24465539834994376,0.12547510522872302
"Jamaica Neighborhood, New York City, New York, USA",0.04987730047800679,0.21224155837513842,0.18851268211591254,0.22150293436855792,0.2000305052106097,0.1278350194517745
"Roosevelt Neighborhood, Fresno City, California, USA",0.036811419927558625,0.14476712119821786,0.16558173407571428,0.22522116668447575,0.24789207361494012,0.1797264844990935
"Crown Heights Neighborhood, New York City, New York, USA",0.052594025387040715,0.18093356190792032,0.18400994165158488,0.3034074123994742,0.166467662521386,0.112587396132594
"Flatbush Neighborhood, New York City, New York, USA",0.04443192122028855,0.19713190451119333,0.19082529045933425,0.2761690850171027,0.17929480328370073,0.11214699550838028
"North Scottsdale Neighborhood, Scottsdale City, Arizona, USA",0.11828562791928296,0.3056287414414537,0.20453076753405144,0.1390810782095826,0.15205227109898348,0.08042151379664596
"Harlem Neighborhood, New York City, New York, USA",0.04827878898284714,0.1821552483872393,0.20472582113117177,0.2902099000656288,0.1555313446916529,0.11909889674146017
"South Mountain Neighborhood, Phoenix City, Arizona, USA",0.03358874733871852,0.17322048523004502,0.19319692669751087,0.22335131626483404,0.23949083728760454,0.13715168718128704
"East Harlem Neighborhood, New York City, New York, USA",0.06976295855991903,0.19736049416433052,0.18821138537909762,0.25942824094527406,0.17504598652133052,0.11019093443004828
"Williamsbridge Neighborhood, New York City, New York, USA",0.05621031514267443,0.20176922790954854,0.1856477324927539,0.21258743416143588,0.21113394358733603,0.13265134670625123
"South Side Neighborhood, Corpus Christi City, Texas, USA",0.050745236875783604,0.1688318892837931,0.19062003667079128,0.22989115688232786,0.21494278855021448,0.1449688917370896
"Bushwick Neighborhood, New York City, New York, USA",0.03728412757888931,0.13603606637465165,0.16224186249644176,0.3689566385131129,0.20225988137018297,0.09322142366672141
"Corona Neighborhood, New York City, New York, USA",0.041824851309120226,0.14575877791330838,0.2131450151631789,0.2634927037934926,0.1984722776191319,0.13730637420176786
"East Flatbush Neighborhood, New York City, New York, USA",0.0722938574629004,0.25269199144996946,0.19323375057699757,0.21101175512359627,0.16757595363488187,0.10319269175165438
"Borough Park Neighborhood, New York City, New York, USA",0.040635358616273924,0.14791060751685284,0.11459821882082188,0.18331956964215382,0.2518448962216345,0.26169134918226317
"Concourse Neighborhood, New York City, New York, USA",0.045015818576094595,0.18050593904844203,0.18846474555796583,0.2301377329571878,0.22291737034730968,0.13295839351299996
"East San Jose Neighborhood, San Jose City, California, USA",0.048985731698650205,0.19853291481836052,0.20858988198646178,0.21299354337843202,0.21895562892705248,0.11194229919104294
"Elmhurst Neighborhood, New York City, New York, USA",0.04908194602137353,0.20541618527103303,0.20510557760905138,0.2540671713875854,0.17672602991237346,0.10960308979858323
"Sunset Park Neighborhood, New York City, New York, USA",0.04165317355526643,0.17343653643717624,0.2045970889104673,0.25899625613382626,0.17076771579884645,0.15054922916441726
"Bensonhurst Neighborhood, New York City, New York, USA",0.07414124650327915,0.21146681251807214,0.20004502476712027,0.2066777772557893,0.18134411315761073,0.12632502579812846
"Bullard Neighborhood, Fresno City, California, USA",0.06440130041587139,0.21002483228301205,0.1736654041246433,0.22404434077069724,0.18971435406402404,0.13814976834175197
"Van Nuys Neighborhood, Los Angeles City, California, USA",0.03674133451310472,0.17117081251196095,0.19527598145458594,0.27266451451685103,0.20004343650255274,0.1241039205009447
"Alief Neighborhood, Houston City, Texas, USA",0.04229993058009127,0.1791586640667482,0.18080531810824815,0.21274913075241386,0.24630220959916943,0.13868474689332916
"East Memphis-Colonial-Yorkshire Neighborhood, Memphis City, Tennessee, USA",0.06834731930947822,0.2230651442247696,0.16112736091590135,0.21953936006167898,0.2088377575711573,0.11908305791701455
"West San Jose Neighborhood, San Jose City, California, USA",0.05668324936899562,0.19853376456825209,0.22972211212719634,0.2275875663302907,0.16076002547812726,0.1267132821271381
"Southwest Dallas Neighborhood, Dallas City, Texas, USA",0.026825543860705094,0.1771838638661389,0.18986926584422237,0.20975914838801663,0.2378864396932963,0.15847573834762074
"South Bronx Neighborhood, New York City, New York, USA",0.03000010718478905,0.17679138647957238,0.17905935718671093,0.23496740213673747,0.2278167325476132,0.151365014464577
"East Neighborhood, Arlington City, Texas, USA",0.0295974268192227,0.1401228694597125,0.17312265476644845,0.24316525145787332,0.2404257553482315,0.17356604214851143
"North Long Beach Neighborhood, Long Beach City, California, USA",0.030521994879498953,0.18011679820570872,0.1823067645627473,0.2386428556314932,0.22266773872749202,0.1457438479930598
"Estrella Neighborhood, Phoenix City, Arizona, USA",0.017703305046740715,0.10253839539142359,0.1873815043213986,0.2590880584158651,0.2555397544085253,0.17774898241604686
"Northeast Neighborhood, El Paso City, Texas, USA",0.0537721872998831,0.1817991782037008,0.17416456580750814,0.20996081317669268,0.24446528260868616,0.1358379729035291
"South Scottsdale Neighborhood, Scottsdale City, Arizona, USA",0.09033571784376163,0.23113353747758875,0.16316187513607605,0.30351794828980844,0.14249208528245985,0.06935883597030523
"Alafaya Neighborhood, Orlando City, Florida, USA",0.04838389949747062,0.15936213992215356,0.2297229451910204,0.2226428253626496,0.23838105011236788,0.10150713991433812
"Koreatown Neighborhood, Los Angeles City, California, USA",0.036916936012504446,0.16306057821215356,0.20435410605035997,0.3095212490474896,0.176350190383813,0.10979694029367935
"Flushing Neighborhood, New York City, New York, USA",0.08903831862808176,0.25894636945234034,0.21479619105570466,0.22335637481465942,0.11765233585235531,0.09621041019685866
"Westlake Neighborhood, Los Angeles City, California, USA",0.04530693015542393,0.15768282097970654,0.18240601460435132,0.30969223557916736,0.19073254511773216,0.11417945356361868
"Soundview Neighborhood, New York City, New York, USA",0.05729553468685536,0.18379235031959687,0.1718671433044943,0.2217473964071956,0.21301153037072912,0.15228604491112865
"Southeast Neighborhood, Arlington City, Texas, USA",0.01520123857741983,0.15984765111428823,0.20743576916107542,0.21668843278255584,0.2538852107087701,0.1469416976558905
"Northwest Neighborhood, El Paso City, Texas, USA",0.04972215592279006,0.17911596534939922,0.19730878611918182,0.2175645247788841,0.22029275841128576,0.1359958094184591
"Central City Neighborhood, Corpus Christi City, Texas, USA",0.06634418293688059,0.2333335403723279,0.18209292634239743,0.1886230475522897,0.19894024396202986,0.13066605883407453
"Canarsie Neighborhood, New York City, New York, USA",0.05737301409711345,0.23621615573953905,0.18772656075184604,0.20467666144551352,0.1845826806891922,0.1294249272767957
"Downtown Neighborhood, San Jose City, California, USA",0.039789593067696624,0.1530179133816639,0.190175565582046,0.30294696653153536,0.22901581817602779,0.08505414326103033
"Evergreen Neighborhood, San Jose City, California, USA",0.07369036236728323,0.22962570297743445,0.2233527009584966,0.16635930338969632,0.20218323701825833,0.10478869328883118
"Lower East Side Neighborhood, New York City, New York, USA",0.1097989125867098,0.2518755771372416,0.18578273155814845,0.23730287627127455,0.14473742133999395,0.07050248110663174
"Sun Valley Neighborhood, Los Angeles City, California, USA",0.042085488458616996,0.1984617098428716,0.21438388154102098,0.22642935973796183,0.21034363738796247,0.10829592303156617
"Northwest Raleigh Neighborhood, Raleigh City, North Carolina, USA",0.04962790165678904,0.1764263009372873,0.2341319631282544,0.26620620588318605,0.17129950340537534,0.10230812498910793
"Sylmar Neighborhood, Los Angeles City, California, USA",0.044471375574968275,0.2021880446129211,0.19850919675013948,0.21382682962856892,0.21812711365790324,0.12287743977549907
"Mid City Neighborhood, Los Angeles City, California, USA",0.05539939382239362,0.22018509391655222,0.2069989223587934,0.2772989210396078,0.15583976903787225,0.08427789982478062
"North Raleigh Neighborhood, Raleigh City, North Carolina, USA",0.07272747461741347,0.24239859377680495,0.2023726745836302,0.21067380483768883,0.16765914106409965,0.10416831112036298
"White Haven-Coro Lake Neighborhood, Memphis City, Tennessee, USA",0.06025485485155856,0.23366219674674135,0.167933150243162,0.19323875097438453,0.20870966756121784,0.13620137962293566
"North Valley Neighborhood, San Jose City, California, USA",0.05639932650859433,0.18850704408462365,0.19789159019953784,0.25609915638769054,0.18422767206487017,0.11687521075468335
"Northridge Neighborhood, Los Angeles City, California, USA",0.0628890678936623,0.2119111924532429,0.20254805040718335,0.20425060777792936,0.22900642808192614,0.08939465338605584
"West Neighborhood, Arlington City, Texas, USA",0.06739853065901695,0.2135194548977805,0.19055436093002778,0.20690740321352857,0.19049993059896328,0.13112031970068302
"Ahwatukee Foothills Neighborhood, Phoenix City, Arizona, USA",0.04632588937069257,0.22397356723335743,0.23561680116666622,0.19369017639593292,0.19518763987534327,0.10520592595800755
"San Pedro Neighborhood, Los Angeles City, California, USA",0.06519035903105715,0.2279065086614499,0.20267171960369437,0.22023400436330437,0.16678117894272787,0.11721622939776641
"Woodland Hills Neighborhood, Los Angeles City, California, USA",0.06698005202589633,0.21395685364692307,0.20997964954181342,0.24735489619612872,0.13899741875949523,0.12273112982974324
"Logan Square Neighborhood, Chicago City, Illinois, USA",0.028349948727376142,0.13907647024949396,0.17648481487614748,0.3893586799242077,0.15721849755644215,0.10951158866633258
"Sharpstown Neighborhood, Houston City, Texas, USA",0.039057876155563914,0.13899158370361,0.18678552380434926,0.2660274962652916,0.21450813637808802,0.15462938369309728
"Preston Hollow Neighborhood, Dallas City, Texas, USA",0.04458562261212311,0.17784933694691551,0.1960550708937234,0.2276814194976411,0.203788388961132,0.1500401610884649
"South Ozone Park Neighborhood, New York City, New York, USA",0.05519586239493692,0.24214759341906283,0.2069209492652297,0.21629393671316957,0.17739504464536948,0.10204661356223152
"Sheepshead Bay Neighborhood, New York City, New York, USA",0.08753125757995778,0.2754423539988812,0.18250605988583277,0.18516955930514611,0.15015834481507495,0.11919242441510718
"Northeast Raleigh Neighborhood, Raleigh City, North Carolina, USA",0.03336199788595248,0.17031660360610387,0.2076555495045967,0.2685993474430594,0.1865699871471497,0.13349651441313798
"North Hollywood Neighborhood, Los Angeles City, California, USA",0.04138868734493731,0.1716835593746314,0.19473747826779583,0.3386140607358831,0.16581026565877754,0.08776594861797472
"Gravesend Neighborhood, New York City, New York, USA",0.06985116478434453,0.22799394806199055,0.17722764603294847,0.18986301802110905,0.1773291824283352,0.15773504067127228
"Willow Glen Neighborhood, San Jose City, California, USA",0.05941744459366079,0.2230845633835149,0.20514418167190243,0.22969818362744424,0.1597243142314482,0.12293131249202949
"Canyon Country Neighborhood, Santa Clarita City, California, USA",0.037036424768755905,0.1867754604673882,0.20813336044732653,0.21805259302977062,0.2102399543603358,0.13976220692642313
"Sherman Oaks Neighborhood, Los Angeles City, California, USA",0.05000403279913644,0.2080940316076219,0.22424498362671785,0.2968563842964675,0.12794837275429516,0.09285219491576113
"Boyle Heights Neighborhood, Los Angeles City, California, USA",0.05462522364530026,0.16044545784621878,0.18815501715107386,0.2187747403932001,0.24532189392031026,0.13267766704389689
"Pacoima Neighborhood, Los Angeles City, California, USA",0.04060477994353989,0.1684115208529924,0.19105299274822615,0.23118645926497944,0.23322201866499292,0.13552222852526913
"Mira Mesa Neighborhood, San Diego City, California, USA",0.04857395842512934,0.21119257385841422,0.17460168466182963,0.2853494830922101,0.16059555205518558,0.119686747907231
"West Anaheim Neighborhood, Anaheim City, California, USA",0.05954291766969633,0.1999836623528246,0.1920374112983574,0.22149892199500096,0.21101707070845416,0.1159200159756665
"Forest Hills Neighborhood, New York City, New York, USA",0.09317347146879808,0.261614189221347,0.19856426411968284,0.22483159371880632,0.10384878049367804,0.11796770097768783
"Far Rockaway Neighborhood, New York City, New York, USA",0.0591518866333359,0.1998615333236808,0.15992656995987878,0.1857644640052454,0.22023930690441654,0.17505623917344254
"Little Village Neighborhood, Chicago City, Illinois, USA",0.04419924522783905,0.16504423450099226,0.18160130397616414,0.2631168695142202,0.22430434787119588,0.12173399890958846
"Southwest Neighborhood, Chula Vista City, California, USA",0.058962066210835794,0.18277522523898396,0.2031246087270286,0.214268224735033,0.20673166163310436,0.13413821345501428
"Cordova-Appling Neighborhood, Memphis City, Tennessee, USA",0.043637946405158376,0.20470036993270316,0.1758759146461446,0.24036786331925836,0.20493510159452327,0.13048280410221227
"Central Southwest Neighborhood, Houston City, Texas, USA",0.03070396539822492,0.18065856240031009,0.19319733986529125,0.22224760912264638,0.23056947024170368,0.14262305297182376
"West Rogers Park Neighborhood, Chicago City, Illinois, USA",0.05331943599556567,0.19381973760418197,0.19617760464230474,0.20983357671479894,0.19260491794116394,0.15424472710198472
"Blossom Valley Neighborhood, San Jose City, California, USA",0.06341180821452166,0.19964548208607708,0.20528922150912993,0.22437693304536038,0.19220828378265506,0.11506827136225584
"Santurce Neighborhood, San Juan City, Puerto Rico, USA",0.10913639677605841,0.24558668993466787,0.20989327218904627,0.17342240773590592,0.1624778979980076,0.09948333536631385
"Cambrian Park Neighborhood, San Jose City, California, USA",0.05575098829403538,0.20386562938719058,0.23894551730541957,0.1901145203121497,0.17957993291329283,0.13174341178791207
"Jackson Heights Neighborhood, New York City, New York, USA",0.06145680801689341,0.22489056728217632,0.23243011247463266,0.23096808407643585,0.13502551997274875,0.11522890817711294
"East Elmhurst Neighborhood, New York City, New York, USA",0.07020832113083035,0.23590854956168608,0.2071887385540522,0.22261270231749936,0.17272887014584432,0.09135281829008766
"Reseda Neighborhood, Los Angeles City, California, USA",0.051191470237358545,0.20031426813843117,0.20623116284508214,0.22588680505795938,0.1977560328196967,0.11862026090147212
"East Village Neighborhood, New York City, New York, USA",0.054978725237965334,0.2134687666560238,0.14082625359372986,0.3592800717022323,0.1917639069216391,0.03968227588840944
"Cedar Crest Neighborhood, Dallas City, Texas, USA",0.064285158847228,0.18470004537652215,0.16990237887128518,0.18389389061255876,0.23166412358686714,0.16555440270553892
"Midwood Neighborhood, New York City, New York, USA",0.059851882669199066,0.21307127487439784,0.16499554069494393,0.1948210263592888,0.20258561811553275,0.16467465728663752
"Laveen Neighborhood, Phoenix City, Arizona, USA",0.0196742333059928,0.14651655899903526,0.19715382134152531,0.2257965605492982,0.2385776775904419,0.17228114821370658
"Ridgewood Neighborhood, New York City, New York, USA",0.03914477655972189,0.1765228896173462,0.20145198422483257,0.28376351289323837,0.19664635993149335,0.10247047677336744
"Bath Beach Neighborhood, New York City, New York, USA",0.08397809525685038,0.233025851698859,0.2022184502049938,0.1989976534212381,0.1653049456349886,0.11647500378307016
"Princess Anne Neighborhood, Virginia Beach City, Virginia, USA",0.05160311736722083,0.20707204727118858,0.23074905988551095,0.1940648064837361,0.185340733736699,0.13117023525564453
"Centennial Hills Neighborhood, Las Vegas City, Nevada, USA",0.04469556826833025,0.21537184990320538,0.1902852404895311,0.22642752142696232,0.1954333574020827,0.12778646250988815
"Far Eastside Neighborhood, Indianapolis City, Indiana, USA",0.03449338154474151,0.18666370051073725,0.1826521732151145,0.2017147816830235,0.2532520181403894,0.14122394490599383
"Brentwood Neighborhood, Town of Islip City, New York, USA",0.0374613323860693,0.18037979367405235,0.210855053801637,0.24689549013513312,0.19935467637612303,0.12505365362698517
"Park Slope Neighborhood, New York City, New York, USA",0.04408441359471248,0.16686075083897137,0.2215062823301181,0.319089621489546,0.10912695175235287,0.13933197999429925
"South Dorchester Neighborhood, Boston City, Massachusetts, USA",0.052314854999517026,0.19056000605561998,0.19970200828064003,0.26602084795004255,0.19090296078572225,0.10049932192845822
"Southeast Colorado Springs Neighborhood, Colorado Springs City, Colorado, USA",0.030185725556467497,0.14101937990843846,0.15638451044828744,0.2729545301701104,0.23703109214179488,0.16242476177490128
"East Colorado Springs Neighborhood, Colorado Springs City, Colorado, USA",0.08161062552589766,0.21035368383815747,0.15160381108329246,0.2410452127469535,0.19954598092235765,0.11584068588334122
"Hickory Ridge-South Riverdale Neighborhood, Memphis City, Tennessee, USA",0.03151289534544941,0.14093822217128166,0.17119891326440345,0.2614802092352451,0.22664820569084693,0.1682215542927733
"Panorama City Neighborhood, Los Angeles City, California, USA",0.032982043805204427,0.17857486615551063,0.20629389625827016,0.23112190102105082,0.22318662302217837,0.12784066973778563
"Northeast Colorado Springs Neighborhood, Colorado Springs City, Colorado, USA",0.045614095931966574,0.20795139603526547,0.17551311325852814,0.23963493072218417,0.22099197544806334,0.11029448860399228
"South Belt - Ellington Neighborhood, Houston City, Texas, USA",0.025049020555354323,0.16073437830050175,0.1877224112386087,0.23560114993657708,0.24528517355276214,0.14560786641619602
"Greater Fondren Southwest Neighborhood, Houston City, Texas, USA",0.04357109620133602,0.1863637126672166,0.19572145972767296,0.2132948793352546,0.21473995526564424,0.14630889680287557
"Central Colorado Springs Neighborhood, Colorado Springs City, Colorado, USA",0.0633038639646665,0.20706904941532456,0.16217611342973376,0.2542605689299025,0.20091437494642134,0.11227602931395127
"Brownsville Neighborhood, New York City, New York, USA",0.05203820143418934,0.23250798643663284,0.1933773582313453,0.2332502687224122,0.17079453513803142,0.11803165003738889
"Woodward Park Neighborhood, Fresno City, California, USA",0.07349235725252773,0.2086936546944634,0.2023375420888647,0.21113568295398277,0.1875752249637021,0.11676553804645923
"Summerlin North Neighborhood, Las Vegas City, Nevada, USA",0.06326105913273285,0.23158378147841638,0.24870337539699272,0.16621837831488934,0.18492125892821593,0.10531214674875276
"Clear Lake Neighborhood, Houston City, Texas, USA",0.0659273512067697,0.2285896915729063,0.17693491223265959,0.2128019494070471,0.19180928878189973,0.1239368067987176
"Ozone Park Neighborhood, New York City, New York, USA",0.04483545669283176,0.21246245812285225,0.2005694868869063,0.21279246631531398,0.1976667281354984,0.1316734038465972
"Central City Neighborhood, Phoenix City, Arizona, USA",0.03117561412636994,0.1486644461911703,0.16497693444069575,0.2613958908056284,0.25264098084311126,0.14114613359302422
"Mclane Neighborhood, Fresno City, California, USA",0.036678059013824746,0.17338488127898766,0.15969447446577728,0.22802494135441245,0.22456239127579108,0.17765525261120682
"Oak Lawn Neighborhood, Dallas City, Texas, USA",0.0299999863352629,0.1427967907743391,0.1738740614967769,0.4721778284741642,0.14232615562005774,0.03882517729939916
"Kempsville Neighborhood, Virginia Beach City, Virginia, USA",0.061911518844047525,0.21443446325769924,0.16789277875077718,0.22635562890568237,0.21655276099543178,0.11285284924636196
"Gramercy Neighborhood, New York City, New York, USA",0.06589549198821047,0.1817652385524963,0.15527787635837723,0.3302501825534913,0.19148227336802856,0.075328937179396
"Midtown Neighborhood, Memphis City, Tennessee, USA",0.06609582493471512,0.23869250564684222,0.18737177744968456,0.2306688566530475,0.18307183278631348,0.09409920252939716
"Fresno High Roeding Neighborhood, Fresno City, California, USA",0.04540289541152185,0.17759555569265617,0.17482189444908472,0.23146946362899873,0.21598323413488962,0.15472695668284878
"Roxbury Neighborhood, Boston City, Massachusetts, USA",0.04697063334654309,0.19675974644096342,0.17568982678704922,0.23436732598850105,0.22953030485723164,0.11668216257971153
"Lake View Neighborhood, Chicago City, Illinois, USA",0.01978774673364477,0.10182818118093356,0.16284613318320415,0.4311438889495947,0.16613035369891072,0.118263696253712
"Parkway Neighborhood, Sacramento City, California, USA",0.05071513200755553,0.17489775439407382,0.1588657764444188,0.2187982111781755,0.21884434291258698,0.17787878306318944
"Encanto Neighborhood, Phoenix City, Arizona, USA",0.028199176559489926,0.17805451605668537,0.22188881384545273,0.29135119508057034,0.18587115247241684,0.09463514598538487
"Greater Uptown Neighborhood, Houston City, Texas, USA",0.09127274534597234,0.22027924391293308,0.1793499354232963,0.2967053603228091,0.1211983157605496,0.09119439923443967
"Westwood Neighborhood, Los Angeles City, California, USA",0.06688696722146192,0.13325290758545275,0.09036303394051524,0.16993998938685356,0.4896767165261663,0.049880385339550276
"Fairgrounds Neighborhood, San Jose City, California, USA",0.045318123989305785,0.18600180097115634,0.19339367581720873,0.25174607156885626,0.19896310570151649,0.1245772219519564
"Bay Ridge Neighborhood, New York City, New York, USA",0.06576975009738306,0.247605712181169,0.18911428911917766,0.2287432729317402,0.1517855385277119,0.11698143714281817
"Mission Neighborhood, San Francisco City, California, USA",0.04536000573865305,0.16034861807826759,0.22506447106258498,0.3875014452629745,0.10527192739291888,0.07645353246460092
"Tremont Neighborhood, New York City, New York, USA",0.031503773355675724,0.1631626527048052,0.1858386062719491,0.22258132925727142,0.23778649405006527,0.15912714436023334
"Kensington Neighborhood, New York City, New York, USA",0.055360949100262756,0.18283488322161992,0.19556452537058228,0.23410549666115466,0.18236467533140768,0.14976947031497279
"Northside-Northline Neighborhood, Houston City, Texas, USA",0.0366394374420329,0.17053039421893745,0.1672623551583817,0.21086306911004807,0.26136520207392305,0.15333954199667676
"Northwest Neighborhood, Chula Vista City, California, USA",0.06192042938471491,0.2013496397686796,0.18446981246778954,0.23485106937181963,0.19582349111371497,0.12158555789328129
"Santa Teresa Neighborhood, San Jose City, California, USA",0.04149055810858206,0.20364738546696026,0.20813949529304573,0.23217917866985782,0.17510300666511455,0.13944037579643975
"Maspeth Neighborhood, New York City, New York, USA",0.056574606449735935,0.2228125484653366,0.21563053263565343,0.20433878904602065,0.1852618660474246,0.11538165735582881
"Casas Adobes Neighborhood, Tucson City, Arizona, USA",0.11003020746146117,0.25631965005296525,0.15881077852902176,0.19778418546011536,0.18884817936243944,0.08820699913399713
"Desert View Neighborhood, Phoenix City, Arizona, USA",0.056422058723710804,0.21510973733844602,0.22755949851824644,0.17502933149453206,0.1915668888452532,0.13431248507981153
"North Hills Neighborhood, Los Angeles City, California, USA",0.04150393970537856,0.17709832134292566,0.20484755053100376,0.21209318259677973,0.2240150736553614,0.1404419321685509
"Winnetka Heights Neighborhood, Dallas City, Texas, USA",0.037973014606938346,0.1676602468688802,0.18025042286022114,0.19033826376886365,0.2772239537566817,0.146554098138415
"Briargate Neighborhood, Colorado Springs City, Colorado, USA",0.027781145838381233,0.1904424441440414,0.21069464751880798,0.20656112050972045,0.2119264700218535,0.15259417196719538
"Downtown Neighborhood, Los Angeles City, California, USA",0.06440819808267635,0.1755397879465122,0.20944003577661646,0.42034480997175805,0.10225791352193206,0.028009254700504936
"Lake Highlands Neighborhood, Dallas City, Texas, USA",0.03490769345912545,0.1369812890796329,0.17335003253491338,0.33570742968189615,0.19860171361397985,0.12045184163045207
"South Austin Neighborhood, Chicago City, Illinois, USA",0.06420257942369251,0.20543067298215953,0.1835403981842305,0.20600388767146288,0.19617548937059576,0.1446469723678588
"Mott Haven Neighborhood, New York City, New York, USA",0.04187381435790569,0.16692146457819132,0.1671396732442597,0.23612647570244463,0.22315347040062725,0.16478510171657143
"Rogers Park Neighborhood, Chicago City, Illinois, USA",0.032676692537955514,0.18150531466776604,0.20719138181361918,0.2615748624280772,0.20842818476760652,0.10862356378497554
"Raleigh Neighborhood, Memphis City, Tennessee, USA",0.0420139267648962,0.17399081810104156,0.16323098244204381,0.232238669295964,0.22276237425019899,0.16576322914585542
"Richmond Hill Neighborhood, New York City, New York, USA",0.050781582377164756,0.2386116418331415,0.19709523234520204,0.21703271165515933,0.19062491236608248,0.10585391942324991
"The Heights Neighborhood, Jersey City City, New Jersey, USA",0.049971323379770956,0.17409483635825423,0.1797561562228266,0.3234167730476772,0.14293907605779727,0.12982183493367375
"Valley Glen Neighborhood, Los Angeles City, California, USA",0.05362205728286506,0.20703586951083836,0.20782958540499177,0.24505610727491092,0.18092588931886214,0.10553049120753169
"Queens Village Neighborhood, New York City, New York, USA",0.08223705479557125,0.2438710557313577,0.19517911210383732,0.20038272251646264,0.18327051477095008,0.09505954008182109
"Chelsea Neighborhood, New York City, New York, USA",0.0737479436743,0.22967210385546707,0.2115467299865087,0.3221833931262165,0.10280223982226913,0.06004758953523868
"Memorial Neighborhood, Houston City, Texas, USA",0.05252762504549969,0.18159111433741776,0.21557114461691534,0.2174701768908368,0.1928792594968927,0.13996067961243766
"Archer Heights Neighborhood, Chicago City, Illinois, USA",0.046152071996162336,0.18469515826893676,0.17169716873435778,0.23084185204029323,0.22726361103462944,0.13935013792562057
"Hoover Neighborhood, Fresno City, California, USA",0.06105540495941321,0.16013546918288885,0.13240860879981303,0.2362269317562275,0.2871658584600286,0.12300772684162871
"University Heights Neighborhood, New York City, New York, USA",0.047225517317428994,0.18134234706764069,0.19930956273636724,0.23787181587513417,0.19528573627574264,0.13896502072768627
"Little Havana Neighborhood, Miami City, Florida, USA",0.10514529666525131,0.2157809520900622,0.2258325717006,0.2322632461282405,0.12987629304618745,0.0911016403696585
"Flagami Neighborhood, Miami City, Florida, USA",0.1158026981336078,0.2323682950048739,0.2236253027460974,0.2127704872524141,0.13512693352024735,0.08030628334275955
"Lone Mountain Neighborhood, Las Vegas City, Nevada, USA",0.05645043465556286,0.22627657243041857,0.20304624150777997,0.21018701146906274,0.18299364453210606,0.12104609540506976
"Flatlands Neighborhood, New York City, New York, USA",0.07563419879328892,0.2609990298838303,0.18694219248930272,0.19137087686827248,0.18067231309784582,0.10438138886745967
"Albany Park Neighborhood, Chicago City, Illinois, USA",0.03589825993817879,0.15306975716185442,0.19554732464815922,0.29583126750895866,0.1990742235133249,0.12057916722952415
"Central City Neighborhood, Los Angeles City, California, USA",0.022221152721049624,0.13982938367845427,0.199528486509112,0.23989020185536378,0.2527487184452622,0.14578205679075817
"Canoga Park Neighborhood, Los Angeles City, California, USA",0.042217743279186225,0.16639746876047018,0.2112550983797608,0.23745391868948615,0.21500727435179542,0.12766849653930126
"Bedford Park Neighborhood, New York City, New York, USA",0.04676711391443101,0.18922087736204132,0.1848030236129675,0.23876040363844417,0.19628851415472007,0.14416006731739595
"Michael Way Neighborhood, Las Vegas City, Nevada, USA",0.04192577522203016,0.17509209419604171,0.19529139888091335,0.23622997735238024,0.20814551117137306,0.14331524317726144
"Greenville Neighborhood, Jersey City City, New Jersey, USA",0.04852385776861441,0.2029551493138349,0.1972810004109242,0.20429211825144664,0.20619549579430968,0.14075237846087013
"Southwest Neighborhood, Arlington City, Texas, USA",0.04282674272599554,0.24997940483773334,0.21572594098667786,0.17215331920425134,0.21700453705706366,0.1023100551882783
"Woodlake - Briarmeadow Neighborhood, Houston City, Texas, USA",0.03786035096881441,0.13164413979629558,0.17320419294039713,0.35063682863788714,0.16215679285387927,0.1444976948027265
"University City Neighborhood, San Diego City, California, USA",0.06747383791676807,0.1278291555122901,0.15238906465482274,0.3134988237202888,0.26247262107568753,0.07633649712014277
"Carmel Valley Neighborhood, San Diego City, California, USA",0.027725137365791623,0.18138008656027743,0.271908720442292,0.18957542523522117,0.1985448004809508,0.13086582991546702
"Wilmington Neighborhood, Los Angeles City, California, USA",0.03649597184630435,0.15067294427524824,0.1933476728938247,0.21883100061307914,0.24415180549832058,0.156500604873223
"Granada Hills Neighborhood, Los Angeles City, California, USA",0.07946951973376139,0.24911528321581497,0.20550387385273175,0.18274384634592705,0.17646634152401292,0.106701135327752
"Oxford Circle Neighborhood, Philadelphia City, Pennsylvania, USA",0.03753573020166649,0.16411806001058254,0.18902296585057113,0.2250528312856552,0.22193458448336864,0.16233582816815603
"Downtown Neighborhood, Memphis City, Tennessee, USA",0.05327480375619381,0.2149068902185565,0.18065895767783524,0.2586456750999047,0.1855471786174364,0.10696649463007343
"Northeast Anaheim Neighborhood, Anaheim City, California, USA",0.038017124384957246,0.17220251279361712,0.21026464065200132,0.23504760663028507,0.2189680765641148,0.12550003897502437
"Woodside Neighborhood, New York City, New York, USA",0.07492762428858712,0.19386199678624888,0.22876634237886723,0.2673821031158276,0.13093140210467621,0.10413053132579296
"Rancho Penasquitos Neighborhood, San Diego City, California, USA",0.04491423499569196,0.23225743880535146,0.22751674027539348,0.1748890303043018,0.1909891494717499,0.12943340614751153
"West Neighborhood, Fresno City, California, USA",0.03385688039879344,0.14533918377041133,0.16801745505450788,0.25540061509120404,0.2360612711095725,0.1613245945755109
"North Highlands Neighborhood, Sacramento City, California, USA",0.049066984481785016,0.19335268315715728,0.1576574843102057,0.22708932883246505,0.2234515263743021,0.14938199284408496
"Bayside Neighborhood, New York City, New York, USA",0.08974254234329916,0.2719999944297348,0.20311971985279648,0.18754293746077605,0.151085319751789,0.09650948616160454
"Lower Valley Neighborhood, El Paso City, Texas, USA",0.08307523794748534,0.22480635183824296,0.15733726953816096,0.17261359885070457,0.23677074755081326,0.12539679427459285
"Brighton Neighborhood, Boston City, Massachusetts, USA",0.05785958568965688,0.11758192513671328,0.10431033696617278,0.44082199196671856,0.2314857041471034,0.047940456093635044
"North Neighborhood, Arlington City, Texas, USA",0.03415801467899494,0.17632279229586645,0.19356967516450396,0.29351672792912836,0.18092765200957903,0.1215051379219272
"Winnetka Neighborhood, Los Angeles City, California, USA",0.05305131853861857,0.2060052863194031,0.2034828880661225,0.23053897069034723,0.18393526888978798,0.12298626749572066
"Coney Island Neighborhood, New York City, New York, USA",0.14095734816466024,0.2810987282077407,0.15378637635822862,0.1546115791608338,0.16442732994826878,0.10511863816026788
"Highland Park Neighborhood, Los Angeles City, California, USA",0.04217754287273481,0.17986748938154878,0.21162961960951873,0.2926046115203708,0.1788423464403887,0.09487839017543803
"Fordham Neighborhood, New York City, New York, USA",0.029610364664707428,0.14707011559281719,0.17861821377095247,0.2377110183736715,0.2338676730859703,0.17312261451188102
"Encino Neighborhood, Los Angeles City, California, USA",0.08817644878881616,0.24786088185092775,0.22446168232347138,0.17647176449296914,0.14050381045949462,0.12252541208432106
"Almaden Valley Neighborhood, San Jose City, California, USA",0.07210582045040925,0.2361865726027112,0.24411772626631395,0.1276952950688667,0.2070638949563687,0.11283069065533026
"Greenwich Village Neighborhood, New York City, New York, USA",0.08347910252589102,0.2005692493685344,0.15983008225038792,0.2884101224351275,0.22329503986648405,0.04441640355357513
"Greater Heights Neighborhood, Houston City, Texas, USA",0.032298723606436375,0.18857563125035848,0.18144445357986433,0.37114041941150167,0.10152741364090655,0.12501335851093257
"Mid City West Neighborhood, Los Angeles City, California, USA",0.06575868615072182,0.17674716348064104,0.20504613482848438,0.3480641031301046,0.11445410798640236,0.08992980442364576
"Southwest Anaheim Neighborhood, Anaheim City, California, USA",0.06301505505955826,0.19077234748114444,0.18899994372275844,0.22648964691106324,0.20348880190787366,0.12723420491760204
"Golfcrest - Bellfort - Reveille Neighborhood, Houston City, Texas, USA",0.03993798624776,0.1933609996125884,0.18994965741446868,0.1845176516371191,0.21784995977684254,0.17438374531122122
"Valencia Neighborhood, Santa Clarita City, California, USA",0.06620903766429617,0.23949085864748837,0.21547235702723225,0.18092848734949846,0.18843842107873743,0.10946083823274742
"Hamilton Heights Neighborhood, New York City, New York, USA",0.045219727567734826,0.1889861658893881,0.18660383391478777,0.3445146822786865,0.15176885099293005,0.08290673935647286
"Gresham Neighborhood, Chicago City, Illinois, USA",0.08292506844419446,0.21092487348309696,0.17595222957118925,0.1928243231658228,0.2027280722666861,0.1346454330690105
"Downtown Neighborhood, Jersey City City, New Jersey, USA",0.029426779421087575,0.11003778940737824,0.16939106919550706,0.5047100600772095,0.0763882832743517,0.110046018624466
"Brighton Park Neighborhood, Chicago City, Illinois, USA",0.03382672421070425,0.16787028154751216,0.1717066205844873,0.24245456112790437,0.2312199040138242,0.1529219085155678
"South Shore Neighborhood, Chicago City, Illinois, USA",0.055456008620851927,0.23429791463503896,0.17343840957758244,0.2531998291834625,0.15752646140314172,0.12608137657992252
"Rego Park Neighborhood, New York City, New York, USA",0.09000783331878258,0.24997288651357621,0.17835332370334905,0.24799570915910835,0.11531346909974792,0.11835677820543591
"Alameda - West Flagler Neighborhood, Miami City, Florida, USA",0.11584264120393477,0.2339039369885892,0.22341186002136523,0.18250846201678125,0.14957329265745917,0.09475980711187039
"Valley High-North Laguna Neighborhood, Sacramento City, California, USA",0.032040649624786824,0.1775903715958682,0.1693466416468045,0.25026211638878787,0.23198577608216261,0.13877444466159
"Salem Neighborhood, Virginia Beach City, Virginia, USA",0.032399485209211216,0.18765480536460552,0.20654591872577147,0.24775085253438267,0.172524355032917,0.15312458313311225
"Brickell Neighborhood, Miami City, Florida, USA",0.042507076279351026,0.1831570984125195,0.20097167540616395,0.38723067923772647,0.10634689643057511,0.07978657423366385
"Gateway - Green Valley Ranch Neighborhood, Denver City, Colorado, USA",0.02337419251751923,0.13812230363623912,0.18117281837065444,0.2770663562281723,0.2292907849985163,0.15097354424889864
"Jamaica Plain Neighborhood, Boston City, Massachusetts, USA",0.051643665503710204,0.1926780886708681,0.17415326197413505,0.3426081660829972,0.1321553763571731,0.10676144141111636
"Parkchester Neighborhood, New York City, New York, USA",0.052398042998163155,0.1961332017868581,0.19325229046467088,0.23839476154518646,0.1785253634406046,0.1412963397645167
