longname,White %,Hispanic %,Black %,Asian %,Native %,Hawaiian / PI %,Other / Mixed %
"Northeast Dallas Neighborhood, Dallas City, Texas, USA",0.38956674399648883,0.33600434719000144,0.19650970802767154,0.03980186845570255,0.0026919138085982402,0.00039291909628607854,0.03503249942525132
"Paradise Neighborhood, Las Vegas City, Nevada, USA",0.3688923661562535,0.3221504414887672,0.12244998323460378,0.10550575611936962,0.0045467754554599305,0.013287135352632167,0.06316754219291382
"Upper West Side Neighborhood, New York City, New York, USA",0.6304551010137321,0.14763372636422462,0.06717772665180818,0.10283359695161406,0.0008492702566683442,0.00022467467107628155,0.05082590409087641
"Maryvale Neighborhood, Phoenix City, Arizona, USA",0.11499249902014227,0.7692040852183394,0.06662582049006402,0.015069536110573004,0.011906960819206112,0.0017614913659892509,0.020439606975686014
"Spring Valley Neighborhood, Las Vegas City, Nevada, USA",0.37173352428598383,0.22179376146078777,0.1247272392988296,0.20724007296197558,0.002786876521049143,0.009076702002583667,0.06264182346879037
"Sunrise Manor Neighborhood, Las Vegas City, Nevada, USA",0.2047976374903176,0.541552091402014,0.14774399690162665,0.053190356312935706,0.004071456235476375,0.00577556158017041,0.04286890007745933
"Upper East Side Neighborhood, New York City, New York, USA",0.7476331114604915,0.07931096972635683,0.023970103491680994,0.106121829250971,0.00041631769448158653,0.00023019919577217137,0.04231746918024597
"South Los Angeles Neighborhood, Los Angeles City, California, USA",0.022318733897681266,0.6337332842596001,0.29237148816096187,0.017980615875352716,0.0016586921850079745,0.0010403631456263034,0.030896822475769845
"East New York Neighborhood, New York City, New York, USA",0.031721696950576264,0.36606887576531366,0.46274241094755936,0.07286377663192972,0.0036922379201214644,0.0002859142848692189,0.06262508749963028
"Southeast Los Angeles Neighborhood, Los Angeles City, California, USA",0.011948316827519501,0.7986290712588574,0.16563111083075757,0.004999053806850439,0.0012983872663428584,0.0005782291469543094,0.016915830862717886
"Deer Valley Neighborhood, Phoenix City, Arizona, USA",0.6413075127042989,0.19111660486196952,0.042137069083917046,0.0630572723526988,0.011058920477956325,0.00176898777640434,0.04955363274275512
"Astoria Neighborhood, New York City, New York, USA",0.46694923750431655,0.25449198516224614,0.07019527464325896,0.15111227456528278,0.001320025397957024,0.0003453230998874915,0.05558587962705105
"Bedford Stuyvesant Neighborhood, New York City, New York, USA",0.2663008687700046,0.18740283493369914,0.43824874256973023,0.045656149977137635,0.00218907178783722,0.00035436671239140374,0.059847965249199817
"Enterprise Neighborhood, Las Vegas City, Nevada, USA",0.373713630500215,0.1903282212985524,0.09735416368066505,0.24445463666332234,0.0031073527303998854,0.014200945965314606,0.07684104916153074
"Paradise Valley Neighborhood, Phoenix City, Arizona, USA",0.6720255568986359,0.19180337305013526,0.024509296034075864,0.05731882806654003,0.007983652794566282,0.0011857479997697577,0.04517354515627698
"North Mountain Neighborhood, Phoenix City, Arizona, USA",0.49625927975284734,0.33115460875178676,0.0730333840549638,0.030969013694840227,0.020928436390464333,0.001648452990270669,0.04600682436482685
"Williamsburg Neighborhood, New York City, New York, USA",0.5836514492840886,0.23962259606700304,0.06022326320733132,0.0675991377753158,0.0009633795354102191,0.0003311617152972628,0.047609012415553764
"Washington Heights Neighborhood, New York City, New York, USA",0.2054322952940006,0.634968328192883,0.09353629821244984,0.0340330978675422,0.000862269094285809,0.00028521208503299835,0.030882499253805592
"Southeast Dallas Neighborhood, Dallas City, Texas, USA",0.07100320659642693,0.7058149874700224,0.20463609172482553,0.00256662445097141,0.002034437228853979,0.0002559887903856,0.013688663738514188
"Alhambra Neighborhood, Phoenix City, Arizona, USA",0.31608218860250714,0.4755119727584772,0.09492224019216465,0.04956974498604486,0.024518735370988323,0.0015558785595840073,0.037839239530233854
"Camelback East Neighborhood, Phoenix City, Arizona, USA",0.5438948537068068,0.29302771399215266,0.06324086141624775,0.02955515560244661,0.02286628464249019,0.002392822910417399,0.04502230772943862
"Hollywood Neighborhood, Los Angeles City, California, USA",0.36369847575578285,0.41368016228552107,0.05234835037894796,0.12147465697461471,0.0019229143774828839,0.0011481137125630406,0.04572732651508748
"East Side Neighborhood, El Paso City, Texas, USA",0.08965224766751484,0.8614362454057111,0.024971727452643484,0.010277070964093865,0.0018871925360474978,0.0009754028837998304,0.010800113090189425
"Jamaica Neighborhood, New York City, New York, USA",0.02092128313374113,0.24141322764998133,0.39186841273943884,0.22244478906407053,0.01145142299187272,0.0012636052956549208,0.11063725912524051
"Roosevelt Neighborhood, Fresno City, California, USA",0.10098675180952656,0.6290723377205022,0.05143245156536689,0.19036508372220698,0.005446638831500932,0.000946299319531329,0.021750437031365123
"Crown Heights Neighborhood, New York City, New York, USA",0.2595415393367418,0.12417676189364821,0.5101560049886589,0.034059995186381836,0.0014951389749910656,0.0002552676298765234,0.07031529198970177
"Flatbush Neighborhood, New York City, New York, USA",0.14172789196585264,0.1681712721972694,0.5528123977512716,0.06857729260239745,0.0020226657544840715,0.00025283321931050893,0.06643564650941432
"North Scottsdale Neighborhood, Scottsdale City, Arizona, USA",0.8083209622201352,0.06569061108249766,0.015534583573181446,0.06542551579967885,0.0023631350925561244,0.0005832096222013512,0.04208198260974945
"Harlem Neighborhood, New York City, New York, USA",0.1589039169264668,0.23269496730034459,0.5136619707304877,0.039302094809466885,0.0021018416508442527,0.000586015330161037,0.05274919325222881
"South Mountain Neighborhood, Phoenix City, Arizona, USA",0.17208131471454355,0.6076675849403123,0.14214242740888508,0.0260678889205535,0.016821823248155537,0.004575535923498306,0.030643424844051803
"East Harlem Neighborhood, New York City, New York, USA",0.1501980412793547,0.4521366766022062,0.2787039343129615,0.07883087355084399,0.0018799861812981546,0.00021692148245747937,0.038033566590878046
"Williamsbridge Neighborhood, New York City, New York, USA",0.05705062669553947,0.36430451687690685,0.5096238216755351,0.029994445473060544,0.0023586614395079814,0.0002576012493660594,0.03641032659008396
"South Side Neighborhood, Corpus Christi City, Texas, USA",0.29439898582459373,0.5896952534615322,0.04400796852104908,0.04179357579150134,0.0027659329261265414,0.0010783845634600505,0.026259898911737103
"Bushwick Neighborhood, New York City, New York, USA",0.23096677366907076,0.5117271855588443,0.14923083336807438,0.06110810022095302,0.0020260974694626256,0.0007420686205027723,0.04419894109309209
"Corona Neighborhood, New York City, New York, USA",0.03784143449405422,0.7592769522119667,0.0697114974493713,0.11177554467438965,0.0015525566000716565,0.0001876716769317387,0.019654342893214816
"East Flatbush Neighborhood, New York City, New York, USA",0.02373552815819132,0.07229944332502306,0.8060346299648236,0.01594037088897237,0.0021259519825142584,0.0003671322700727434,0.07949694341040266
"Borough Park Neighborhood, New York City, New York, USA",0.6469094753200756,0.1082880815345555,0.009947866313687577,0.1736675189967202,0.00046080034695555536,0.00010842361104836596,0.060617833876957274
"Concourse Neighborhood, New York City, New York, USA",0.022602609318476477,0.6475062785025885,0.2842416384851809,0.02082558909127175,0.0013690308893260922,0.00022666074326590932,0.023228192969890385
"East San Jose Neighborhood, San Jose City, California, USA",0.05288465992791824,0.5393809122325888,0.018993264339914575,0.3644205201374927,0.0021958066578340266,0.004993838770348272,0.01713099793390344
"Elmhurst Neighborhood, New York City, New York, USA",0.05081947333563427,0.39590309972668675,0.014990252138466274,0.5167952389392088,0.0012966055054429446,0.00014924955458336055,0.020046080799977613
"Sunset Park Neighborhood, New York City, New York, USA",0.09138571188685934,0.41755135548631456,0.01727708640408978,0.45453103718491705,0.0010355057186036533,0.00016791984626005188,0.018051383472955575
"Bensonhurst Neighborhood, New York City, New York, USA",0.37851066418350443,0.16324295995432977,0.01137076170065417,0.4114811937895988,0.0005895950511450311,0.00018717303210953365,0.03461765228865825
"Bullard Neighborhood, Fresno City, California, USA",0.40377932640832503,0.3797922497511129,0.0634145425174221,0.1033867423032853,0.0052313240791179065,0.001822041061667637,0.04257377387906907
"Van Nuys Neighborhood, Los Angeles City, California, USA",0.22902857789385353,0.6166357096387928,0.0496978154081142,0.07075173720783323,0.0013105665607527743,0.0010654246141371475,0.03151016867651634
"Alief Neighborhood, Houston City, Texas, USA",0.05894975775378629,0.5096612367909052,0.2179452943196124,0.18693014916262923,0.0009823370083546332,0.00045778812039827565,0.025073436844313887
"East Memphis-Colonial-Yorkshire Neighborhood, Memphis City, Tennessee, USA",0.4748051547187283,0.08761285593024153,0.3791573423875299,0.023198163438536923,0.001263600586465005,0.0003858322401419863,0.033577050698356356
"West San Jose Neighborhood, San Jose City, California, USA",0.26171316612853246,0.19647730339774283,0.030868578625908413,0.46213900856683027,0.001199556164219239,0.003238801643391945,0.04436358547337485
"Southwest Dallas Neighborhood, Dallas City, Texas, USA",0.10505121865065348,0.5512741585507392,0.30360801332189535,0.016046828480597467,0.002139577130746329,0.0003835091083413231,0.021496694757026792
"South Bronx Neighborhood, New York City, New York, USA",0.016817096369449953,0.5628263245234144,0.38834136074796616,0.0055854616100700204,0.0018517019468166915,0.00034403205569271864,0.024234022746590034
"East Neighborhood, Arlington City, Texas, USA",0.1590606953321918,0.5307624405755793,0.2155232007827539,0.0649919703914833,0.00289278611462665,0.0011167005221904348,0.025652206281174556
"North Long Beach Neighborhood, Long Beach City, California, USA",0.07081974225977221,0.5955724292818566,0.17634351104219026,0.1089032672049623,0.001946419977541308,0.0163306775038768,0.030083952729800544
"Estrella Neighborhood, Phoenix City, Arizona, USA",0.13077698428016898,0.7316691329430183,0.08674858993330331,0.015162238092174398,0.011494992386712132,0.0019837440219605826,0.02216431834266229
"Northeast Neighborhood, El Paso City, Texas, USA",0.15451848029413662,0.7413833881614311,0.05807478122513922,0.014491818787761509,0.002418886667096691,0.0033756907265260487,0.02573695413790879
"South Scottsdale Neighborhood, Scottsdale City, Arizona, USA",0.7301279356764855,0.15369526088315497,0.025684137916168182,0.03240965283840441,0.01230855455319516,0.0014227050797038187,0.04435175305288798
"Alafaya Neighborhood, Orlando City, Florida, USA",0.3817849573980364,0.38404480775052985,0.1011958825310324,0.07807837031270273,0.0010488300679036373,0.0008109510834306474,0.053036200856364346
"Koreatown Neighborhood, Los Angeles City, California, USA",0.10017513515865505,0.46729541276419845,0.0490160885030839,0.35282663794885183,0.001577304223911932,0.0006417996497296827,0.028467621751569146
"Flushing Neighborhood, New York City, New York, USA",0.06128027114196687,0.1309134641666211,0.028327775651888702,0.7625758486852895,0.0006559886295304214,0.00010933143825507024,0.01613732028644837
"Westlake Neighborhood, Los Angeles City, California, USA",0.08959885228714892,0.6188710478397617,0.05972521105777189,0.2029134249296474,0.0023285328036197098,0.0005297136235722562,0.026033217458478176
"Soundview Neighborhood, New York City, New York, USA",0.01774298616554968,0.611442956354683,0.2728798401254265,0.05624316834306787,0.0034448112530500933,0.00035331397467180443,0.037892923783551025
"Southeast Neighborhood, Arlington City, Texas, USA",0.22797125483692648,0.2860033167495854,0.3201326699834163,0.12049751243781094,0.002177998894416805,0.0013598673300165838,0.04185737976782753
"Northwest Neighborhood, El Paso City, Texas, USA",0.22311072448251248,0.7013740185581727,0.02316425767309065,0.0295436295503212,0.0019294254104211277,0.0006580121341898644,0.020219932191291937
"Central City Neighborhood, Corpus Christi City, Texas, USA",0.13015152869658503,0.8067338637582693,0.043380118004648666,0.004536921151439299,0.002447255497943858,0.000435812622921509,0.012314500268192384
"Canarsie Neighborhood, New York City, New York, USA",0.038785588139349146,0.07982092037030787,0.7972305650232286,0.020956366213343233,0.0012711054117594124,0.00010123848412243108,0.06183421635788929
"Downtown Neighborhood, San Jose City, California, USA",0.26289462237586136,0.43141182665232025,0.04569492456674527,0.20809963141869461,0.0035713468098257824,0.0029990155903024196,0.04532863258625031
"Evergreen Neighborhood, San Jose City, California, USA",0.13304670888146367,0.1807836997920415,0.020258429329158587,0.6324742388485174,0.001179989251583055,0.0027338364838656913,0.029523097413370097
"Lower East Side Neighborhood, New York City, New York, USA",0.22980573196166193,0.25451690764652124,0.08772525953178825,0.39451175216178846,0.0009256438497410541,0.0004100953764675556,0.032104609472031496
"Sun Valley Neighborhood, Los Angeles City, California, USA",0.23594759618234631,0.6335763827138539,0.021886300314185786,0.08567194261663406,0.0013634477443831882,0.0008892050506846879,0.020665125377912145
"Northwest Raleigh Neighborhood, Raleigh City, North Carolina, USA",0.6337466731909916,0.08737423766842903,0.16449653295778682,0.06301543161990238,0.00201697120147036,0.00038191170678728714,0.04896824165463247
"Sylmar Neighborhood, Los Angeles City, California, USA",0.11304076289303644,0.7848718503038601,0.026891018712017486,0.05464677764166126,0.0024260767216737525,0.00039633926641204873,0.017727174461338906
"Mid City Neighborhood, Los Angeles City, California, USA",0.21141255767883457,0.37824028217331435,0.1584446645568091,0.19933322059285385,0.001606551832435436,0.0005918875172130553,0.05037083564853961
"North Raleigh Neighborhood, Raleigh City, North Carolina, USA",0.6791831994580471,0.08347043453014613,0.15571470047420885,0.03492451369399013,0.0015363398819316753,0.00016936030194522405,0.04500145165973096
"White Haven-Coro Lake Neighborhood, Memphis City, Tennessee, USA",0.02127400479791522,0.025889258271532777,0.9295047431166965,0.0013760518272263422,0.0016804880721879225,0.00012177449798463206,0.020153679416456606
"North Valley Neighborhood, San Jose City, California, USA",0.07932813055143771,0.30324785905933377,0.02045991938546733,0.5671563162343947,0.0018499687588057288,0.0030016049397841296,0.024956201070776618
"Northridge Neighborhood, Los Angeles City, California, USA",0.35881101422896705,0.3519732392114422,0.05562456187817446,0.18712874940046487,0.0014265861547354051,0.0015741640328114815,0.0434616850934045
"West Neighborhood, Arlington City, Texas, USA",0.5547257560471468,0.21132409754177023,0.13677747976082089,0.04601491178424666,0.0037156426093161742,0.0008243313073648466,0.04661778094933438
"Ahwatukee Foothills Neighborhood, Phoenix City, Arizona, USA",0.635705504712471,0.15949137599185406,0.060448771280624855,0.06683140653909675,0.0200916417280302,0.00199923011014392,0.05543206963777924
"San Pedro Neighborhood, Los Angeles City, California, USA",0.336584941533185,0.4777130217588508,0.06428243013184547,0.06482919737054664,0.003193617735140979,0.00423744609993414,0.04915934537049693
"Woodland Hills Neighborhood, Los Angeles City, California, USA",0.6114265789998008,0.1435046822076111,0.05514046622833234,0.1235803945008966,0.001394700139470014,0.000809424188085276,0.06414375373580394
"Logan Square Neighborhood, Chicago City, Illinois, USA",0.4068774376403015,0.4708611846148058,0.048784158316507606,0.03618053900851528,0.0011913868997604686,0.0002382773799520937,0.03586701614015726
"Sharpstown Neighborhood, Houston City, Texas, USA",0.09134234517447344,0.6122602955045583,0.11795033008487897,0.15766111285759196,0.0013077648538195536,0.00023891857906318766,0.01923923294561459
"Preston Hollow Neighborhood, Dallas City, Texas, USA",0.3556431285745359,0.5605256087106721,0.03167982394411249,0.02615248794093939,0.00159934490832555,0.00019192138899906599,0.02420768453241552
"South Ozone Park Neighborhood, New York City, New York, USA",0.04501154142087715,0.1743139266478584,0.2348294434470377,0.24361374711464479,0.028943318799692228,0.0016927417286483715,0.27159528084124135
"Sheepshead Bay Neighborhood, New York City, New York, USA",0.5890773920537127,0.08600974957233076,0.06397674508341158,0.21969979549050125,0.0006302493986906247,0.0001286223262633928,0.04047744607508971
"Northeast Raleigh Neighborhood, Raleigh City, North Carolina, USA",0.29752863946453856,0.22981078645900374,0.3666881194490925,0.05899086111468658,0.0030248423220491697,0.0005277384476766637,0.04342901274295276
"North Hollywood Neighborhood, Los Angeles City, California, USA",0.32765902486277043,0.5023312883435583,0.06406199547949629,0.06332579916047788,0.0016273813367775267,0.0012399095899257345,0.03975460122699387
"Gravesend Neighborhood, New York City, New York, USA",0.5104730036444756,0.13996861341322647,0.03972608069724914,0.274373240989326,0.0004928472303282622,0.0001167269756040621,0.03484948704979054
"Willow Glen Neighborhood, San Jose City, California, USA",0.4404897937983691,0.29736924115722224,0.03294291798680725,0.1681685971017504,0.0018049135199709136,0.003869526826988002,0.055355009608892114
"Canyon Country Neighborhood, Santa Clarita City, California, USA",0.3554311542907613,0.4421685651569664,0.05330493174526893,0.10227169409411489,0.0020521879180683458,0.0014287384239716331,0.04334272837084854
"Sherman Oaks Neighborhood, Los Angeles City, California, USA",0.6416486070132379,0.16525235645839317,0.05117627092091177,0.0777304890467114,0.0013185722864826757,0.0008485861249640982,0.06202511814929894
"Boyle Heights Neighborhood, Los Angeles City, California, USA",0.026382978723404255,0.9282978723404255,0.012526595744680851,0.02163563829787234,0.0012632978723404256,0.0005452127659574468,0.009348404255319149
"Pacoima Neighborhood, Los Angeles City, California, USA",0.03544340917876328,0.891323762679783,0.03208434971541302,0.028711960651017714,0.0012663120992788687,0.0003598992282160995,0.010810306447528025
"Mira Mesa Neighborhood, San Diego City, California, USA",0.2396424459944471,0.14162659985101916,0.034211417349495496,0.5113293153653417,0.001530439493465159,0.004753843028374077,0.06690593891785739
"West Anaheim Neighborhood, Anaheim City, California, USA",0.19511633264224834,0.4925809992276109,0.03833489166226269,0.23377644077672535,0.002290065991842487,0.006477228071601827,0.03142404162770844
"Forest Hills Neighborhood, New York City, New York, USA",0.47383618469213457,0.15668465146544477,0.029878263698722988,0.28555160914242333,0.000542255239541252,0.00014912019087384433,0.053357915570859206
"Far Rockaway Neighborhood, New York City, New York, USA",0.19432150881732144,0.27130115067746985,0.4506434261591884,0.02328589909443726,0.003976305576360046,0.0006808742425274052,0.055790835432695585
"Little Village Neighborhood, Chicago City, Illinois, USA",0.033464268485976154,0.8585900351457515,0.09549996554338089,0.0029494865963751635,0.0014058300599545173,0.00016539177175935497,0.007925022396802426
"Southwest Neighborhood, Chula Vista City, California, USA",0.10908764069802815,0.7736801349594845,0.028028983102408804,0.05709505240742277,0.0018390995326198181,0.0036781990652396362,0.026590890234796317
"Cordova-Appling Neighborhood, Memphis City, Tennessee, USA",0.371912403090024,0.13347572223069776,0.40858216717750995,0.0426611930155472,0.0014839881835707251,0.00037446430800382787,0.04151006199464655
"Central Southwest Neighborhood, Houston City, Texas, USA",0.03651006711409396,0.54369480748852,0.3749487813493465,0.027071706110914872,0.0009466619569056871,0.00033910279053338044,0.016488873189685622
"West Rogers Park Neighborhood, Chicago City, Illinois, USA",0.360807774326974,0.19394312375663722,0.14389374704813157,0.2581757810822802,0.0022756222180876184,8.587253653160825e-05,0.040818079031357785
"Blossom Valley Neighborhood, San Jose City, California, USA",0.3162331476081873,0.3189035480239037,0.03715465227056208,0.26780507520424957,0.0022373625104650826,0.003276653483068218,0.05438956089956407
"Santurce Neighborhood, San Juan City, Puerto Rico, USA",0.03418242296918768,0.9505864845938375,0.006083683473389356,0.004756069094304388,0.0002188375350140056,1.4589169000933708e-05,0.004157913165266106
"Cambrian Park Neighborhood, San Jose City, California, USA",0.47127633064102376,0.19669007168091002,0.01783960480218121,0.24538618273501517,0.0017443820636479574,0.0025945850862662896,0.0644688429909556
"Jackson Heights Neighborhood, New York City, New York, USA",0.162830399717431,0.5351886736916466,0.015997527521045506,0.25313475010301995,0.0015600164831930299,0.00022075704950844764,0.031067875434155533
"East Elmhurst Neighborhood, New York City, New York, USA",0.08885084275467131,0.5843640227883224,0.08120553768043215,0.21716799008176638,0.0018301502494317678,0.00023614841928151843,0.026345308026094402
"Reseda Neighborhood, Los Angeles City, California, USA",0.24752637539488587,0.5429755021755975,0.03899684091315492,0.13317339214400667,0.001579543422542767,0.0006854622399713894,0.035062883709840856
"East Village Neighborhood, New York City, New York, USA",0.4889264910678187,0.24529432024078704,0.07560533684730687,0.1414623919977239,0.0014674832661984696,0.000823587547356284,0.046420389032808734
"Cedar Crest Neighborhood, Dallas City, Texas, USA",0.024902454089395742,0.5002335075852302,0.4538182256436524,0.0029828710887479476,0.0015968905828650628,0.00018078006598472407,0.016285270944123895
"Midwood Neighborhood, New York City, New York, USA",0.6356150748767135,0.07816435174712331,0.10431464808698668,0.1260763998853851,0.0006786409084739628,0.00012064727261759339,0.055030237222699785
"Laveen Neighborhood, Phoenix City, Arizona, USA",0.1963843785839319,0.5098991971992515,0.18532323293293898,0.04687028430011469,0.017293414619424158,0.0031085893643991065,0.04112090299993964
"Ridgewood Neighborhood, New York City, New York, USA",0.4049691693870149,0.43989541772457985,0.029561117156329343,0.09054225607544432,0.0009370088260186193,0.0003929391851045823,0.0337020916455084
"Bath Beach Neighborhood, New York City, New York, USA",0.39476904252064854,0.14235240134597738,0.015325787702661364,0.4140562863260936,0.0005659223003976751,0.00019883756500458855,0.03273172223921689
"Princess Anne Neighborhood, Virginia Beach City, Virginia, USA",0.7285458469167547,0.06988383305018596,0.08373509649968625,0.049543137885118695,0.001851936881093408,0.0014386947671304162,0.06500145400003061
"Centennial Hills Neighborhood, Las Vegas City, Nevada, USA",0.5393365511728717,0.1969287053832201,0.10767977372644265,0.06433117102714668,0.0041350262858548285,0.007501460325268238,0.08008731207919574
"Far Eastside Neighborhood, Indianapolis City, Indiana, USA",0.24125019340863377,0.16817267522822218,0.5348290267677549,0.0072102738666254065,0.0018721955748104595,0.00069627108154108,0.04596936407241219
"Brentwood Neighborhood, Town of Islip City, New York, USA",0.0922805551687323,0.7568119574803881,0.10724287858391744,0.018165219947701497,0.0014080366398984976,0.00012378344087019758,0.02396756873849201
"Park Slope Neighborhood, New York City, New York, USA",0.6698498684414177,0.1253056802352577,0.050859000154774806,0.08407367280606717,0.000820306454109271,0.0003250270855904659,0.06876644482278285
"South Dorchester Neighborhood, Boston City, Massachusetts, USA",0.25809200638373697,0.16386990811757232,0.3349292675746448,0.13729682827437673,0.0024946156587489733,0.0002943956367467733,0.10302297835417344
"Southeast Colorado Springs Neighborhood, Colorado Springs City, Colorado, USA",0.39084567756093735,0.37893251822243124,0.1207304647699663,0.02851320636413512,0.00663061368445803,0.006567912845834313,0.06777960655223764
"East Colorado Springs Neighborhood, Colorado Springs City, Colorado, USA",0.6497433608569516,0.19595434692511238,0.055998342206777824,0.020323907291102113,0.005435648930404565,0.002933018777696305,0.06961137501195523
"Hickory Ridge-South Riverdale Neighborhood, Memphis City, Tennessee, USA",0.053524595407151536,0.12238533870658223,0.7973357640887866,0.007020405552357193,0.0011194268534510331,0.00015991812192157616,0.01845455126974989
"Panorama City Neighborhood, Los Angeles City, California, USA",0.09203092238992301,0.721938571359977,0.026424878759263113,0.1414555290577634,0.0015045055138526544,0.0007842635125402135,0.015861329406680644
"Northeast Colorado Springs Neighborhood, Colorado Springs City, Colorado, USA",0.7045012615102769,0.15184726887042602,0.04179857618075755,0.027062207723335528,0.004853198772237131,0.0017034406286660132,0.06823404631430087
"South Belt - Ellington Neighborhood, Houston City, Texas, USA",0.13404972812494959,0.5641286283621343,0.15952692127724802,0.11830195072365556,0.001290801426335576,0.0002581602852671152,0.02244380980040983
"Greater Fondren Southwest Neighborhood, Houston City, Texas, USA",0.10681979711830458,0.42776377851004715,0.38818892550235834,0.052642631000839955,0.0010984040834787104,0.00011307100859339665,0.02337339277637785
"Central Colorado Springs Neighborhood, Colorado Springs City, Colorado, USA",0.6477162450669599,0.1944102995406612,0.06163873972957236,0.019845377498867826,0.007811994565568998,0.0022643462508895647,0.06631299734748011
"Brownsville Neighborhood, New York City, New York, USA",0.01425889360049202,0.22935616482698346,0.6903020101641149,0.010099375263004563,0.002557213608260771,0.0003398828213511151,0.05308645971579322
"Woodward Park Neighborhood, Fresno City, California, USA",0.5199142908549651,0.23359013363429673,0.031143170256963868,0.15684446407249292,0.004007393231594616,0.0009650457169962543,0.05353550223269051
"Summerlin North Neighborhood, Las Vegas City, Nevada, USA",0.6041512353299425,0.13199348180336773,0.047964709561667734,0.14346616627985448,0.0024690138758579824,0.0038681217388441724,0.06608727141046533
"Clear Lake Neighborhood, Houston City, Texas, USA",0.5164545708970582,0.23584610572411635,0.0772599311854864,0.11899313501144165,0.002304792321749008,0.0006914376965247024,0.048450027163623795
"Ozone Park Neighborhood, New York City, New York, USA",0.12987163177980804,0.37881015711477145,0.07436105007517058,0.2891341340514464,0.011977729683292306,0.00034694113565398406,0.11549835615985726
"Central City Neighborhood, Phoenix City, Arizona, USA",0.25421376164981163,0.5473263269218058,0.12319056117390442,0.01895366514640756,0.022820411130940577,0.0015533082160089893,0.03194196576112103
"Mclane Neighborhood, Fresno City, California, USA",0.1991488938932309,0.5393429593323619,0.0565141078288515,0.15987216849913896,0.007335408663399125,0.0014405881573718374,0.03634587362564578
"Oak Lawn Neighborhood, Dallas City, Texas, USA",0.609904736392707,0.19874767700781865,0.07939192017278039,0.06877731085402401,0.0031140651944616517,0.0005022685797518794,0.03956202179845636
"Kempsville Neighborhood, Virginia Beach City, Virginia, USA",0.5165387135249551,0.09654442521880827,0.252742453004519,0.05878004938935273,0.003242226216674786,0.0016463117576897878,0.0705058208880004
"Gramercy Neighborhood, New York City, New York, USA",0.6315142534812844,0.1085554563976494,0.05066594823957298,0.1565441411709239,0.0008587448854164913,0.0024415295761841416,0.04941992624896867
"Midtown Neighborhood, Memphis City, Tennessee, USA",0.3488206949023586,0.04510947670978105,0.5501563952996872,0.015690252768619496,0.0025868627948262743,0.0002705215994589568,0.037365795925268404
"Fresno High Roeding Neighborhood, Fresno City, California, USA",0.22473420090159055,0.6029429276175895,0.07578463893850472,0.04807348813472825,0.009083949987241643,0.0013779025261546312,0.0380028918941907
"Roxbury Neighborhood, Boston City, Massachusetts, USA",0.06707805601486456,0.32763411349572985,0.47800146600071597,0.023302592775684843,0.0027785827523311114,0.00018751171948246765,0.1010176772411912
"Lake View Neighborhood, Chicago City, Illinois, USA",0.7495939685090524,0.09561827911032089,0.036927495597763836,0.06879455661361189,0.0009060913271673534,8.548031388371258e-05,0.04807412852819996
"Parkway Neighborhood, Sacramento City, California, USA",0.13266092436255286,0.41692210216278236,0.15499083857047452,0.21259653749336438,0.0050858776991968765,0.02967618199565046,0.04806753771597856
"Encanto Neighborhood, Phoenix City, Arizona, USA",0.4387273818711946,0.3991252894262928,0.06062944858931481,0.029585798816568046,0.026327073149815625,0.0010805248263442244,0.04452448332046994
"Greater Uptown Neighborhood, Houston City, Texas, USA",0.5831522301562662,0.17353133947359342,0.08456655972955258,0.11268067197902652,0.0019662630653006314,0.000258718824381662,0.04384421677187899
"Westwood Neighborhood, Los Angeles City, California, USA",0.5114894795127354,0.12667843300110743,0.037046650055370986,0.27258098006644516,0.002474390919158361,0.001315060908084164,0.048415005537098564
"Fairgrounds Neighborhood, San Jose City, California, USA",0.13691130058760964,0.44269498352251924,0.030862583041272165,0.35394326166936935,0.002284179874806019,0.0026503461142787397,0.0306533451901449
"Bay Ridge Neighborhood, New York City, New York, USA",0.5667522576813568,0.19860608918933081,0.02225366381945536,0.16971475484287935,0.0008384425928837185,6.987021607364321e-05,0.04176492165802023
"Mission Neighborhood, San Francisco City, California, USA",0.3935497396834271,0.34704217477899296,0.03579789650232363,0.16040043327859116,0.0021838638666620076,0.0022188056885286,0.05880708620147455
"Tremont Neighborhood, New York City, New York, USA",0.01418092053432308,0.6892977818239114,0.2582503195083948,0.01255274076927117,0.002503545230133581,0.0002275950209212346,0.022987097113044697
"Kensington Neighborhood, New York City, New York, USA",0.42696275021453217,0.16250153237246284,0.06192536032643912,0.2844083291010665,0.0013484877672895396,7.005131258646959e-05,0.06278348890562337
"Northside-Northline Neighborhood, Houston City, Texas, USA",0.06375856569515764,0.8323139206785959,0.0871729262693002,0.004749469847000473,0.0015948404283285722,0.00026288578488932506,0.010147391296727948
"Northwest Neighborhood, Chula Vista City, California, USA",0.17355835862528726,0.7057069174225014,0.03515727794249224,0.049472816266381295,0.0023859230539815092,0.003947299170189996,0.02977140751916633
"Santa Teresa Neighborhood, San Jose City, California, USA",0.31836562467034707,0.26222792643904497,0.03240268645170365,0.31959632898484475,0.0017405675305038856,0.004360209571363269,0.061306656352192415
"Maspeth Neighborhood, New York City, New York, USA",0.396758925272289,0.33693452747523445,0.015044076504847535,0.2272447345732233,0.0007566026780215719,0.00033431281121883415,0.02292682068516531
"Casas Adobes Neighborhood, Tucson City, Arizona, USA",0.6519414048711614,0.23693963995764208,0.02209671726085422,0.03956936110130604,0.00598305683021532,0.0015884221673138016,0.04188139781150724
"Desert View Neighborhood, Phoenix City, Arizona, USA",0.7785564244232229,0.07853347690243773,0.016945861502886093,0.07514430460186051,0.0018004977846816472,0.0006707736844892412,0.04834866110042188
"North Hills Neighborhood, Los Angeles City, California, USA",0.16733482860321777,0.6142027091464599,0.040548893559154406,0.1488970912879925,0.0010949614114405806,0.0012715680907051904,0.026649947901029616
"Winnetka Heights Neighborhood, Dallas City, Texas, USA",0.058778761061946905,0.7866017699115044,0.13102654867256638,0.009079646017699115,0.0027964601769911506,0.00035398230088495576,0.011362831858407078
"Briargate Neighborhood, Colorado Springs City, Colorado, USA",0.7249853922835845,0.11503798006268039,0.031446429519981584,0.05341997627352728,0.0038776847212139455,0.001929989199143014,0.06930254793986933
"Downtown Neighborhood, Los Angeles City, California, USA",0.29359253055842627,0.24099283703360536,0.17518976515448487,0.22447525034745733,0.0058978653647411,0.002548020384163073,0.05730373115712198
"Lake Highlands Neighborhood, Dallas City, Texas, USA",0.314781054512958,0.2958891867739053,0.2472028596961573,0.10407506702412869,0.0021983914209115283,0.0005540661304736372,0.035299374441465595
"South Austin Neighborhood, Chicago City, Illinois, USA",0.01347771612672275,0.11802398424914981,0.8487381421156256,0.0012708072310721318,0.0008949346697691068,0.0001431895471630571,0.017451226060497583
"Mott Haven Neighborhood, New York City, New York, USA",0.022249779838608222,0.6846569975377869,0.2617853740946424,0.007997699538110387,0.0016894017001851153,0.0001976959436386837,0.02142305134702827
"Rogers Park Neighborhood, Chicago City, Illinois, USA",0.4007334435895592,0.22627094269073128,0.24841806284604875,0.06867045372833824,0.0020852807938448264,0.00021571870281153377,0.05360609764866614
"Raleigh Neighborhood, Memphis City, Tennessee, USA",0.12015469016997932,0.07130137602302365,0.7709326378271427,0.006421440777048296,0.0016188506160625955,0.00010792337440417303,0.02946308121233924
"Richmond Hill Neighborhood, New York City, New York, USA",0.07301255606996812,0.36043306731999064,0.08592891498982183,0.30777683702329267,0.018284664300769218,0.0014411558069571796,0.15312280448920035
"The Heights Neighborhood, Jersey City City, New Jersey, USA",0.2337913228735985,0.398414790474299,0.04782710744398505,0.28071569140773106,0.0022929568310253307,0.00012638344737934894,0.03683174752198169
"Valley Glen Neighborhood, Los Angeles City, California, USA",0.46745904156355556,0.4024313144632503,0.03766189194559347,0.0570979570455736,0.0012644280269503802,0.0012283015118946551,0.032857065443182024
"Queens Village Neighborhood, New York City, New York, USA",0.0349387072132698,0.15856098359463097,0.49136080899203377,0.18531519406351168,0.008602815466880069,0.0009457640682405151,0.1202757266014332
"Chelsea Neighborhood, New York City, New York, USA",0.5891369725690331,0.17364439989064068,0.06277225918162763,0.12322974573954251,0.0015857103800236945,0.0006743825754123758,0.048956529663720036
"Memorial Neighborhood, Houston City, Texas, USA",0.5762934574322475,0.15804361711835022,0.07933205584451136,0.1401770234510448,0.0013322383429144994,0.00021899808376676705,0.044602609727164885
"Archer Heights Neighborhood, Chicago City, Illinois, USA",0.05292932991578177,0.3081838154522153,0.6074331746612962,0.014408641523251556,0.001208348590259978,0.0002380080556572684,0.015598681801537898
"Hoover Neighborhood, Fresno City, California, USA",0.3168068304659301,0.44883563275252386,0.06940398321698822,0.10881474559812382,0.007603657084226534,0.0018322065263196468,0.046702944355887795
"University Heights Neighborhood, New York City, New York, USA",0.03374784490664319,0.7362532555665603,0.16180624335130772,0.04466087084112835,0.0015590037049264516,0.00020175342063754082,0.02177102820879645
"Little Havana Neighborhood, Miami City, Florida, USA",0.05068912991612986,0.9132852502339922,0.020077446824129642,0.0038906935344748482,0.0003119895758777001,1.835232799280589e-05,0.011727137587402962
"Flagami Neighborhood, Miami City, Florida, USA",0.04406478152911092,0.9357558462735797,0.0065782159137234555,0.005188451988288922,0.00011118111403476262,0.0,0.008301523181262276
"Lone Mountain Neighborhood, Las Vegas City, Nevada, USA",0.5195588808644153,0.2142286913094332,0.10868314056031042,0.07773425171267846,0.003508902214878488,0.007519076174739617,0.06876705716354455
"Flatlands Neighborhood, New York City, New York, USA",0.07155548074585273,0.09500832257943856,0.7099627821728478,0.05580803830256784,0.0015335989077783388,9.351212852306945e-05,0.06603826516299163
"Albany Park Neighborhood, Chicago City, Illinois, USA",0.2936368067794068,0.5000562450785556,0.04891446998387641,0.11912707638081668,0.00238104165885485,0.0004312122689264689,0.03545314784956316
"Central City Neighborhood, Los Angeles City, California, USA",0.02875483313938211,0.8657419572806787,0.07641052592064267,0.015766357596005857,0.0015203273396148505,0.00046923683321446,0.011336761890461355
"Canoga Park Neighborhood, Los Angeles City, California, USA",0.17763046703348295,0.6223920677545962,0.04401795271450301,0.12057989521323544,0.0013708662748117405,0.0010516234436911984,0.03295712756567952
"Bedford Park Neighborhood, New York City, New York, USA",0.08912981993023475,0.6643160177241444,0.174884510229094,0.04187800509097766,0.0020741020081078533,0.00020741020081078534,0.027510134816630526
"Michael Way Neighborhood, Las Vegas City, Nevada, USA",0.2536519080511833,0.45689427395915905,0.17829237911901258,0.04461555882685993,0.0036047257766202395,0.007964367946249953,0.05497678632091496
"Greenville Neighborhood, Jersey City City, New Jersey, USA",0.09652553420620076,0.27500991894802473,0.41995881274915453,0.1489920459483459,0.0032307430709063085,0.0002456120463262106,0.05603733303104158
"Southwest Neighborhood, Arlington City, Texas, USA",0.5725907622125072,0.1694924919216879,0.15276563390990305,0.05251853259836533,0.0038775898118228475,0.0011404675917126021,0.04761452195400114
"Woodlake - Briarmeadow Neighborhood, Houston City, Texas, USA",0.26997634129588644,0.4177669236052812,0.17482637563916661,0.09860337327329619,0.002365870411356178,0.00032435320155689535,0.03613676257345646
"University City Neighborhood, San Diego City, California, USA",0.4702709938992905,0.12486373807110482,0.017785767561054905,0.32404521027367134,0.001013597506167645,0.0014534605748819064,0.06056723211382891
"Carmel Valley Neighborhood, San Diego City, California, USA",0.5252449854539887,0.094281120808452,0.009875976113918236,0.30070050528249886,0.0009569744296432399,0.0006890215893431327,0.06825141632215587
"Wilmington Neighborhood, Los Angeles City, California, USA",0.041973984175942065,0.8858598823732255,0.02887028487135769,0.01965554895687657,0.001896588057242476,0.005536504530738137,0.016207207034617522
"Granada Hills Neighborhood, Los Angeles City, California, USA",0.4444700328170879,0.3157925038862341,0.02936265760838275,0.1649106645940085,0.0016312587560212638,0.0015353023586082485,0.04229757997965724
"Oxford Circle Neighborhood, Philadelphia City, Pennsylvania, USA",0.18605410806240874,0.26654369379755594,0.2774959649527323,0.20259780185996465,0.0017293059718699562,0.0005956498347552071,0.06498347552071324
"Downtown Neighborhood, Memphis City, Tennessee, USA",0.19100776987294427,0.031580773902481346,0.7191856093469836,0.028920122621319915,0.0016966471937841017,9.640040873773304e-05,0.027512676653749013
"Northeast Anaheim Neighborhood, Anaheim City, California, USA",0.22592115031453913,0.6028210838901262,0.019184933380221154,0.1185480404798187,0.002461610596647521,0.002520220372758176,0.02854296096588911
"Woodside Neighborhood, New York City, New York, USA",0.19687585747324685,0.3246442710987417,0.018266630081141468,0.43057896593626277,0.0006663792089686802,0.0001959938849907883,0.028771902316647717
"Rancho Penasquitos Neighborhood, San Diego City, California, USA",0.4424681252951362,0.11407996222257201,0.022135211711002675,0.3430072406736975,0.0010231386746419014,0.003089091767668818,0.07419722965528097
"West Neighborhood, Fresno City, California, USA",0.14486268142486586,0.5308199512900224,0.08124269845355721,0.20070094845850742,0.007662911114191236,0.0016632675286616637,0.033047541730194245
"North Highlands Neighborhood, Sacramento City, California, USA",0.4467991960678964,0.2905896165403061,0.10279983284580026,0.06883171153960957,0.007203550036813723,0.008477105844427199,0.07529898712514677
"Bayside Neighborhood, New York City, New York, USA",0.3320735097086408,0.12702221688963544,0.021936928829963804,0.49571060051592775,0.0005599216109744635,0.00013998040274361588,0.022556842042114104
"Lower Valley Neighborhood, El Paso City, Texas, USA",0.0325069643465539,0.948473856143656,0.0093993626871355,0.0022847064953804837,0.0016634266589173699,0.00042086698599114175,0.005250816682365674
