longname,No internet access %,Uninsured %,Public Insurance %,Private Insurance %
"New York City Department Of Education, New York, USA",0.11510735227872426,0.09103886825640332,0.28501195268654805,0.6239491790570486
"Los Angeles Unified School District, California, USA",0.09404216736264241,0.1453794958706709,0.2621989283875205,0.5924215757418088
"Puerto Rico Department of Education, Puerto Rico, USA",0.28855850134642697,0.09523929486467606,0.4922661863913012,0.4124945187440226
"Chicago Public School District 299, Illinois, USA",0.11988065130799404,0.12766346417990487,0.19269213029536444,0.6796444055247306
"Dade County School District, Florida, USA",0.13132333473611107,0.21108030298205027,0.12175943431677048,0.6671602627011792
"Clark County School District, Nevada, USA",0.09479830109605557,0.15443733479198776,0.1767732056145632,0.668789459593449
"Broward County School District, Florida, USA",0.08312900019659578,0.18598062323848571,0.10471184846029404,0.7093075283012203
"Philadelphia City School District, Pennsylvania, USA",0.13480066996466925,0.09249830928474909,0.28946669446959383,0.618034996245657
"Palm Beach County School District, Florida, USA",0.08745368848721163,0.19643634460785964,0.10878167487867123,0.6947819805134691
"Houston Independent School District, Texas, USA",0.12871989354052477,0.28984692206672796,0.11961467722912339,0.5905384007041486
"Hillsborough County School District, Florida, USA",0.06869327272737796,0.16462565260175419,0.13523833389512324,0.7001360135031226
"Hawaii Department of Education, Hawaii, USA",0.08660270830836245,0.05501827331576474,0.16371821936068562,0.7812635073235497
"Orange County School District, Florida, USA",0.07097321225688628,0.16887534615421484,0.12000438648324244,0.7111202673625427
"Fairfax County Public Schools, Virginia, USA",0.03106210770493525,0.09781576532003805,0.05334782892782162,0.8488364057521404
"Wake County Schools, North Carolina, USA",0.04380732640994589,0.108831292338863,0.07431516997567357,0.8168535376854633
"Charlotte-Mecklenburg Schools, North Carolina, USA",0.07046757981642088,0.14736387566013526,0.0932990458741921,0.7593370784656727
"Dallas Independent School District, Texas, USA",0.14293980370587994,0.2999716121055701,0.1096431205495829,0.5903852673448471
"San Diego City Unified School District, California, USA",0.05093479018177598,0.10060281605627368,0.16883711023944964,0.7305600737042767
"Montgomery County Public Schools, Maryland, USA",0.03947702150868344,0.09190561690100676,0.11659467165768447,0.7914997114413087
"Duval County School District, Florida, USA",0.09584453861812334,0.16055556197022386,0.15077688232251987,0.6886675557072562
"Prince George's County Public Schools, Maryland, USA",0.06650936964602201,0.1306163517962502,0.15462968180244852,0.7147539664013013
"Pinellas County School District, Florida, USA",0.09806368430649497,0.16049441113439974,0.13270234732265962,0.7068032415429407
"Gwinnett County School District, Georgia, USA",0.07062272796666888,0.19639901383510866,0.07826622617468923,0.7253347599902021
"San Francisco Unified School District, California, USA",0.07063576811392877,0.0439413775796973,0.15202223384024488,0.8040363885800579
"Baltimore County Public Schools, Maryland, USA",0.07831960110184095,0.06524095440091966,0.17401392070180802,0.7607451248972724
"Jefferson County School District, Kentucky, USA",0.097336115634511,0.06953033358364599,0.22442990329494408,0.7060397631214099
"Lee County School District, Florida, USA",0.07651216647000991,0.20017655451834115,0.1397089169628266,0.6601145285188322
"Seattle Public Schools, Washington, USA",0.04647439445196246,0.05404174458628872,0.11555006076311546,0.8304081946505959
"Austin Independent School District, Texas, USA",0.0683493318864005,0.156774853395752,0.07404409705155873,0.7691810495526892
"Shelby County School District, Tennessee, USA",0.1692955510848626,0.1781059126379529,0.19384290991529368,0.6280511774467534
"Polk County School District, Florida, USA",0.12877501204685995,0.18909788647140788,0.18413346284697107,0.6267686506816211
"Phoenix Union High School District, Arizona, USA",0.14731782998611778,0.23421026241787513,0.2444636722789446,0.5213260653031802
"Metropolitan Nashville Public School District, Tennessee, USA",0.07892711562114034,0.14598251140379703,0.11782544566169288,0.7361920429345101
"Denver County School District 1, Colorado, USA",0.06052730513071012,0.11799277205015112,0.16196159154003928,0.7200456364098097
"DeKalb County School District, Georgia, USA",0.08924408969116321,0.1856331464379158,0.11156571669479115,0.7028011368672931
"Cobb County School District, Georgia, USA",0.03778265687905893,0.15156832477690735,0.06174214356800992,0.7866895316550828
"District of Columbia Public Schools, District of Columbia, USA",0.09959835349501486,0.03995757462657973,0.21076857467618154,0.7492738506972387
"Albuquerque Public Schools, New Mexico, USA",0.11405940251827422,0.10908767917760422,0.2727049371162547,0.618207383706141
"Boston School District, Massachusetts, USA",0.09118180866743698,0.039613425511976975,0.22650025070693422,0.7338863237810888
"Northside Independent School District (Bexar County), Texas, USA",0.05278693111533277,0.1635850389365381,0.09247153129373661,0.7439434297697253
"Kern High School District, California, USA",0.10056635977927283,0.11887684174180949,0.3421399300340395,0.538983228224151
"Detroit Public Schools Community District, Michigan, USA",0.19763547332846446,0.10658264873753716,0.4714315975595497,0.42198575370291314
"Cypress-Fairbanks Independent School District, Texas, USA",0.04641887848135047,0.18836550189383164,0.07459487847123815,0.7370396196349303
"Fulton County School District, Georgia, USA",0.0531556944418704,0.12312793740499568,0.08153157032764713,0.7953404922673573
"Brevard County School District, Florida, USA",0.07518843470412977,0.14853139607043822,0.15205274334872423,0.6994158605808375
"Jefferson County School District R-1, Colorado, USA",0.05008145527876043,0.06923858543824173,0.12376365413850232,0.8069977604232559
"Anne Arundel County Public Schools, Maryland, USA",0.04906202291572014,0.0617558191850971,0.12045424047562026,0.8177899403392827
"Baltimore City Public Schools, Maryland, USA",0.15879397004012422,0.07230416517166768,0.3048797686444275,0.6228160661839047
"Milwaukee School District, Wisconsin, USA",0.1689239346438163,0.12642603177331105,0.2852236184813102,0.5883503497453788
"Columbus City School District, Ohio, USA",0.10021039488066515,0.1273837895173896,0.22622708384226825,0.6463891266403421
"Pasco County School District, Florida, USA",0.09761307559270051,0.17029683023548517,0.1748037394163087,0.6548994303482061
"Volusia County School District, Florida, USA",0.11983252322055807,0.17249810539315896,0.16731795401173222,0.6601839405951089
"East Side Union High School District, California, USA",0.044781612804874166,0.06984208755711277,0.19233196366710376,0.7378259487757834
"Greenville County School District, South Carolina, USA",0.09804878691271167,0.1456676736446748,0.11769926297552896,0.7366330633797961
"Guilford County Schools, North Carolina, USA",0.1120208730536763,0.12645872280928597,0.14155429535101355,0.7319869818397005
"Fort Worth Independent School District, Texas, USA",0.11244251776229486,0.2977872902608965,0.11558606717330806,0.5866266425657953
"Portland School District 1J, Oregon, USA",0.050153887085890865,0.0679634132724928,0.16106817290096706,0.77096841382654
"Long Beach Unified School District, California, USA",0.07712155009225442,0.10823381293595141,0.2292577772355211,0.6625084098285275
"Mesa Unified District, Arizona, USA",0.07801534679063385,0.16251436411253603,0.18569892063663498,0.651786715250829
"Atlanta City School District, Georgia, USA",0.0901258638490889,0.1280533048215817,0.11659554440328529,0.755351150775133
"Sweetwater Union High School District, California, USA",0.08105020165561995,0.12113238260866149,0.22545021860284128,0.6534173987884974
"Washoe County School District, Nevada, USA",0.08697677866135825,0.12520680650884025,0.12970837790608866,0.7450848155850712
"Grossmont Union High School District, California, USA",0.05565456984334636,0.08078696957772466,0.23737472314545616,0.681838307276819
"Tucson Unified District, Arizona, USA",0.0924671294889333,0.12699558453705057,0.24125932860264585,0.6317450868603035
"Knox County School District, Tennessee, USA",0.11537451123918258,0.11111883990364863,0.13331261053217153,0.7555685495641797
"Prince William County Public Schools, Virginia, USA",0.025703155100312642,0.13724224387067296,0.07067681812383486,0.7920809380054923
"Seminole County School District, Florida, USA",0.05859329651558148,0.12896812158898327,0.09248275309910435,0.7785491253119123
"Virginia Beach City Public Schools, Virginia, USA",0.05683298743428385,0.10761998629940142,0.10754202916208103,0.7848379845385176
"Fort Bend Independent School District, Texas, USA",0.03570579826732243,0.16488975470688053,0.06587251069228134,0.7692377346008382
"Jefferson Parish School District, Louisiana, USA",0.14236192961789434,0.143578202729349,0.2468958697772235,0.6095259274934275
"Oakland Unified School District, California, USA",0.09629148475850922,0.08501459007811431,0.23149746993314174,0.683487939988744
"Sarasota County School District, Florida, USA",0.07496789963026558,0.1765518528890132,0.11218146177541305,0.7112666853355737
"North East Independent School District, Texas, USA",0.07790031860163926,0.18599422466338938,0.10346677974781959,0.7105389955887909
"Minneapolis Public School District, Minnesota, USA",0.07752481923483844,0.07541769418942094,0.19550828125567338,0.7290740245549058
"Chaffey Joint Union High School District, California, USA",0.05894315580334661,0.09691865144930054,0.20845837968781725,0.6946229688628823
"Loudoun County Public Schools, Virginia, USA",0.02314378536973387,0.0688028748589314,0.04180488647543451,0.8893922386656341
"Granite School District, Utah, USA",0.055329599018574926,0.16716259704510697,0.08814241607407045,0.7446949868808226
"Antelope Valley Union Joint High School District, California, USA",0.09633420399797107,0.08394258992034204,0.29895046152535215,0.6171069485543058
"Charleston County School District, South Carolina, USA",0.0941821294906253,0.12932033003284538,0.10076271044495662,0.769916959522198
"Manatee County School District, Florida, USA",0.07344451982029286,0.18244000587997533,0.12732442762118276,0.6902355664988419
"Anaheim Union High School District, California, USA",0.07501584976319835,0.14202663820040354,0.22649279823709972,0.6314805635624967
"Fresno Unified School District, California, USA",0.15011518162631227,0.11112506061457597,0.40748269230466494,0.4813922470807592
"Alpine School District, Utah, USA",0.022267936333380634,0.08864431528150726,0.06670313223805206,0.8446525524804406
"Katy Independent School District, Texas, USA",0.03255267846504587,0.14293485515592708,0.051877233747286436,0.8051879110967864
"Osceola County School District, Florida, USA",0.07949635063001555,0.1699663542516177,0.16556085126612077,0.6644727944822615
"East Baton Rouge Parish School District, Louisiana, USA",0.10305451914243,0.11282090677483933,0.22344011718820847,0.6637389760369521
"Mobile County School District, Alabama, USA",0.16259228824762587,0.17283689775401317,0.17959491768721011,0.6475681845587767
"Orleans Parish School District, Louisiana, USA",0.1722440064884469,0.11250912526302204,0.2947059810975301,0.5927848936394479
"Lake County School District, Florida, USA",0.08535010538289103,0.16501772651359034,0.14064987449823643,0.6943323989881732
"Forsyth County Schools, North Carolina, USA",0.11644942112330421,0.1521059912746185,0.14065721328786868,0.7072367954375128
"Marion County School District, Florida, USA",0.11422322375397714,0.19346015296801308,0.19437362591992385,0.612166221112063
"Collier County School District, Florida, USA",0.07451225397011815,0.19858330396125715,0.0943120178062414,0.7071046782325014
"Cleveland Municipal School District, Ohio, USA",0.21263658561070498,0.09833370878319249,0.41250497657488616,0.48916131464192136
"Omaha Public Schools, Nebraska, USA",0.09703280298240397,0.15548752312566194,0.12439646535358953,0.7201160115207484
"Hamilton County School District, Tennessee, USA",0.11223790525567447,0.13494356428299728,0.1380739018348945,0.7269825338821081
"Chesterfield County Public Schools, Virginia, USA",0.06180433955081845,0.0999633347082817,0.10473898895458067,0.7952976763371375
"Arlington Independent School District, Texas, USA",0.07917096629866041,0.2535259843421289,0.09099416350210443,0.6554798521557667
"Davis School District, Utah, USA",0.0461605656102421,0.07556557069880299,0.07598469458196103,0.848449734719236
"Plano Independent School District, Texas, USA",0.02984938239699904,0.14582130859933254,0.043683865556461865,0.8104948258442056
"Capistrano Unified School District, California, USA",0.029094227193540538,0.052366101752523965,0.09992545141490713,0.8477084468325689
"Elk Grove Unified School District, California, USA",0.047442969824186554,0.05584581333393209,0.23514759232095345,0.7090065943451145
"Douglas County School District RE-1, Colorado, USA",0.018584713302834715,0.04580499624719166,0.06537530719037528,0.8888196965624331
"Glendale Union High School District, Arizona, USA",0.11663183277239927,0.18560179028727214,0.26199960774149184,0.552398601971236
"Sacramento City Unified School District, California, USA",0.07687138810254505,0.07666678358752434,0.2640189164715916,0.659314299940884
"Horry County School District, South Carolina, USA",0.08547719691848187,0.21202744452132893,0.19141968871519524,0.5965528667634759
"San Juan Unified School District, California, USA",0.06651821595558144,0.08142182755327103,0.2441316194930107,0.6744465529537184
"Conroe Independent School District, Texas, USA",0.05204100096511522,0.18271315938394275,0.06482100710958177,0.7524658335064754
"Cincinnati City School District, Ohio, USA",0.1096308054991678,0.08725108022917814,0.2515042331716408,0.661244686599181
"Henrico County Public Schools, Virginia, USA",0.08752797834967337,0.09331508295845442,0.11138557344873215,0.7952993435928134
"Howard County Public Schools, Maryland, USA",0.033582690173420186,0.047334738156559704,0.10905915866697873,0.8436061031764616
"Wichita Unified School District 259, Kansas, USA",0.11034734891256824,0.18518878643854408,0.15173322266520486,0.663077990896251
"St. Lucie County School District, Florida, USA",0.07982092874797483,0.18850753189057487,0.16763174069161874,0.6438607274178063
"Oxnard Union High School District, California, USA",0.08056617659018836,0.18773619658819485,0.1998835081312417,0.6123802952805635
"Cherry Creek School District 5, Colorado, USA",0.031199420187870423,0.06906536019856431,0.11097787386159605,0.8199567659398396
"Durham Public Schools, North Carolina, USA",0.07135324867055345,0.1496187332840148,0.10148143932927378,0.7488998273867115
"Huntington Beach Union High School District, California, USA",0.06119417913560924,0.07458254993671895,0.19310478147740626,0.7323126685858748
"Fayette County School District, Kentucky, USA",0.06409196224362841,0.08981682560664661,0.1738504390520251,0.7363327353413284
"Escambia County School District, Florida, USA",0.10873616399183844,0.15994814527928247,0.18823156037524783,0.6518202943454696
"Tempe Union High School District, Arizona, USA",0.0491689834687878,0.10931202432765111,0.10893623096954101,0.7817517447028078
"El Paso Independent School District, Texas, USA",0.14078768637258499,0.3037832894738997,0.11709328762339853,0.5791234229027018
"Indianapolis Public Schools, Indiana, USA",0.1784291706489807,0.1540502453849191,0.25143209718484905,0.5945176574302318
"Lewisville Independent School District, Texas, USA",0.02737067676836324,0.12529317142679153,0.04249199110648996,0.8322148374667184
"Chula Vista Elementary School District, California, USA",0.06349867521992021,0.09951416341545029,0.1917164810834836,0.7087693555010661
"Cumberland County Schools, North Carolina, USA",0.10451700021047117,0.17754820877204755,0.22520677143201367,0.5972450197959388
"St. Paul Public School District, Minnesota, USA",0.07413915735743266,0.07575067463990628,0.26271041173848975,0.661538913621604
"Newark City School District, New Jersey, USA",0.21225799269354906,0.22596001246878575,0.3137060259462568,0.4603339615849574
"Jordan School District, Utah, USA",0.019434312854026563,0.06580367019250172,0.049391588880423394,0.8848047409270748
"Pittsburgh School District, Pennsylvania, USA",0.11885531020617653,0.06498147051545493,0.18262131352921535,0.7523972159553296
"Garland Independent School District, Texas, USA",0.058625897443657156,0.2703908052488876,0.0775002535766668,0.6521089411744455
"St. Louis City School District, Missouri, USA",0.15831568209349578,0.13565661021500278,0.17413068911946958,0.6902127006655276
"San Antonio Independent School District, Texas, USA",0.1951712611046311,0.3024832302540674,0.1879261868034985,0.509590582942434
"Aldine Independent School District, Texas, USA",0.1840672909175385,0.40699771425098835,0.14655671468470194,0.44644557106430965
"Clayton County School District, Georgia, USA",0.1046821716565984,0.22782364601831195,0.16238404393084935,0.6097923100508388
"Round Rock Independent School District, Texas, USA",0.0312284257186031,0.11051594058563301,0.048576496747114596,0.8409075626672524
"Lincoln Public Schools, Nebraska, USA",0.06563215508822809,0.09230793153255053,0.09261945577754101,0.8150726126899084
"Chatham County School District, Georgia, USA",0.0861428638592213,0.1921362855012569,0.12802864240118905,0.6798350720975541
"Jersey City School District, New Jersey, USA",0.08820274266346195,0.12282269318421402,0.17606192335880008,0.7011153834569859
"Leon County School District, Florida, USA",0.07278397647798646,0.10723696083739391,0.10787119395673857,0.7848918452058675
"Beaverton School District 48J, Oregon, USA",0.0340486263331414,0.07377563766088616,0.12716594615251497,0.7990584161865989
"Oklahoma City Public Schools, Oklahoma, USA",0.1416864529313022,0.2648061267565953,0.14768572310352568,0.5875081501398789
"Anchorage School District, Alaska, USA",0.05403544815945838,0.1342892012861209,0.17030494884838557,0.6954058498654936
"William S. Hart Union High School District, California, USA",0.03502889401145072,0.06389919519265538,0.13498647216250675,0.8011143326448379
"Tulsa Public Schools, Oklahoma, USA",0.13574583421290237,0.24972735318385206,0.15761818331753683,0.5926544634986113
"Modesto City High School District, California, USA",0.08616690590289662,0.08189677246898848,0.33066335813831305,0.5874398693926984
"Corona-Norco Unified School District, California, USA",0.05823400482594231,0.09173232093999896,0.16260653379799853,0.7456611452620026
"Alachua County School District, Florida, USA",0.07245507271220844,0.10458893679085544,0.10761855736439109,0.7877925058447535
"Buffalo City School District, New York, USA",0.1353677024840984,0.05345690849046542,0.4093586875466077,0.5371844039629269
"Madison Metropolitan School District, Wisconsin, USA",0.051270647640650424,0.05527210539332366,0.1013076957851235,0.843420198821553
"Chandler Unified District, Arizona, USA",0.04585480537811118,0.08906216094469652,0.09155087066347002,0.8193869683918334
"Klein Independent School District, Texas, USA",0.04429443591695221,0.18294302279085772,0.08030925666593958,0.7367477205432027
"Frisco Independent School District, Texas, USA",0.017448746520915874,0.08696925330942516,0.029278234748601164,0.8837525119419736
"Garden Grove Unified School District, California, USA",0.0850030314074112,0.11084567360532788,0.2821089533429207,0.6070453730517515
"Alief Independent School District, Texas, USA",0.1179952175476283,0.370383354802793,0.1306214356202652,0.4989952095769418
"San Bernardino City Unified School District, California, USA",0.11654510452131113,0.14891287660139949,0.3480540598543969,0.5030330635442035
"St. Johns County School District, Florida, USA",0.057371392722710204,0.11043000264835648,0.09152332168487155,0.7980466756667719
"Irvine Unified School District, California, USA",0.022789957063500642,0.05333228742973477,0.10383054175634991,0.8428371708139153
"Frederick County Public Schools, Maryland, USA",0.07227372842288607,0.060692025882576855,0.12276382148634536,0.8165441526310778
"Salem-Keizer School District 24J, Oregon, USA",0.06931659521715873,0.11302724296715508,0.24100487175959356,0.6459678852732512
"Deer Valley Unified District, Arizona, USA",0.03766145830570373,0.08378028561047096,0.11178844407174948,0.8044312703177795
"San Jose Unified School District, California, USA",0.056591190741485844,0.0658626518832311,0.14622564187870224,0.7879117062380667
"Paradise Valley Unified District, Arizona, USA",0.05479404239958169,0.10695326794300937,0.12066524683489198,0.7723814852220986
"Cherokee County School District, Georgia, USA",0.04668393342391298,0.14169685063539766,0.06966050709067459,0.7886426422739279
"Mount Diablo Unified School District, California, USA",0.04419372249601091,0.06890963354427798,0.16632248775318645,0.7647678787025355
"St. Tammany Parish School District, Louisiana, USA",0.07769933429345471,0.0978547547695289,0.1987961471575337,0.7033490980729373
"Fullerton Joint Union High School District, California, USA",0.057076542654893314,0.09532314169195853,0.17935400380722716,0.7253228545008144
"Harford County Public Schools, Maryland, USA",0.06343620470308196,0.04127852637703406,0.1409808060113515,0.8177406676116145
"Sequoia Union High School District, California, USA",0.045754167011601315,0.05121057888364748,0.12419851356640439,0.8245909075499481
"West Contra Costa Unified School District, California, USA",0.06073242049222778,0.09127239577244532,0.2278923273649575,0.6808352768625971
"Township High School District 214, Illinois, USA",0.07934564506562145,0.13651704025649475,0.0923973525475067,0.7710856071959986
"Riverside Unified School District, California, USA",0.058284931622059825,0.11386206831956608,0.20680928391985265,0.6793286477605813
"Pasadena Independent School District, Texas, USA",0.09017317811693874,0.36244749671523374,0.10606178541076289,0.5314907178740034
"Peoria Unified School District, Arizona, USA",0.0638871809902059,0.09276217498443068,0.1593155530251012,0.7479222719904682
"Forsyth County School District, Georgia, USA",0.02760866659375647,0.1065871592420761,0.04105309834080091,0.852359742417123
"Meridian Joint School District 2, Idaho, USA",0.04980958512920703,0.09357261129917009,0.09040904968351245,0.8160183390173175
"San Mateo Union High School District, California, USA",0.04737167632185132,0.0420650073192682,0.10434228656788103,0.8535927061128509
"Chesapeake City Public Schools, Virginia, USA",0.05556239025645048,0.10135489809736103,0.11538315240131157,0.7832619495013274
"Anoka-Hennepin Public School District, Minnesota, USA",0.051427598489072704,0.05261282229108678,0.14231773321452365,0.8050694444943896
"Washington Elementary District, Arizona, USA",0.09995484035450947,0.1713853101962413,0.24440306773323103,0.5842116220705277
"Clear Creek Independent School District, Texas, USA",0.04316641818210433,0.14046297750990444,0.061081094879773645,0.7984559276103219
"Corpus Christi Independent School District, Texas, USA",0.12557812949234065,0.2724804710599347,0.13577434123411264,0.5917451877059526
"Santa Ana Unified School District, California, USA",0.10610354363694069,0.1957043235601251,0.25562910765823005,0.5486665687816449
"Socorro Independent School District, Texas, USA",0.06730146080540565,0.2648470708236964,0.09930074395970923,0.6358521852165943
"Lafayette Parish School District, Louisiana, USA",0.10652985660045838,0.10997861312884136,0.2072278633038541,0.6827935235673046
"Colorado Springs School District 11, Colorado, USA",0.07400037514539108,0.1278398423168694,0.22659032789174235,0.6455698297913883
"Henry County School District, Georgia, USA",0.06014983010873403,0.1311455192820522,0.09143193585857323,0.7774225448593747
"Adams 12 Five Star Schools, Colorado, USA",0.056115075397280084,0.10647893350496483,0.14095022680180835,0.7525708396932268
"Township High School District 211, Illinois, USA",0.046947744089994935,0.09798352888908249,0.08897662657972773,0.8130398445311898
"Spokane Public Schools, Washington, USA",0.08126535170205688,0.07757501180784658,0.2882748613962989,0.6341501267958546
"Richardson Independent School District, Texas, USA",0.061862192350856354,0.24654115742317032,0.07842139332938315,0.6750374492474465
"Fremont Union High School District, California, USA",0.03385383251488143,0.03470948657437265,0.07602817927176898,0.8892623341538584
"Jefferson County School District, Alabama, USA",0.10899637917244318,0.11586096901882499,0.14757549196611688,0.7365635390150581
"Boulder Valley School District RE-2, Colorado, USA",0.03573282690604273,0.055560861735699116,0.09642352149506608,0.8480156167692348
"Arlington County Public Schools, Virginia, USA",0.04874552625812572,0.0685808392642036,0.03276866405572589,0.8986504966800706
"Union County Public Schools, North Carolina, USA",0.061842926866565555,0.11484089183405793,0.09429833643956645,0.7908607717263757
"Norfolk City Public Schools, Virginia, USA",0.10930850701148982,0.1550996461958426,0.19840817854728424,0.6464921752568732
"Caddo Parish School District, Louisiana, USA",0.18885461879437968,0.10471744509790443,0.3353124768408716,0.559970078061224
"Scottsdale Unified District, Arizona, USA",0.04696414164567782,0.08325423152258218,0.08188546539270816,0.8348603030847097
"Adams-Arapahoe School District 28J, Colorado, USA",0.07970044699388269,0.1943434622447509,0.20978782684644015,0.5958687109088088
"School District U-46, Illinois, USA",0.06731079312949474,0.1435854358253875,0.12048796394375802,0.7359266002308544
"Campbell Union High School District, California, USA",0.05482004251756427,0.05877627046627196,0.11783187890840896,0.823391850625319
"Clovis Unified School District, California, USA",0.05637410435968376,0.06070419718978791,0.1721849416651471,0.767110861145065
"Shawnee Mission Public Schools Unified School District, Kansas, USA",0.04877901168278508,0.08925997731546453,0.057069299792074445,0.8536707228924612
"Tacoma Public Schools, Washington, USA",0.07607719480407045,0.08584200324496026,0.23034395826028842,0.6838140384947514
"Fremont Unified School District, California, USA",0.039515469857562054,0.02722207500211186,0.125315387328841,0.8474625376690472
"Berkeley County School District, South Carolina, USA",0.11539513587441312,0.14510833880499022,0.14030837503113153,0.7145832861638782
"Gaston County Schools, North Carolina, USA",0.13410061396795714,0.14446513798974625,0.16813455295919713,0.6874003090510568
"Killeen Independent School District, Texas, USA",0.06624916546165373,0.23595245244138832,0.1617716057945395,0.6022759417640722
"Richmond City Public Schools, Virginia, USA",0.1371469820923921,0.13005990827103234,0.18901010987689143,0.6809299818520763
"Canyons School District, Utah, USA",0.041798043021473386,0.08711069905705808,0.07307586961335989,0.8398134313295819
"Buncombe County Schools, North Carolina, USA",0.13772914269906977,0.16886551672813221,0.14145149324725514,0.6896829900246128
"Fort Wayne Community Schools, Indiana, USA",0.09984441448491506,0.12316636475697797,0.21098698034137545,0.6658466549016466
"New Hanover County Schools, North Carolina, USA",0.07109329546476825,0.1337142275770591,0.11628664512214114,0.7499991273007998
"Orange Unified School District, California, USA",0.05361101360898819,0.0800749135962351,0.14078187668312028,0.7791432097206445
"Whittier Union High School District, California, USA",0.09384041671952684,0.10302962179200903,0.18445266327667123,0.7125177149313197
"Poudre School District R-1, Colorado, USA",0.04065657342110999,0.07395465047891782,0.1184672177723596,0.8075781317487226
"Saddleback Valley Unified School District, California, USA",0.04134923197796252,0.06261337678737187,0.11635000485528417,0.8210366183573441
"Glendale Unified School District, California, USA",0.10918972785778347,0.09471514143209189,0.24895741536557547,0.6563274432023325
"Clay County School District, Florida, USA",0.04558720975282186,0.12998942315515427,0.13765356765112677,0.7323570091937189
"Springfield R-XII School District, Missouri, USA",0.1273757852156118,0.16150327747094906,0.14025532079453856,0.6982414017345123
"Leander Independent School District, Texas, USA",0.02193239463232878,0.10574137518277717,0.05512553653298522,0.8391330882842377
"Humble Independent School District, Texas, USA",0.0423605388575856,0.15444254216130332,0.06675382866844193,0.7788036291702548
"Montgomery County School District, Alabama, USA",0.1266621153320612,0.15395825662855514,0.18814606031467676,0.6578956830567683
"Denton Independent School District, Texas, USA",0.047103383964168466,0.15358270987303124,0.05876926410979889,0.7876480260171698
"Stockton Unified School District, California, USA",0.18260643577226426,0.1250645796718016,0.4146923647413807,0.4602430555868178
"Baldwin County School District, Alabama, USA",0.10103051199970305,0.13263320701672157,0.1335540892562643,0.7338127037270141
"Calcasieu Parish School District, Louisiana, USA",0.16702026578505477,0.10939489480385611,0.24333050385011837,0.6472746013460255
"Johnston County Schools, North Carolina, USA",0.1531114935431747,0.15946962909872775,0.14901003404407798,0.6915203368571943
"Toledo City School District, Ohio, USA",0.1388844699126734,0.09637449992195413,0.3547171679252795,0.5489083321527665
"Huntsville City School District, Alabama, USA",0.08911621570328808,0.13973785474175632,0.11913928255422512,0.7411228627040185
"Lake Washington School District, Washington, USA",0.02254923692187417,0.042925415816986875,0.06250583993160709,0.8945687442514061
"Clarksville-Montgomery County School System, Tennessee, USA",0.07622986561661756,0.12821286793626369,0.1886102116605378,0.6831769204031986
"Des Moines Independent Community School District, Iowa, USA",0.11403577375646108,0.08417447033444404,0.24680754027385937,0.6690179893916965
"Boise City Independent School District 1, Idaho, USA",0.07870998491832645,0.10932915221210412,0.11582925724608885,0.774841590541807
"Santa Rosa High School District, California, USA",0.05659846295022748,0.09916435607774368,0.18904230655919121,0.711793337363065
"Okaloosa County School District, Florida, USA",0.07895090786819144,0.1882018631720792,0.1349725602015504,0.6768255766263703
"Yonkers City School District, New York, USA",0.11539982208164447,0.08526824343813062,0.2615301413325635,0.6532016152293059
"Gilbert Unified District, Arizona, USA",0.030202789692373125,0.07440083204825271,0.09644227769509296,0.8291568902566544
"Rochester City School District, New York, USA",0.1536351072922692,0.0596403610132794,0.3858935830509873,0.5544660559357332
"Williamson County School District, Tennessee, USA",0.029424081530025434,0.05405909218564632,0.04640194528936206,0.8995389625249917
"Richmond County School District, Georgia, USA",0.131860221917399,0.1817086746307338,0.1972435908086464,0.6210477345606199
"Worcester School District, Massachusetts, USA",0.11556087089476264,0.03690778978179249,0.32808915528891003,0.6350030549292975
"Kansas City 33 School District, Missouri, USA",0.12130402563778293,0.1962998298422739,0.15169157677238326,0.6520085933853428
"Poway Unified School District, California, USA",0.02914967986072484,0.04125713346632506,0.09554690607443705,0.8631959604592379
"Pasadena Unified School District, California, USA",0.07632638274337392,0.0871738338541892,0.18096903971286288,0.7318571264329479
"Richland School District 1, South Carolina, USA",0.15468737917953806,0.13746057374390389,0.1660692012010322,0.6964702250550638
"Anaheim Elementary School District, California, USA",0.07347858610986709,0.1754268701679202,0.2371323943922341,0.5874407354398455
"Bakersfield City School District, California, USA",0.131130014275603,0.12863019257857483,0.46987400523475237,0.4014958021866728
"Cabarrus County Schools, North Carolina, USA",0.0749026226169137,0.11618852802667863,0.09862436957982712,0.7851871023934943
"Birmingham City School District, Alabama, USA",0.1695433944605072,0.17671608006967165,0.2259898159377965,0.597294103992532
"Spring Independent School District, Texas, USA",0.09830349458445727,0.2418446464100954,0.11206403851988829,0.6460913150700163
"Muscogee County School District, Georgia, USA",0.13754715004191112,0.18024360144105905,0.18492214176470406,0.6348342567942369
"Salt Lake City School District, Utah, USA",0.06384767869161363,0.12585492310453933,0.10025432294243386,0.7738907539530269
"Tolleson Union High School District, Arizona, USA",0.0846657405666387,0.1971452148467885,0.19373786701153153,0.6091169181416799
"Yuma Union High School District, Arizona, USA",0.14312660661093335,0.18038393002909617,0.2943960963521043,0.5252199736187995
"Freehold Regional School District, New Jersey, USA",0.048596711544639376,0.05250099649396817,0.08663396539522154,0.8608650381108104
"Sumner County School District, Tennessee, USA",0.08434993932756922,0.10924026992344482,0.12830285389288815,0.7624568761836671
"Dysart Unified District, Arizona, USA",0.05582248882497779,0.10869559426926895,0.1691283901109854,0.7221760156197456
"Newport-Mesa Unified School District, California, USA",0.043229179102591074,0.10214609923391046,0.10665405496143189,0.7911998458046576
"Hernando County School District, Florida, USA",0.08646736971591949,0.19819461529212634,0.21273388148463235,0.5890715032232412
"Roseville Joint Union High School District, California, USA",0.04324296325944316,0.04365525271787286,0.14067527733492058,0.8156694699472065
"Irving Independent School District, Texas, USA",0.11845638353731013,0.3077785609317972,0.08017268376795042,0.6120487553002524
"Lamar Consolidated Independent School District, Texas, USA",0.07723583032953825,0.14594110464479673,0.07117376169001187,0.7828851336651914
"Brownsville Independent School District, Texas, USA",0.2054580376095885,0.44644849412643756,0.1351863254225379,0.4183651804510245
"Grand Rapids Public Schools, Michigan, USA",0.10201501270779559,0.10372494698374664,0.22470485417238553,0.6715701988438678
"St. Vrain Valley School District RE 1J, Colorado, USA",0.04952983986751322,0.08257280690894922,0.12196820828926061,0.7954589848017901
"Utica Community Schools, Michigan, USA",0.06532698559534923,0.07387742795847038,0.1642624628611332,0.7618601091803964
"Providence School District, Rhode Island, USA",0.1251777410258166,0.08170869454282652,0.3147611782358633,0.6035301272213102
"Carrollton-Farmers Branch Independent School District, Texas, USA",0.07290801356809218,0.18623185731358885,0.04527888207481079,0.7684892606116003
"Chino Valley Unified School District, California, USA",0.0404783079744664,0.08004311635365141,0.1512224050518332,0.7687344785945153
"Rutherford County School District, Tennessee, USA",0.06638111776259294,0.11800875943031812,0.1170020018164603,0.7649892387532216
"Santa Rosa County School District, Florida, USA",0.07150472354665821,0.1814753372007961,0.13374687013776598,0.6847777926614378
"Ysleta Independent School District, Texas, USA",0.1461123048824151,0.32351087354664787,0.14925133424275033,0.5272377922106019
"Rockford School District 205, Illinois, USA",0.12781311664552678,0.10198156711481313,0.29717053647021235,0.6008478964149745
"Charlotte County School District, Florida, USA",0.09716842754636706,0.1845399170303943,0.17657964515932453,0.6388804378102811
"Desert Sands Unified School District, California, USA",0.06712256132381447,0.09138903760430417,0.3076076725944866,0.6010032898012093
"Lubbock Independent School District, Texas, USA",0.1286505021505799,0.18562037072914833,0.12505991268704905,0.6893197165838026
"Newport News City Public Schools, Virginia, USA",0.1049611353855045,0.13904226428274685,0.18552704283271226,0.6754306928845408
"Hayward Unified School District, California, USA",0.07080175081886886,0.06362891146050698,0.22251063645673289,0.71386045208276
"DeSoto County School District, Mississippi, USA",0.08204523752685607,0.1098228468816907,0.10413357276054991,0.7860435803577595
"Beaufort County School District, South Carolina, USA",0.06800687874403942,0.15269183973460052,0.11688633835274763,0.7304218219126519
"Salinas Union High School District, California, USA",0.0745666428238235,0.18350118252755449,0.22198565285041436,0.5945131646220311
"Keller Independent School District, Texas, USA",0.023249321448128506,0.11452222818341097,0.05319950224705881,0.8322782695695302
"Mesquite Independent School District, Texas, USA",0.0782535615855721,0.2999522329450496,0.13932031387473875,0.5607274531802118
"United Independent School District, Texas, USA",0.14150727413984548,0.3431910358948489,0.08586728834559197,0.5709416757595591
"Victor Valley Union High School District, California, USA",0.06403831866541049,0.12336651415757689,0.3752886235321885,0.5013448623102347
"San Dieguito Union High School District, California, USA",0.02425280079115414,0.044206741380067714,0.07388913309339094,0.8819041255265414
"Spring Branch Independent School District, Texas, USA",0.06488153500914678,0.2712706581923605,0.07080889488021332,0.6579204469274261
"Fontana Unified School District, California, USA",0.05216891169041163,0.15259842359800765,0.2642226700917724,0.5831789063102198
"Moreno Valley Unified School District, California, USA",0.05659342983270303,0.13978830998723124,0.2761355959661585,0.5840760940466103
"Merced Union High School District, California, USA",0.08150044428490175,0.11726676420064865,0.3566681795090295,0.526065056290322
"Akron City School District, Ohio, USA",0.1274725932007466,0.11074242889511629,0.34134029626038354,0.5479172748445001
"Little Rock School District, Arkansas, USA",0.12421708928760788,0.12190802288370121,0.21052230958395715,0.6675696675323416
"Kanawha County School District, West Virginia, USA",0.13291804519615985,0.07967186390951117,0.2992611616135968,0.6210669744768921
"Washington School District, Utah, USA",0.08384248171139023,0.15876616744256028,0.11965251421874791,0.7215813183386919
"Evansville-Vanderburgh School Corporation, Indiana, USA",0.10677379319354624,0.10461587323993345,0.19440131277128883,0.7009828139887777
"Twin Rivers Unified School District, California, USA",0.08927130906926296,0.10221948115290733,0.3610544702426535,0.5367260486044391
"Kent School District, Washington, USA",0.03867142314486998,0.09604717860390038,0.17633212691048028,0.7276206944856193
"Lodi Unified School District, California, USA",0.06599272870315571,0.08800831884711939,0.27474970555140477,0.6372419756014759
"Edmonds School District, Washington, USA",0.04508182291608464,0.10157361470561535,0.13393112699351734,0.7644952583008673
"Ann Arbor Public Schools, Michigan, USA",0.03444005272911955,0.031780679535879104,0.09416563067656494,0.8740536897875559
"Christina School District, Delaware, USA",0.06534422577914954,0.07734433774708953,0.1815721957609565,0.7410834664919539
"Bay County School District, Florida, USA",0.0824906354193827,0.20101236808175338,0.17519698199704004,0.6237906499212066
"Palm Springs Unified School District, California, USA",0.10290339072240037,0.13959604589943383,0.31959530771816425,0.5408086463824019
"Weber School District, Utah, USA",0.04337493627218836,0.08282997296196772,0.0816510869264665,0.8355189401115657
"Mansfield Independent School District, Texas, USA",0.04036511327044153,0.14402105884870467,0.06825621167491148,0.7877227294763839
"Escondido Union High School District, California, USA",0.057935386011926195,0.15484947107944924,0.20382156767661275,0.641328961243938
"Edinburg Consolidated Independent School District, Texas, USA",0.23990862984345157,0.4014591617696058,0.09661540035587055,0.5019254378745236
"Carroll County Public Schools, Maryland, USA",0.08309091198117827,0.043031222610711496,0.11342110471307751,0.8435476726762111
"Cajon Valley Union Elementary School District, California, USA",0.06093519902339917,0.08553781833242481,0.29522071706897324,0.619241464598602
"Alamance-Burlington Schools, North Carolina, USA",0.13749949247636126,0.14855907034127142,0.13523187475618886,0.7162090549025396
