longname,Silent %,Boomer %,Gen X %,Millennial %,Gen Z %,Gen Alpha %
"New York City Department Of Education, New York, USA",0.06418766616289821,0.2076237702051259,0.19040420408252232,0.2465339416846385,0.17368794588304387,0.11756247198177125
"Los Angeles Unified School District, California, USA",0.05235135735242364,0.19056049285808674,0.19858518811038228,0.2527053900575692,0.19304340819299814,0.11275416342854006
"Puerto Rico Department of Education, Puerto Rico, USA",0.0983614108122885,0.2476208568152134,0.1936225603099809,0.18491036175175785,0.19042010135351922,0.08506470895724005
"Chicago Public School District 299, Illinois, USA",0.05193936861777466,0.18817795278306498,0.18450312483739417,0.27546315802909904,0.18651589308399302,0.11340050264867417
"Dade County School District, Florida, USA",0.0732962427370259,0.21636736310217083,0.21617674521958877,0.206805157338973,0.17579036980598947,0.11156412179625211
"Clark County School District, Nevada, USA",0.05570722144260367,0.21127429075717608,0.1992948021802231,0.22013072200083733,0.189334454430837,0.12425850918832274
"Broward County School District, Florida, USA",0.07134265263619292,0.23178556678009482,0.20787355825718834,0.19958584705184784,0.17734347659999652,0.11206889867467952
"Philadelphia City School District, Pennsylvania, USA",0.05593704156786962,0.19812376205855992,0.17153819873753803,0.2600594954891055,0.191061879649291,0.12327962249763594
"Palm Beach County School District, Florida, USA",0.11937824771659916,0.2532613032520875,0.18458743492752197,0.1766393268310934,0.16405049036849745,0.10208319690420052
"Houston Independent School District, Texas, USA",0.044733404704907415,0.17931657834240772,0.18324914380718854,0.2610442005688556,0.19664725458925386,0.13500941798738703
"Hillsborough County School District, Florida, USA",0.05555375185769192,0.20896306511579987,0.20055535828814514,0.22359327336926801,0.19073646415584197,0.12059808721325314
"Hawaii Department of Education, Hawaii, USA",0.07783954016153777,0.23466027640359535,0.18207404751371786,0.20746053305785836,0.17774997967488468,0.12021562318840605
"Orange County School District, Florida, USA",0.046050601830279016,0.18822737560011094,0.20215341122267513,0.24026400954927998,0.20358183168327462,0.11972277011438026
"Fairfax County Public Schools, Virginia, USA",0.052695298779489204,0.21109867495169368,0.2104390047591872,0.20747060640129236,0.19114878690503767,0.12714762820329978
"Wake County Schools, North Carolina, USA",0.043363048945846194,0.1901925000202178,0.21827272049263113,0.2199153010693843,0.20309502436464488,0.12516140510727575
"Charlotte-Mecklenburg Schools, North Carolina, USA",0.042135035568182495,0.18238684667533786,0.20539535542750836,0.2459554362279564,0.19341153004948272,0.13071579605153216
"Dallas Independent School District, Texas, USA",0.04066318102108782,0.17308133816817944,0.1805242814498642,0.2585401797590812,0.20992751127015366,0.13726350833163367
"San Diego City Unified School District, California, USA",0.05300138620073095,0.18313890139381697,0.18027502233689344,0.28669507533525085,0.1920481172985944,0.10484149743471347
"Montgomery County Public Schools, Maryland, USA",0.06563414109044859,0.22290171972803052,0.20603089958004386,0.19515119729833522,0.18629074396507722,0.12399129833806466
"Duval County School District, Florida, USA",0.05332597220543943,0.21641063017480963,0.18564503805368945,0.23058027441998563,0.18519168453477178,0.12884640061130406
"Prince George's County Public Schools, Maryland, USA",0.048774910808161154,0.21830779302272846,0.20098625239750384,0.21391215191168628,0.19209682521949534,0.12592206664042502
"Pinellas County School District, Florida, USA",0.11170712109023634,0.2990935993264694,0.18444244733943121,0.1786832324564579,0.13936875869443768,0.08670484109296753
"Gwinnett County School District, Georgia, USA",0.03425541310391802,0.18584730256652368,0.2178555459590584,0.20224774031582998,0.22357781726825732,0.1362161807864126
"San Francisco Unified School District, California, USA",0.06856273168457469,0.20834822769928565,0.20127611526642802,0.317541184654591,0.1247948485661311,0.07947689212898952
"Baltimore County Public Schools, Maryland, USA",0.07240225276764409,0.23648491317760928,0.18452376666346312,0.2004247206001164,0.18744198922633454,0.11872235756483258
"Jefferson County School District, Kentucky, USA",0.06327763730942247,0.23259665212351363,0.18291481502272555,0.2135892348731469,0.18658087574940976,0.12104078492178166
"Lee County School District, Florida, USA",0.12785360334309814,0.2983325775681009,0.1678480625536116,0.16107260061627926,0.15302717328288376,0.09186598263602627
"Seattle Public Schools, Washington, USA",0.046355059169720034,0.17865602597046715,0.19205022683541628,0.33628855317595896,0.16040610737653258,0.08624402747190503
"Austin Independent School District, Texas, USA",0.03581561814105682,0.16592127068192944,0.19093965771537816,0.3157771313649677,0.18416504019206795,0.10738128190459979
"Shelby County School District, Tennessee, USA",0.0476194090033685,0.20232973384669567,0.17642489776549067,0.2257737491528505,0.2074378280626522,0.14041438216894245
"Polk County School District, Florida, USA",0.08569890120984681,0.23587109548088234,0.17946485161565293,0.192864594726481,0.18906173753554667,0.11703881943159038
"Phoenix Union High School District, Arizona, USA",0.03284315794313591,0.1532565597988331,0.18856219464839313,0.24244790634365768,0.23979481052526225,0.1430953707407179
"Metropolitan Nashville Public School District, Tennessee, USA",0.04605278145469818,0.19224019166418155,0.17847319404769488,0.2783547421655056,0.1833068719063044,0.12157221876161534
"Denver County School District 1, Colorado, USA",0.04399848136754819,0.17074746168845156,0.18956508813611364,0.3230540677148676,0.16299560898380316,0.10963929210921591
"DeKalb County School District, Georgia, USA",0.04583176497512642,0.20151220885797885,0.19539470355353958,0.24167440492740463,0.18635628706561672,0.1292306306203337
"Cobb County School District, Georgia, USA",0.043908321934912495,0.204439600090549,0.21364396582952222,0.21660906890069367,0.19663248662606223,0.12476655661826037
"District of Columbia Public Schools, District of Columbia, USA",0.05009188568915752,0.17182016578757245,0.17499104636341542,0.31702687770193844,0.17185475819301205,0.1142152662649042
"Albuquerque Public Schools, New Mexico, USA",0.06524918473125776,0.23114715858985152,0.18197589700362826,0.2163481463674833,0.1945084049847258,0.11077120832305337
"Boston School District, Massachusetts, USA",0.047707219009737824,0.17314267109328654,0.16031030900006274,0.31271191155379896,0.2178885955904556,0.08823929375265839
"Northside Independent School District (Bexar County), Texas, USA",0.03790834625692516,0.16093150245629265,0.18581173343977547,0.24726234399931418,0.22808831182407416,0.13999776202361836
"Kern High School District, California, USA",0.04075371305506593,0.16723108452387628,0.17381485648506442,0.21379274484768593,0.2434234177910876,0.16098418329721975
"Detroit Public Schools Community District, Michigan, USA",0.056143370121468354,0.2071498739460732,0.17874620693530016,0.21215482120458018,0.20789581465149004,0.13790991314108805
"Cypress-Fairbanks Independent School District, Texas, USA",0.03081326534993865,0.17938578862848048,0.2114300092205732,0.2175645494278652,0.21841226488622056,0.14239412248692185
"Fulton County School District, Georgia, USA",0.043248769607071184,0.1986464527521581,0.22620135510547765,0.20909982616975065,0.19621712157646584,0.12658647478907648
"Brevard County School District, Florida, USA",0.10421179142016045,0.29608376705736406,0.17982356256015486,0.164734786966836,0.1628081712443874,0.09233792075109741
"Jefferson County School District R-1, Colorado, USA",0.061663199100838124,0.2449022942281079,0.1938450122345365,0.2289712084225193,0.16669176456727433,0.10392652144672374
"Anne Arundel County Public Schools, Maryland, USA",0.05795541249690085,0.22378362594076967,0.20021484201052733,0.20838066361027985,0.18726602913257157,0.12239942680895086
"Baltimore City Public Schools, Maryland, USA",0.05458433089041283,0.2143375218102276,0.1691009125914751,0.26261864877900226,0.18263384858702858,0.11672473734185355
"Milwaukee School District, Wisconsin, USA",0.04123878444726933,0.17222675173332216,0.1671452802209682,0.23936707693379583,0.23336165736303272,0.14666044930161187
"Columbus City School District, Ohio, USA",0.04449551335665986,0.17636384483396436,0.1568919336379044,0.2825025220657534,0.21401924531914823,0.1257269407865698
"Pasco County School District, Florida, USA",0.09761110716895637,0.2595267221170729,0.19228852411265335,0.1756730961365945,0.16894827621942274,0.10595227424530015
"Volusia County School District, Florida, USA",0.10395001302882906,0.2938265215941456,0.17349116135157233,0.1714338818804517,0.16057713158024275,0.09672129056475859
"East Side Union High School District, California, USA",0.054458987762679045,0.2063388903535305,0.20641523671559836,0.22365251476176995,0.1965021800343772,0.11263219037204496
"Greenville County School District, South Carolina, USA",0.06054985444491394,0.22189349459446053,0.19487642230057758,0.2036550496574408,0.19063879919799812,0.128386379804609
"Guilford County Schools, North Carolina, USA",0.06057580833420637,0.2169888445507786,0.19304165153293718,0.19707362310384263,0.21290098704009133,0.11941908543814403
"Fort Worth Independent School District, Texas, USA",0.04879167124088012,0.18059499865824824,0.17305693832532776,0.2282041235822511,0.22656225257266252,0.1427900156206302
"Portland School District 1J, Oregon, USA",0.043332344116450955,0.195099234677817,0.22164539861816887,0.3016271735245516,0.14748556997519274,0.09081027908781882
"Long Beach Unified School District, California, USA",0.04565942802720636,0.20270610540273487,0.19613558027903202,0.2466736536059228,0.19310591483233067,0.1157193178527733
"Mesa Unified District, Arizona, USA",0.07683854391692511,0.22234758161443596,0.1747411634500265,0.20997852394568245,0.1897931047502634,0.1263010823226666
"Atlanta City School District, Georgia, USA",0.045548601815259424,0.17284207392544126,0.17787331156398933,0.29886959095567717,0.19894219322276294,0.10592422851686976
"Sweetwater Union High School District, California, USA",0.052024912503917636,0.19427802141145742,0.195450394559078,0.2249194880157861,0.21119661889551788,0.12213056461424295
"Washoe County School District, Nevada, USA",0.05886301010092627,0.23671309285097925,0.1869275759862261,0.21374943200530266,0.18727358376514794,0.11647330529141768
"Grossmont Union High School District, California, USA",0.058868826618240104,0.22121720433072187,0.18062716689907196,0.21812867425202162,0.19342319344644215,0.1277349344535023
"Tucson Unified District, Arizona, USA",0.07414334760143212,0.22483007106353395,0.16206152591019038,0.19972786451531394,0.23193210220363827,0.1073050887058913
"Knox County School District, Tennessee, USA",0.06197561364744292,0.2209968557205452,0.18513186672142568,0.2030858070072604,0.21616554109843583,0.11264431580489015
"Prince William County Public Schools, Virginia, USA",0.03602467211637133,0.18098221563071337,0.21928121173549206,0.20878126366096125,0.2106862512741891,0.1442443855822729
"Seminole County School District, Florida, USA",0.06216114441720054,0.22406297204428105,0.2058551677214777,0.21557526819603615,0.18078573843237483,0.11155970918862987
"Virginia Beach City Public Schools, Virginia, USA",0.05690398831658409,0.21118039898281057,0.18561465986509626,0.23310269577892073,0.18952688919408045,0.1236713678625079
"Fort Bend Independent School District, Texas, USA",0.03630532589841541,0.21218578586503656,0.210470470328761,0.19491838922237872,0.21509911837844925,0.13102091030695903
"Jefferson Parish School District, Louisiana, USA",0.0680789866102122,0.24433211092802398,0.18345811140096568,0.20739108244572002,0.17012211170171423,0.12661759691336405
"Oakland Unified School District, California, USA",0.05247439143945143,0.19465736733702235,0.1988727933406227,0.28687760543894975,0.15555845208726632,0.11155939035668742
"Sarasota County School District, Florida, USA",0.1771339929565661,0.34513760784094477,0.15349283544822676,0.12482764082210682,0.12782762218868193,0.07158030074347364
"North East Independent School District, Texas, USA",0.05616291511971432,0.18898761879187864,0.20008048295925646,0.22763101392246315,0.19632430624703565,0.13081366295965177
"Minneapolis Public School District, Minnesota, USA",0.035491224231988104,0.1668678000710438,0.16884384755264184,0.2990771387773434,0.21213104958702972,0.11758893977995308
"Chaffey Joint Union High School District, California, USA",0.03974995652853865,0.18447658439388662,0.19804131987299445,0.22811836726805923,0.21672398791722883,0.1328897840192921
"Loudoun County Public Schools, Virginia, USA",0.03739760675909669,0.16408035670687343,0.2466157792650793,0.19702755192731783,0.20769991243327376,0.147178792908359
"Granite School District, Utah, USA",0.04572735601835215,0.17083727565613777,0.18113449082802657,0.23276231399110936,0.22253906227574063,0.14699950123063354
"Antelope Valley Union Joint High School District, California, USA",0.04140528061965229,0.1896549743971016,0.1867223901810291,0.20388912611146887,0.23506319615838545,0.14326503253236272
"Charleston County School District, South Carolina, USA",0.06084596892419583,0.2363139253455852,0.18112979151066433,0.23826673088555422,0.17252517621347685,0.11091840712052364
"Manatee County School District, Florida, USA",0.12320679593945678,0.3012760115899736,0.17361659878832097,0.15477782505622747,0.15234889469738427,0.09477387392863679
"Anaheim Union High School District, California, USA",0.05018835406743477,0.18909053098534576,0.19656526928151632,0.22572119032585686,0.21151128543644845,0.12692336990339784
"Fresno Unified School District, California, USA",0.049022807996489864,0.17033347265071305,0.1612996479155984,0.22861671780147697,0.23476597291771967,0.15596138071800217
"Alpine School District, Utah, USA",0.028919515466851797,0.11456545225576116,0.1559189061737601,0.2166404925468971,0.2832579924658724,0.20069764109085744
"Katy Independent School District, Texas, USA",0.03216095001433136,0.16192060810738085,0.23324045428194323,0.20105480356752295,0.21034379105866502,0.16127939297015645
"Osceola County School District, Florida, USA",0.05028251707065692,0.18971632604231572,0.2087155661778819,0.213874230604395,0.20865772182651376,0.1287536382782366
"East Baton Rouge Parish School District, Louisiana, USA",0.05597468175628815,0.20742342168376793,0.15938491092772705,0.21124827747137787,0.2373916393881432,0.12857706877269567
"Mobile County School District, Alabama, USA",0.0618370066207376,0.2330788180389508,0.18479957905013356,0.19607371361337672,0.19749154125116172,0.12671934142563973
"Orleans Parish School District, Louisiana, USA",0.05507664581456038,0.22867694166792463,0.17928297228458187,0.25270200586498065,0.17294660575976536,0.11131482860818706
"Lake County School District, Florida, USA",0.11874665052698441,0.28222492994435705,0.17977438216387165,0.16048408383747645,0.15756187693136145,0.101208076595949
"Forsyth County Schools, North Carolina, USA",0.06336093658946207,0.22764380283341765,0.18962286442707899,0.19124974551549526,0.20853769248422363,0.1195849581503225
"Marion County School District, Florida, USA",0.1283385353104451,0.29490350242458996,0.1589861004611577,0.1627363839599099,0.1564373116758284,0.09859816616806898
"Collier County School District, Florida, USA",0.1613024370057714,0.296801099279879,0.16195724294659758,0.14460140534244562,0.14963258866246062,0.08570522676284581
"Cleveland Municipal School District, Ohio, USA",0.0576911446845419,0.2251536694575241,0.173741539061159,0.22990661178047866,0.19570420150682954,0.1178028335094668
"Omaha Public Schools, Nebraska, USA",0.04736552772024529,0.19232653971774802,0.17088344265951788,0.2354315209917627,0.21569340570601508,0.13829956320471112
"Hamilton County School District, Tennessee, USA",0.07031608931037941,0.23808643267185922,0.18686438941168154,0.20905558434614388,0.18087836055733705,0.11479914370259882
"Chesterfield County Public Schools, Virginia, USA",0.053388290096109514,0.2287644733989624,0.20402837147510586,0.18836680581882037,0.1986281191112793,0.12682394009972253
"Arlington Independent School District, Texas, USA",0.04024968896810247,0.181005120840216,0.18195078671567338,0.23762284304649753,0.22397456061050014,0.13519699981901054
"Davis School District, Utah, USA",0.03868673553845691,0.15633543367211863,0.17609961235233337,0.217397605000683,0.24137546644520594,0.17010514699120208
"Plano Independent School District, Texas, USA",0.04927877533045943,0.22123684051335768,0.21030918065413476,0.21404617387283206,0.19712063310325445,0.10800839652596175
"Capistrano Unified School District, California, USA",0.06639135883667213,0.2575671827009958,0.21504414435165214,0.1678392034357234,0.1807251967933091,0.11243291388164736
"Elk Grove Unified School District, California, USA",0.04613375840443686,0.20209069883341826,0.20094003730251456,0.2043091752125157,0.21193459148851945,0.13459173875859518
"Douglas County School District RE-1, Colorado, USA",0.0426973196423704,0.2074897217975174,0.23826374829616623,0.18234852623266246,0.20643048938873917,0.12277019464254432
"Glendale Union High School District, Arizona, USA",0.051087933739565994,0.18392439286029996,0.18580262293943145,0.22215972092435146,0.21185350879734957,0.1451718207390016
"Sacramento City Unified School District, California, USA",0.06082417347168798,0.19568302804614812,0.1837651037329126,0.2575164670817811,0.18444929492815088,0.11776193273931923
"Horry County School District, South Carolina, USA",0.08165224073188079,0.32268858828817193,0.18156090064228056,0.16451654995432868,0.1575399069200987,0.09204181346323925
"San Juan Unified School District, California, USA",0.07573578962431729,0.24582641120769264,0.17064423237236945,0.22171266982032403,0.17325784810808276,0.11282304886721375
"Conroe Independent School District, Texas, USA",0.04459427593423658,0.18802322628830642,0.21126926690355466,0.19859982001581009,0.21648212306283654,0.14103128779525573
"Cincinnati City School District, Ohio, USA",0.0474549111952865,0.19527817646875115,0.1598992341604535,0.25223194221679734,0.22226443527292383,0.12287130068578757
"Henrico County Public Schools, Virginia, USA",0.06191533321328481,0.2233865267777429,0.20261260693360045,0.20861881278134145,0.1832080688641329,0.12025865142989738
"Howard County Public Schools, Maryland, USA",0.053831762076003424,0.21696107493439631,0.21409697249489734,0.1919434590339194,0.1989260375157935,0.1242406939449899
"Wichita Unified School District 259, Kansas, USA",0.05494827022582159,0.2092539047729454,0.1717155033137926,0.21912052217400504,0.21107779003441002,0.13388400947902532
"St. Lucie County School District, Florida, USA",0.10698430987156465,0.27465888681111117,0.17987116411326,0.16848480740852606,0.16999436227468342,0.10000646952085475
"Oxnard Union High School District, California, USA",0.05526807195558952,0.18971234099221537,0.1841781472896754,0.21654356807430505,0.2206077577547814,0.1336901139334333
"Cherry Creek School District 5, Colorado, USA",0.03968014305502943,0.1996893719707618,0.2216879959958953,0.2205340384022682,0.19291641294678138,0.1254920376292639
"Durham Public Schools, North Carolina, USA",0.048730891530739125,0.20103640214152238,0.18487814934436203,0.25794481267921526,0.1895135344499072,0.11789620985425409
"Huntington Beach Union High School District, California, USA",0.07673299838340432,0.24421010564020512,0.20892198743735987,0.1940318019611902,0.174724118370049,0.1013789882077916
"Fayette County School District, Kentucky, USA",0.05186803338374509,0.19869987614904466,0.17846673761646054,0.22201372940744424,0.23037833666299454,0.11857328678031084
"Escambia County School District, Florida, USA",0.06621438518574306,0.23745718694719328,0.16878065916418972,0.20399086654873477,0.20464639241220947,0.11891050974192977
"Tempe Union High School District, Arizona, USA",0.03793718982094877,0.18240491459605174,0.1741930052999241,0.2610556076207055,0.24944821187097166,0.09496107079139834
"El Paso Independent School District, Texas, USA",0.06369722044803193,0.19107966587064418,0.1643896386294803,0.21414198247811572,0.23210368151976496,0.13458781105396292
"Indianapolis Public Schools, Indiana, USA",0.04148231882516955,0.18027179308738972,0.17028009519973158,0.2620321927541395,0.2074413788721293,0.1384922212614404
"Lewisville Independent School District, Texas, USA",0.03404273146352587,0.1984858890064896,0.23013853089924663,0.23026450685015062,0.18553918904096064,0.1215291527396266
"Chula Vista Elementary School District, California, USA",0.052668777929043155,0.1960742064422403,0.20234541052085106,0.21794939159302393,0.2042289035035336,0.12673331001130786
"Cumberland County Schools, North Carolina, USA",0.05090068292078415,0.19295574536072438,0.1716409962062925,0.22871327897661048,0.21081460262046287,0.14497469391512555
"St. Paul Public School District, Minnesota, USA",0.03776258995128344,0.17991870889843797,0.1698687009888588,0.2565286310617237,0.2194472334229748,0.13647413567672131
"Newark City School District, New Jersey, USA",0.041451902101586474,0.17800219970640815,0.20104753665218497,0.23207661594309884,0.21081720847209898,0.13660453712462273
"Jordan School District, Utah, USA",0.026471760558239726,0.14648487909145197,0.20046585523585367,0.22457483065049524,0.22644840637722416,0.17555426808673533
"Pittsburgh School District, Pennsylvania, USA",0.06180210190637296,0.2049038380544061,0.14570699403581946,0.27665286140880363,0.2262623197674193,0.08467188482717856
"Garland Independent School District, Texas, USA",0.04349979137794348,0.20440229363325604,0.19642283360257226,0.20010022777859945,0.2194705824503901,0.13610427115723855
"St. Louis City School District, Missouri, USA",0.05132651005492304,0.21926634895157332,0.17653333861757656,0.2742621050441402,0.1694458480714157,0.10916584926037114
"San Antonio Independent School District, Texas, USA",0.06054260874683266,0.20305782919419463,0.17225335886100673,0.22300638860945315,0.21067606664871805,0.13046374793979487
"Aldine Independent School District, Texas, USA",0.026254068623166402,0.14658669914799324,0.18254310329218487,0.2362779916412774,0.23412221226436777,0.17421592503101035
"Clayton County School District, Georgia, USA",0.029347396546397304,0.1790075512996771,0.1931247146913187,0.22245551705895056,0.2251736484399211,0.1508911719637351
"Round Rock Independent School District, Texas, USA",0.032330914067530046,0.16437715359370064,0.2313174772060839,0.24607644323896402,0.192741398340433,0.1331566135532883
"Lincoln Public Schools, Nebraska, USA",0.05287618338481054,0.19202269165060398,0.16121110736518737,0.21289592206997685,0.25722646195647614,0.12376763357294512
"Chatham County School District, Georgia, USA",0.06065408379799606,0.21723009333257512,0.17680641864664315,0.2247319731824918,0.2024972738659512,0.1180801571743427
"Jersey City School District, New Jersey, USA",0.045252241020247545,0.1669429488831466,0.18064329644153143,0.3238735695430198,0.15049138765645353,0.1327965564556011
"Leon County School District, Florida, USA",0.049686388397229816,0.19404739401646282,0.1557781863798051,0.19998968948155232,0.29869915625590754,0.10179918546904261
"Beaverton School District 48J, Oregon, USA",0.04920968114873235,0.195236668252988,0.20983368550312434,0.24034649387523216,0.18728134988908604,0.11809212133083717
"Oklahoma City Public Schools, Oklahoma, USA",0.047758737200549004,0.18956471746847406,0.17420912013719742,0.24329321978092913,0.20308487574655779,0.1420893296662925
"Anchorage School District, Alaska, USA",0.03812720337273081,0.19682702624218312,0.1832162415817875,0.24258720129307232,0.19888796770548742,0.14035435980473882
"William S. Hart Union High School District, California, USA",0.044037435026452645,0.1986302720236543,0.2138438675208527,0.20370596743574174,0.20888709269357508,0.1308953652997236
"Tulsa Public Schools, Oklahoma, USA",0.05858166700729548,0.21618054150876623,0.17404852951228644,0.2224245766908311,0.19259383498607377,0.13617085029474693
"Modesto City High School District, California, USA",0.04964540959441911,0.19628363571320503,0.1784609426164347,0.21910730821045063,0.21432796258495598,0.14217474128053456
"Corona-Norco Unified School District, California, USA",0.04267749064128918,0.1827543472780832,0.21576989136569644,0.20375564240180408,0.221508523468602,0.13353410484452516
"Alachua County School District, Florida, USA",0.05533890234673454,0.19587864040757372,0.15101875287412486,0.21267982518077533,0.2829406418487098,0.10214323734208153
"Buffalo City School District, New York, USA",0.04837126056570214,0.20518022832423397,0.1634065308991308,0.24572209078623647,0.2092271684824153,0.12809272094228133
"Madison Metropolitan School District, Wisconsin, USA",0.04518911818997639,0.17536820891122865,0.15328223570945562,0.2605039369809508,0.2715878251457159,0.09406867506267264
"Chandler Unified District, Arizona, USA",0.06461108524526274,0.19641126957780847,0.22557867785690075,0.19468626422188834,0.19552863208225893,0.12318407101588082
"Klein Independent School District, Texas, USA",0.03685243700234376,0.18417049306705532,0.19765967789458064,0.2138589715055223,0.21097152226307153,0.15648689826742643
"Frisco Independent School District, Texas, USA",0.027204001589290924,0.12373699442066426,0.27739689374605514,0.19535876436275537,0.22421438567586827,0.1520889602053661
"Garden Grove Unified School District, California, USA",0.06339758272323981,0.21645992891233623,0.2081049554108384,0.20569395740807525,0.1966460718166434,0.10969750372886702
"Alief Independent School District, Texas, USA",0.03780231158517419,0.16082353956776485,0.19107305239937308,0.2486400749129081,0.217200547824905,0.14446047370987486
"San Bernardino City Unified School District, California, USA",0.032400458956254145,0.15853172077537975,0.17992450981968383,0.22823571553759409,0.24350449892971107,0.15740309598137714
"St. Johns County School District, Florida, USA",0.07598861977089003,0.2683159970495701,0.20697415363309257,0.16038445906278703,0.18042028570998495,0.1079164847736752
"Irvine Unified School District, California, USA",0.04341252245931255,0.16122117880096629,0.20320284299008365,0.2399219743684449,0.2257761524867886,0.12646532889440407
"Frederick County Public Schools, Maryland, USA",0.05770136599152151,0.22295867632655172,0.20144449678128437,0.20015850585798783,0.1955752940208899,0.12216166102176468
"Salem-Keizer School District 24J, Oregon, USA",0.05861328140831332,0.20623422157557578,0.17603608959333586,0.2205589519587633,0.20838848388730294,0.1301689715767088
"Deer Valley Unified District, Arizona, USA",0.04026839684105531,0.22688025763610825,0.22032258033252689,0.2001927845864586,0.1887913648811351,0.12354461572271593
"San Jose Unified School District, California, USA",0.054576560959804475,0.19418363316216206,0.21138865861295386,0.2293255825440318,0.20150752122122362,0.10901804349982425
"Paradise Valley Unified District, Arizona, USA",0.06565493551972776,0.23748001007753947,0.1978316884289411,0.21871844521161843,0.16877652376052593,0.11153839700164733
"Cherokee County School District, Georgia, USA",0.04892143960633979,0.22387518834277437,0.21973641547939216,0.18698861360645397,0.2003814537201272,0.12009688924491257
"Mount Diablo Unified School District, California, USA",0.06296531487598994,0.23419844022459343,0.1945296654171961,0.22257905585306717,0.1640543508431024,0.121673172786051
"St. Tammany Parish School District, Louisiana, USA",0.06303296435678973,0.2485740052283313,0.19399617197934585,0.17992838633328076,0.1926909919748547,0.12177748012739767
"Fullerton Joint Union High School District, California, USA",0.06410387239903684,0.20410988731197455,0.19106291096648878,0.21420088713842178,0.205889617417003,0.12063282476707504
"Harford County Public Schools, Maryland, USA",0.06304936680531865,0.24367769966275926,0.197575261805357,0.19114685023267353,0.1844637716949241,0.12008704979896746
"Sequoia Union High School District, California, USA",0.06015153253326897,0.20849600729799472,0.20877872541520107,0.2223146179550469,0.17808942482889456,0.12216969196959378
"West Contra Costa Unified School District, California, USA",0.05580640976235471,0.2188481006532368,0.2054782290888499,0.22190038965310646,0.18118951081682766,0.11677736002562453
"Township High School District 214, Illinois, USA",0.08054550159063016,0.23034565984352634,0.2054883476965802,0.20144107818855478,0.15909910717977999,0.12308030550092847
"Riverside Unified School District, California, USA",0.04262790236155887,0.17278898072946963,0.18220624518681944,0.22044642542867451,0.2648252128802544,0.11710523341322324
"Pasadena Independent School District, Texas, USA",0.031133466471265744,0.1621524918839594,0.18891805117767366,0.21113105120284548,0.25161290339971726,0.15505203586453845
"Peoria Unified School District, Arizona, USA",0.07450988257376762,0.24132482790020526,0.18544407276552813,0.1937327391361672,0.18454921666304916,0.12043926096128262
"Forsyth County School District, Georgia, USA",0.045797830350675986,0.18607225111290163,0.25170292243462966,0.1690959251934861,0.20943301024601824,0.13789806066228832
"Meridian Joint School District 2, Idaho, USA",0.05356322123230588,0.2129774546042717,0.2028877590799455,0.19917655529505737,0.20619660143706106,0.12519840835135843
"San Mateo Union High School District, California, USA",0.07721687690172735,0.20896780663096562,0.2068738269140419,0.23346125424675865,0.1554992365579413,0.11798099874856517
"Chesapeake City Public Schools, Virginia, USA",0.04913987021183626,0.2151780946061852,0.1905312899519362,0.21786852879776006,0.19818183289369387,0.12910038353858846
"Anoka-Hennepin Public School District, Minnesota, USA",0.05216006071443567,0.2278987488680036,0.20074042584640442,0.19703422777639704,0.19457173077718712,0.12759480601757212
"Washington Elementary District, Arizona, USA",0.0563480073676338,0.1960707045026396,0.18901782099496453,0.22343327684989894,0.19857509102240103,0.1365550992624621
"Clear Creek Independent School District, Texas, USA",0.05383496649150143,0.20736934043982916,0.2036935610106133,0.20942318167762802,0.19472872187920906,0.1309502285012191
"Corpus Christi Independent School District, Texas, USA",0.05694290220100127,0.19645513154725353,0.1838800913914125,0.2150333137183158,0.21444987792945996,0.13323868321255683
"Santa Ana Unified School District, California, USA",0.03664855717276907,0.16175449435560402,0.1931731451611585,0.25040033844262516,0.2359843243053582,0.12203914056248506
"Socorro Independent School District, Texas, USA",0.02244632089686066,0.13796105060155495,0.1901225384829042,0.23870646589158784,0.25019497942800384,0.16056864469908844
"Lafayette Parish School District, Louisiana, USA",0.04981071678836339,0.2096710659982668,0.17550472067768777,0.23780439767303976,0.19711576337318035,0.13009333548946198
"Colorado Springs School District 11, Colorado, USA",0.06303047908042768,0.21711944145392514,0.16774637377258236,0.24623592423683996,0.19823035364179073,0.1076374278144342
"Henry County School District, Georgia, USA",0.04141572314662174,0.19964092890213578,0.22097750477285497,0.18831788327886356,0.22386392796933896,0.12578403193018498
"Adams 12 Five Star Schools, Colorado, USA",0.04050564807799657,0.17985179787445515,0.2008036819029546,0.23787916886613775,0.206676649825901,0.134283053452555
"Township High School District 211, Illinois, USA",0.05827580818476516,0.22361188397903672,0.1941044426974109,0.22125548905538117,0.16793692352845233,0.13481545255495367
"Spokane Public Schools, Washington, USA",0.060124031588130324,0.2306209133640993,0.172554215729083,0.23457202627525542,0.1891374612818149,0.1129913517616171
"Richardson Independent School District, Texas, USA",0.05317930966700255,0.17948000153115826,0.1935109021977884,0.23918445855737513,0.1855558756637366,0.14908945238293897
"Fremont Union High School District, California, USA",0.060160319111957204,0.17958648662376092,0.22104662148747362,0.2511561670707915,0.16964011810264526,0.11841028760337141
"Jefferson County School District, Alabama, USA",0.06525397696158163,0.23469454238820722,0.18481154020732843,0.2000901674997492,0.183460265126397,0.13168950781673655
"Boulder Valley School District RE-2, Colorado, USA",0.052831357394493086,0.2043979836651581,0.18735995902309505,0.21186283205422,0.25544961109346653,0.08809825676956723
"Arlington County Public Schools, Virginia, USA",0.04130825740995224,0.16687450162026424,0.20546818004445128,0.32215690266537733,0.1596723842486555,0.10451977401129932
"Union County Public Schools, North Carolina, USA",0.046682421223679264,0.20192703405614768,0.2353085927390444,0.15774356276437368,0.2320501996190055,0.1262881895977495
"Norfolk City Public Schools, Virginia, USA",0.04234679673597371,0.17888805964286386,0.1502754543978646,0.2567290609773455,0.2567117483701428,0.11504887987580942
"Caddo Parish School District, Louisiana, USA",0.0692474879709051,0.2354453903799877,0.17484871847527134,0.19948449026275153,0.19268323707761176,0.12829067583347256
"Scottsdale Unified District, Arizona, USA",0.09881497289987612,0.2733369097357937,0.18415188038284483,0.2159276450867943,0.14703334065399942,0.08073525124069167
"Adams-Arapahoe School District 28J, Colorado, USA",0.03773679324093275,0.17190680822054674,0.18528764495402966,0.2510986152270555,0.2122195437650173,0.14175059459241812
"School District U-46, Illinois, USA",0.04837902023346035,0.21463123014051153,0.20441541280672265,0.1991521233396878,0.20778471699351175,0.12563749648610592
"Campbell Union High School District, California, USA",0.06069500718201764,0.21166115032708566,0.2143803722145528,0.22909062811721576,0.1556818587989973,0.12849098336013084
"Clovis Unified School District, California, USA",0.05749625452823051,0.19780709988644185,0.18304433221108632,0.21176625910401112,0.20375414555135987,0.14613190871887038
"Shawnee Mission Public Schools Unified School District, Kansas, USA",0.07124863606435733,0.2301830097232445,0.17135495523400218,0.23325202568199124,0.17653836103066867,0.11742301226573608
"Tacoma Public Schools, Washington, USA",0.053677574748610145,0.21119344603184914,0.19299078794547553,0.24664933785245924,0.17737952909656524,0.11810932432504062
"Fremont Unified School District, California, USA",0.0542289727329915,0.1868293511150271,0.2268799188529715,0.23740940609627992,0.162284088381681,0.13236826282104885
"Berkeley County School District, South Carolina, USA",0.04966949280713127,0.214754054607083,0.18767292687917567,0.21696929797247425,0.195470761456545,0.13546346627759073
"Gaston County Schools, North Carolina, USA",0.06202224069427839,0.2310639406198771,0.20700601230112328,0.19358903912268294,0.18535291676650212,0.12096585049553615
"Killeen Independent School District, Texas, USA",0.0219375551831401,0.1323125189768976,0.16276543851962139,0.24958064912474262,0.2674236187129234,0.16598021948267483
"Richmond City Public Schools, Virginia, USA",0.04902034423497141,0.20769914821455338,0.16070944607556142,0.29135071507508686,0.18575193974848825,0.10546840665133866
"Canyons School District, Utah, USA",0.046112175376173015,0.1930540466080629,0.1871644772396454,0.23362146657505406,0.20018866319573875,0.1398591710053259
"Buncombe County Schools, North Carolina, USA",0.08339200181087239,0.26184152714255005,0.19673040859655413,0.19671621047797053,0.16037866306650023,0.10094118890555268
"Fort Wayne Community Schools, Indiana, USA",0.05759850858038275,0.20073796075218353,0.17506444413113414,0.218567553903445,0.21109883096954804,0.13693270166330654
"New Hanover County Schools, North Carolina, USA",0.06892079173714924,0.2409009988275064,0.18402833447066308,0.1959763559222785,0.2106526516754064,0.09952086736699654
"Orange Unified School District, California, USA",0.06125719180617945,0.21283434389169725,0.19651034138415224,0.21584964159801587,0.20240191890446582,0.1111465624154894
"Whittier Union High School District, California, USA",0.06149293415489029,0.19686034376710745,0.19420304239753933,0.22201827515526687,0.20681402682990083,0.11861137769529523
"Poudre School District R-1, Colorado, USA",0.0471915415701554,0.19326484567042035,0.16002824660892517,0.22850544787846483,0.27200407313333,0.09900584513870413
"Saddleback Valley Unified School District, California, USA",0.08848369259858473,0.24883711596825137,0.21130566491511782,0.18480306333869065,0.15819631352944485,0.10837414964991063
"Glendale Unified School District, California, USA",0.08015453305877825,0.23468006162539326,0.20536544684554645,0.22053119583333503,0.15994236387720293,0.09932639875974418
"Clay County School District, Florida, USA",0.05687260757808291,0.24079090925901983,0.2013517761710155,0.18990513527007774,0.19396416221314028,0.11711540950866356
"Springfield R-XII School District, Missouri, USA",0.07230271262839717,0.21052211475651922,0.1653300284526093,0.19949996327500064,0.2479257481489609,0.10441943273851273
"Leander Independent School District, Texas, USA",0.03111143272282937,0.16595165702778827,0.24097265634205178,0.21521290292203135,0.2092727875226187,0.1374785634626806
"Humble Independent School District, Texas, USA",0.033266464471098,0.18286711701560038,0.21336925174418048,0.2096752933689811,0.21726905046973277,0.14355282293040728
"Montgomery County School District, Alabama, USA",0.06084014325174691,0.2207480552389853,0.18336475358599774,0.20135171394428727,0.2027621879821105,0.1309331459968724
"Denton Independent School District, Texas, USA",0.03942745740271076,0.16471264138102196,0.17637164641193614,0.23475825351943125,0.2571810317730555,0.12754896951184447
"Stockton Unified School District, California, USA",0.04332384320111152,0.1659835498943406,0.17209954110624195,0.22161983025150903,0.2368471452930554,0.16012609025374158
"Baldwin County School District, Alabama, USA",0.0803056705272119,0.26692575908023225,0.1850014293228553,0.17559423046051653,0.1830845293497388,0.10908838125944517
"Calcasieu Parish School District, Louisiana, USA",0.05732061736406986,0.2196091156193857,0.1747082004834323,0.21066937539384728,0.19713984744599,0.14055284369327475
"Johnston County Schools, North Carolina, USA",0.047444633730834705,0.210022714366837,0.21905167518455415,0.19063978799924286,0.20765190232822262,0.12518928639030857
"Toledo City School District, Ohio, USA",0.05110849817262694,0.21090551540648894,0.17627759741098922,0.21584159057776578,0.21124869708633323,0.13461810134579583
"Huntsville City School District, Alabama, USA",0.06864486902346104,0.22608699890167888,0.17286108649440904,0.2162801779784884,0.20069834752315446,0.11542852007880827
"Lake Washington School District, Washington, USA",0.04545340055855595,0.1860159450867326,0.21706150421430873,0.25401383606501443,0.16505049982229444,0.13240481425309378
"Clarksville-Montgomery County School System, Tennessee, USA",0.03451385591004817,0.16218394278231063,0.17502530376510425,0.2587651762629096,0.21532424796250757,0.15418747331711977
"Des Moines Independent Community School District, Iowa, USA",0.04692067796892504,0.19880406903646194,0.17752899156189741,0.23492317834228596,0.20742544186464135,0.13439764122578834
"Boise City Independent School District 1, Idaho, USA",0.05943392231908055,0.22162481058907052,0.18901237306405277,0.23337308945970234,0.19833976386545435,0.0982160407026395
"Santa Rosa High School District, California, USA",0.07211630702940525,0.2396816406818104,0.1908473842134984,0.20765037740235925,0.1824167013762249,0.10728758929670186
"Okaloosa County School District, Florida, USA",0.06300721693829774,0.22981408019882363,0.16724657075945126,0.22619127276203244,0.18469148783635303,0.12904937150504198
"Yonkers City School District, New York, USA",0.07698946264244502,0.22115577170647982,0.18949601869069754,0.2109950889238546,0.18755542840795283,0.11380822962857003
"Gilbert Unified District, Arizona, USA",0.05206130418310838,0.18950512151574905,0.20705092888645482,0.1987627732612129,0.22010754017845674,0.13251233197501802
