longname,Silent %,Boomer %,Gen X %,Millennial %,Gen Z %,Gen Alpha %
"CA-SD003, USA",0.06182413571886781,0.22508783525908602,0.184497221441203,0.19823088515051696,0.21517355296110433,0.11518636946922181
"CA-SD023, USA",0.04205815061787402,0.18787688022577953,0.19158138427070945,0.20549181264745672,0.22934827578975917,0.14364349644842114
"CA-SD004, USA",0.06743338393333201,0.24297246730088976,0.18084513830164348,0.19071185872008226,0.1950992698666653,0.12293788187738718
"CA-SD010, USA",0.05345907537043921,0.19085613864750575,0.19807328102049188,0.27610837553425993,0.16162307926959424,0.11988005015770913
"CA-SD039, USA",0.05361469814395435,0.19613364231585137,0.18162394356016778,0.26632359860945903,0.18962064299232065,0.1126834743782469
"CA-SD024, USA",0.07361312183745478,0.22811034782923112,0.2046594664125597,0.23578733077048578,0.16444664956856678,0.09338308358170178
"CA-SD025, USA",0.07965345240748539,0.23513518125769517,0.2090511041105618,0.2048714271682569,0.16923489307251807,0.10205394198348262
"CA-SD033, USA",0.04112704381513657,0.18115723773050812,0.19742193852998696,0.23752602645635426,0.21764398101483634,0.12512377245317768
"CA-SD015, USA",0.05437283976177838,0.20292348081614087,0.2122003697693111,0.21548655601041905,0.1971983017303917,0.11781845191195897
"CA-SD021, USA",0.06366732914196846,0.2079593869165687,0.1766219413135315,0.20001708212841215,0.22816414121842687,0.12357011928109236
"CA-SD005, USA",0.051086344578201805,0.19259274770146587,0.1962185655769793,0.20926196965215166,0.21052561819928317,0.1403147542919182
"CA-SD011, USA",0.06949173629875299,0.21354609960231208,0.20003762827806224,0.30567968215982894,0.13018422389420098,0.08106062976684282
"CA-SD037, USA",0.06101417949445171,0.206648711542409,0.2055979429553553,0.21622430236552087,0.1956451518573507,0.11486971178491232
"CA-SD013, USA",0.07217248216469144,0.21438067014716136,0.21302870896461756,0.21058176582008875,0.17685304991104245,0.11298332299239845
"CA-SD022, USA",0.0511563316792338,0.19686725917765632,0.1973303139864937,0.22004875250107397,0.2145985068159264,0.11999883583961572
"CA-SD014, USA",0.04118763353244627,0.16086087576990823,0.1709274589844088,0.22254715172762377,0.24138724034027456,0.1630896396453384
"CA-SD017, USA",0.06140052606409274,0.22094189315815121,0.17589338083626677,0.19388939222289442,0.23077196652624168,0.11710284119235316
"CA-SD002, USA",0.0793525091969819,0.27292247796047603,0.19394266426809006,0.1757497618491357,0.1729121112791579,0.10512047544615845
"CA-SD027, USA",0.06886764928174863,0.23348099027248526,0.20945194226198827,0.214206073847188,0.1701250631446792,0.10386828119191066
"CA-SD009, USA",0.0671524020668418,0.23340386016299763,0.20709160803901908,0.1958457224381002,0.1836658439659287,0.11284056332711263
"CA-SD030, USA",0.06234430297111181,0.21648069349752316,0.19733193006418975,0.21178976681594527,0.19920486639769608,0.11284844025353391
"CA-SD036, USA",0.08193245501252887,0.2506150118594779,0.2036809336068402,0.18831931434731658,0.17506195248097894,0.10039033269285752
"CA-SD028, USA",0.048212168625297466,0.1814976573582281,0.19401850041732815,0.2625704215805238,0.1988802604302086,0.11482099158841394
"CA-SD038, USA",0.06278590067924228,0.21532782669283485,0.19717539163176934,0.20923515509272417,0.19979541032532688,0.11568031557810242
"CA-SD018, USA",0.05465205070214298,0.19667080940257725,0.18835221194460328,0.2265540648598295,0.2112521302882817,0.12251873280256532
"CA-SD006, USA",0.06866400144887506,0.22747630233414232,0.19355609596220913,0.20355283082687284,0.18434608450915257,0.12240468491874812
"TX-SD030, USA",0.04796772279504594,0.18505170284454214,0.207534238136103,0.20999556064702252,0.21624394884607595,0.13320682673121034
"TX-SD009, USA",0.042786025336943034,0.18916588211388508,0.1995062699090922,0.2190662481153332,0.20963981160570863,0.13983576291903793
"CA-SD016, USA",0.03505605492997125,0.14854827324264147,0.17258934753003527,0.22352724621583117,0.2551642029146714,0.16511487516684953
"TX-SD016, USA",0.03524573991570517,0.15667667772270624,0.18986493077678945,0.24869557347269328,0.22026984326478066,0.14924723484732522
"TX-SD023, USA",0.03630299345944667,0.18035162412653316,0.18638670440537716,0.23183798082540172,0.22083690323648433,0.144283793946757
"TX-SD008, USA",0.0434936752547275,0.19253978494879165,0.22586181157083832,0.19672841767168675,0.20758161052391522,0.1337947000300407
"TX-SD003, USA",0.06698904536108727,0.23171623671462993,0.18430239284794273,0.18993740700453138,0.20030948769415058,0.12674543037765817
"TX-SD024, USA",0.05597836952554582,0.19738672248957728,0.1837983322774519,0.21764400881690393,0.20976775387297622,0.13542481301754491
"TX-SD012, USA",0.04351767024953918,0.21191502943061172,0.21649268908911165,0.2184132201900932,0.18623623746385912,0.12342515357678525
"TX-SD022, USA",0.05367981350811876,0.20071181313472722,0.18424360886565616,0.20345640559575826,0.2277614418381734,0.13014691705756629
"TX-SD006, USA",0.03125525219634478,0.15828757089272322,0.18716409354007538,0.22038006249109468,0.2430945596823951,0.15981846119736684
"CA-SD007, USA",0.05406324257539877,0.20581433493762594,0.19685645512815866,0.2550837117695317,0.180171895246825,0.10801036034245991
"TX-SD002, USA",0.05097616984164464,0.2072491435596298,0.19482763397578506,0.20409793706580048,0.20833449245589242,0.13451462310124754
"TX-SD014, USA",0.03412164808943779,0.1664848095733255,0.20509411440008554,0.29154269240076297,0.18449969105112932,0.11825704448525892
"TX-SD004, USA",0.0455501526382449,0.20176976505607103,0.20108099412278943,0.20215493036284446,0.2101662755905968,0.13927788222945345
"TX-SD007, USA",0.037252814017761544,0.18487508768842748,0.2126607546586784,0.20717228528718756,0.20891949152065464,0.14911956682729047
"CA-SD031, USA",0.03543002702107963,0.15765276247222057,0.18982564249435602,0.22461210904693124,0.25424809021434314,0.1382313687510694
"CA-SD040, USA",0.061829690360215184,0.2157218838262146,0.19439685363885564,0.20868050786743744,0.19292447584138744,0.12644658846588966
"CA-SD019, USA",0.08797343131502351,0.24658553125539376,0.16522025938250745,0.18803200824808777,0.18632303361917496,0.12586573617981256
"CA-SD035, USA",0.04607476673526047,0.18386660229855423,0.1972212962802214,0.222022321262356,0.21210615797332452,0.13870885545028347
"TX-SD015, USA",0.035193419341243225,0.1738116035845056,0.1885558261082394,0.2658400819062495,0.19777220122722006,0.13882686783254217
"TX-SD013, USA",0.03892758315342889,0.1726015502806702,0.18828845896718371,0.24075166961752187,0.21988947928667982,0.13954125869451556
"CA-SD026, USA",0.05184762291347686,0.18102415387000848,0.1975690888255155,0.28374140486671595,0.18110718396980072,0.10471054555448235
"CA-SD034, USA",0.044197604347994565,0.17419861640555834,0.19401227693955553,0.23832447065549545,0.2216054669404992,0.12766156471089682
"TX-SD018, USA",0.053856331380379756,0.21012997552341203,0.19433144566358013,0.19190659414444797,0.21206209133539153,0.13771356195278872
"CA-SD012, USA",0.05855911273908956,0.20626786059233126,0.1742132447085337,0.21207718307157752,0.2072617524645255,0.14162084642394238
"CA-SD001, USA",0.07804764409911945,0.2581252804960113,0.16655848768299614,0.18819783093734296,0.19276693969741787,0.11630381708711227
"CA-SD020, USA",0.049706773940971824,0.19472209311536204,0.2036502322234835,0.23218540381878716,0.20066421342585997,0.11907128347553546
"CA-SD032, USA",0.05403345231886247,0.20892814029188192,0.2017606150059105,0.19441343033834368,0.20556886724693832,0.13529549479806308
"CA-SD008, USA",0.050314830536714934,0.1946068602390224,0.1899351597888858,0.23451056212029175,0.19973281308009042,0.1308997742349947
"CA-SD029, USA",0.037102400229923164,0.16517515467000982,0.18924984496000732,0.22982197925313538,0.23570585943630679,0.1429447614506176
"TX-SD010, USA",0.05445447933652451,0.20274323903672303,0.18432064251010857,0.2028828724762148,0.2180710701478721,0.13752769649255703
"TX-SD005, USA",0.05218167806216215,0.1979387725967507,0.18361772174300695,0.2040118040521962,0.23905485471031032,0.12319516883557359
"TX-SD026, USA",0.05091835819618741,0.1818211870930662,0.17516879719612302,0.23857833800544087,0.21712750969215855,0.1363858098170242
"TX-SD001, USA",0.07253484882375055,0.23485577288491027,0.17859275683023862,0.18505328031722929,0.20104714770602578,0.12791619343784552
"TX-SD027, USA",0.0539193899313372,0.171482591931726,0.176888813937305,0.19033242347009033,0.24636803747544112,0.16100874325410033
"TX-SD020, USA",0.051555292856580226,0.168579706170783,0.17726346662511117,0.20241101445811782,0.24298766871814567,0.157202851171262
"TX-SD029, USA",0.05141843389340147,0.1777968543963387,0.17713552096338855,0.2142007213352108,0.23646807054925187,0.14298039886240857
"TX-SD011, USA",0.04883243156385452,0.20627859269612756,0.199435298343633,0.20713832393811107,0.2012300002407416,0.13708535321753212
"TX-SD025, USA",0.05490957150539623,0.22778409001535166,0.215648912712475,0.1848589444692274,0.18891922216086462,0.12787925913668516
"TX-SD017, USA",0.05280871793195155,0.2028820728422462,0.20082630451913253,0.21034050799645976,0.19649704243714938,0.13664535427306057
"TX-SD019, USA",0.04319857156969338,0.1687306834432187,0.1827373418295173,0.2236222643941874,0.23433029639155123,0.14738084237183222
"TX-SD028, USA",0.06348251707483757,0.20102739656938035,0.16401000388614834,0.20278693528938999,0.2395373721187036,0.1291557750615402
"TX-SD021, USA",0.039802306590483276,0.16074180099885443,0.1752705571140696,0.2368212683415261,0.24551163378164972,0.1418524331734167
"TX-SD031, USA",0.04977489272796216,0.18311467517059776,0.17289172501442882,0.22075412326026575,0.21552478515015067,0.15793979867659486
"FL-SD038, USA",0.0663820193978848,0.2129876938594773,0.21220032461243052,0.19441821690329159,0.19301434417537053,0.12099740105154531
"FL-SD024, USA",0.08460928023879416,0.21947446765336415,0.19083531498323617,0.20936884148560203,0.17981316926674148,0.11589892637226198
"FL-SD005, USA",0.05394234868591812,0.2147270613626262,0.17813806642979815,0.23695280309538194,0.18069462707012632,0.1355450933561492
"FL-SD008, USA",0.10184057650291586,0.2882216806578235,0.1741775218318751,0.1759381541182493,0.164544935995535,0.09527713089360143
"FL-SD018, USA",0.11003426231919582,0.29818379703343817,0.1830198474742088,0.18204684440813285,0.14029982528203933,0.08641542348298503
"FL-SD037, USA",0.09299912125269351,0.27257647780959693,0.20730844347151953,0.18712862638570862,0.14112501161610244,0.0988623194643789
"FL-SD040, USA",0.06975147414976476,0.22231669775007215,0.21696302657757455,0.19175473021993608,0.18938926188017852,0.10982480942247401
"FL-SD004, USA",0.05810237893934626,0.23105155627828933,0.19385850920392814,0.21415759297923098,0.18425465219234316,0.11857531040686209
"FL-SD035, USA",0.057399159514284426,0.21202944303957372,0.23217221133463198,0.1881267894709188,0.19899503264412047,0.11127736399647055
"FL-SD032, USA",0.06963584357895453,0.22338434996688364,0.19494814523407983,0.21144125294530228,0.1818876651457061,0.11870274312907378
"FL-SD007, USA",0.09551272733635019,0.2970507962209643,0.1888945520438797,0.1521863580062663,0.1638124082762589,0.1025431581162805
"FL-SD003, USA",0.06144880345596307,0.2262545905294032,0.17816711839634372,0.19413337280186424,0.23850771948974653,0.10148839532667935
"FL-SD031, USA",0.11801311401840356,0.2811454178365245,0.18982448747041625,0.15686244375744962,0.16072112447359838,0.09343341244360769
"FL-SD036, USA",0.0902619984251431,0.2154604529564559,0.2159821908647899,0.25313197126076825,0.13419345548349085,0.09096993100935208
"FL-SD026, USA",0.15407002007313408,0.2764640245016922,0.17245602464272147,0.15624290487993645,0.1484648767627005,0.09230214913981528
"FL-SD030, USA",0.08775954524801494,0.23317930315890661,0.19349518614695196,0.19307833950750827,0.17737683772594431,0.11511078821267406
"FL-SD001, USA",0.06390048603168265,0.23816088965976787,0.18049709167542075,0.20253212179238222,0.19599668839881315,0.11891272244193334
"FL-SD033, USA",0.1434322400695285,0.31979640231528395,0.16536188640375993,0.15668186102136103,0.133859904889783,0.0808677053002836
"FL-SD006, USA",0.062142110573464325,0.2305796908827365,0.17994085069120486,0.19918343367487598,0.21683427121255616,0.11131964296516206
"FL-SD002, USA",0.06962809618502101,0.248438580586534,0.18274701046131442,0.2106460774934933,0.17286698331702616,0.115673251956611
"FL-SD011, USA",0.16517814664848918,0.35906553480354153,0.14728104689903546,0.13145887612558718,0.12441835274298944,0.0725980427803572
"FL-SD019, USA",0.10384450017189698,0.29541918234170544,0.18022181506162058,0.16392771472775713,0.1634920732875036,0.0930947144095164
"FL-SD028, USA",0.1355890605274013,0.2751367821961195,0.16535253292998822,0.15545873173367583,0.16970175163551293,0.09876114097730213
"FL-SD009, USA",0.1086028982309476,0.27083636747364426,0.15921283049093565,0.17486611074986563,0.18629236550993528,0.1001894275446716
"FL-SD013, USA",0.09681176531645425,0.25357912000788835,0.19398574658924608,0.17560684682360717,0.16640298777878787,0.11361353348401633
"FL-SD012, USA",0.09076763807741077,0.24114202989084552,0.17657042690927782,0.19270385861267147,0.18498464850558483,0.1138313980042096
"FL-SD023, USA",0.0691429195905704,0.22899102146510072,0.2038617555307961,0.19172072939727217,0.18828617165047012,0.11799740236579045
"FL-SD014, USA",0.05801915700376355,0.2150266903665405,0.21435560710467913,0.22647088232326804,0.17432913034504227,0.1117985328567064
"FL-SD029, USA",0.14009793957211253,0.3014414865958943,0.15984563856237582,0.15460065310832713,0.1521519305583923,0.09186235160289796
"FL-SD016, USA",0.047971995864832515,0.1956850949451356,0.17864275334091662,0.2452694551392516,0.20698672832865112,0.12544397238121252
"FL-SD010, USA",0.06520127186405918,0.22523755191714295,0.2026998014785265,0.21805174405553082,0.18059164922836746,0.10821798145637308
"FL-SD021, USA",0.11590384817831628,0.296446365393501,0.1895292987015294,0.16501940515954835,0.14210133740824443,0.09099974515886042
"FL-SD020, USA",0.10154999223271947,0.2698483745368883,0.18493957718250417,0.17207589689749916,0.16411634060081126,0.10746981854957767
"FL-SD027, USA",0.11749983168400854,0.28808087261523824,0.1687071741186964,0.16350964722814132,0.16330504630647288,0.09889742804744249
"FL-SD039, USA",0.07772585534410825,0.22440594845211745,0.23405962646550646,0.18869140917478883,0.17557898502551053,0.0995381755379685
"FL-SD015, USA",0.04266296876574495,0.19275674796374564,0.19823061283398233,0.23868089060396688,0.19484569547234362,0.13282308436021673
"FL-SD017, USA",0.04795190522971936,0.178975317847099,0.19446749116849277,0.250059620106531,0.2227786188771082,0.10576704677104974
"FL-SD034, USA",0.05869874313585136,0.20945444951469522,0.20113549555068713,0.21115118111122735,0.18669896372727307,0.1328611669602659
"FL-SD022, USA",0.17082468665849682,0.3393314117495901,0.15585008690362703,0.12887330045737527,0.13152944609915412,0.07359106813175677
"FL-SD025, USA",0.047638579726090584,0.1908304614226425,0.21389932336376433,0.21974635392513095,0.20430824033842698,0.12357704122394471
"OH-SD021, USA",0.08182647855068498,0.24951782138633935,0.17222329049222,0.1887538770124863,0.19091023887949585,0.1167682936787737
"OH-SD023, USA",0.058343998141403924,0.22016855927481835,0.17321347789175323,0.24658537134992253,0.19165442973583496,0.11003416360626683
"OH-SD024, USA",0.0824521759128008,0.26063362379767185,0.19045704738072328,0.18259984990527306,0.17329686980609632,0.11056043319743471
"OH-SD018, USA",0.08667016510365617,0.27526102609533115,0.18972493193961043,0.17432341601705145,0.16887547132564779,0.10514498951870303
"OH-SD028, USA",0.06886520008222048,0.24178480053390425,0.18154984926875192,0.17919511454878864,0.2203466491314333,0.10825838643490146
"OH-SD004, USA",0.056225540867361506,0.22245345007277714,0.1845434458978291,0.17879776698009148,0.23329458427215016,0.1246852119097907
"OH-SD007, USA",0.05820723617797645,0.2275162844664529,0.20679345172469987,0.18824235900556774,0.1960078352160979,0.12323283340920521
"OH-SD005, USA",0.07919348228809944,0.2498096277765121,0.18755301162170682,0.17924650704082984,0.18384881950146187,0.12034855177138994
"OH-SD032, USA",0.08604055149461565,0.2745964701877977,0.18618325691939228,0.16412730669482412,0.17987156972283735,0.10918084498053304
"OH-SD027, USA",0.07216912221096614,0.25931971065151443,0.1896875767899658,0.19305283127664238,0.17430065676957687,0.11147010230133451
"OH-SD016, USA",0.05131243068685186,0.20481984211800136,0.19921976865394345,0.24794391171319247,0.16915426020879124,0.1275497866192196
"OH-SD013, USA",0.07509440912823707,0.2556697144295426,0.1951642642151014,0.1710129799527801,0.18772964835898734,0.11532898391535143
"OH-SD025, USA",0.0407664110631026,0.15716569079071194,0.1549728174503995,0.2759024970407676,0.24189025835825403,0.12930232529676444
"OH-SD022, USA",0.07659016759153395,0.25138451242296594,0.19590641644126022,0.17218705557569472,0.1890967903850985,0.11483505758344661
"OH-SD020, USA",0.06388275229024927,0.2355520131545218,0.1981895824800167,0.17998350991246787,0.19847981363539527,0.12391232852734907
"OH-SD006, USA",0.07007527106029027,0.22904822836266256,0.17474056377069958,0.20274068192434347,0.20414700845347208,0.11924824642853205
"OH-SD009, USA",0.04853744628088971,0.19994662675479258,0.16068605000395741,0.24516582171344034,0.22241516765401828,0.12324888759290169
"OH-SD019, USA",0.05788200628268703,0.21833889818716565,0.2056211138927538,0.1724521389642318,0.21204209908356308,0.13366374358959873
"OH-SD033, USA",0.08587235966849105,0.2751918401299683,0.18307508074173529,0.17287803461915305,0.17575319407884674,0.10722949076180557
"OH-SD015, USA",0.04008429960218618,0.1905308776398932,0.1838336426605272,0.2539086202413574,0.19386193131129603,0.13778062854473994
"OH-SD029, USA",0.08034413908875812,0.2568764917327483,0.18310290694385062,0.1781017683868687,0.18766512693025733,0.1139095669175171
"OH-SD014, USA",0.0673563543730539,0.24886498726295034,0.19063402207755342,0.18696575148598887,0.18586753467308273,0.1203113501273707
"OH-SD017, USA",0.07019132929285048,0.2494007278970278,0.1958752824867624,0.18088364694019882,0.18283576546047128,0.12081324792268924
"OH-SD001, USA",0.07422139387980384,0.24808030472695103,0.18301353102508555,0.17528087368586875,0.19498297783244212,0.12442091884984872
"OH-SD008, USA",0.07451932674821567,0.2445425491753674,0.17757093596999898,0.1965294571365417,0.17727165643840737,0.1295660745314689
"OH-SD003, USA",0.052573672937548534,0.21552736486134533,0.19803950535075482,0.22033106775804578,0.17784629947368796,0.13568208961861772
"OH-SD010, USA",0.07242677205965448,0.24554286757398067,0.17801872386786094,0.1821448129786367,0.20611611579706848,0.11575070772279888
"OH-SD011, USA",0.06787351104403547,0.2455442908932869,0.1850319094694088,0.19835844913645637,0.1835338450329511,0.11965799442386134
"OH-SD031, USA",0.07621738538762197,0.24747709526573444,0.1802765545236152,0.17532197583690284,0.19416193320131644,0.12654505578480912
"OH-SD012, USA",0.07366956280891561,0.2462277231620128,0.18258083730280025,0.17221456281336595,0.20166319561221907,0.1236441183006864
"OH-SD002, USA",0.06606340898994943,0.23674310701440826,0.16969825322879986,0.18345240757401632,0.22302751491037623,0.12101530828244986
"OH-SD030, USA",0.07920131832811232,0.2690372628753765,0.17522645171019535,0.1706736176360879,0.21144158656714548,0.09441976288308238
"OH-SD026, USA",0.06921555314539973,0.24575357041034437,0.1976709667369151,0.18133187548313343,0.1902288766029725,0.1157991576212348
"NY-SD060, USA",0.08686387489054774,0.2838016569409672,0.19459871535027787,0.16762903136921123,0.16382039396741171,0.10328632748158428
"NY-SD057, USA",0.07975217616662299,0.26658583570261957,0.18169791336196947,0.17312629752197617,0.186755920869149,0.11208185637766267
"NY-SD058, USA",0.07994777386844944,0.26867493643646295,0.17931625710818266,0.17471245908432728,0.18917999758566587,0.10816857591691191
"NY-SD044, USA",0.0696309473612938,0.25032239399469997,0.2018694235072163,0.18837350306081904,0.1790325410186728,0.11077119105729812
"NY-SD007, USA",0.09164892421094079,0.24978263413897667,0.2076414203670386,0.1426872421547651,0.1918975613245607,0.116342217803718
"NY-SD045, USA",0.07444568600063271,0.26599810203385815,0.18417751283613773,0.18308151119634627,0.19688223545103137,0.09541495248199387
"NY-SD005, USA",0.07540130869517446,0.26138198873884755,0.19677772145154557,0.174987125871041,0.17910832084154565,0.11234353440184586
"NY-SD048, USA",0.06514826692394156,0.24136719154394778,0.17239137616319575,0.19337764193038895,0.21631168621875074,0.11140383721977515
"NY-SD009, USA",0.0723661538277626,0.250547136597888,0.1925815881352231,0.19040339864892877,0.18449037902303497,0.10961134376716247
"NY-SD008, USA",0.077547330042996,0.25914725963248564,0.20276385541824543,0.1800646596234862,0.17498287646938496,0.10549401881340172
"NY-SD001, USA",0.08903314431837822,0.2780787859586587,0.19192215214192035,0.14872809145701907,0.19794317765361333,0.09429464847041033
"NY-SD003, USA",0.05671130054165802,0.23305589153109693,0.2033776115978225,0.19658192046003659,0.19819827296427842,0.11207500290510766
"NY-SD006, USA",0.06262708047983248,0.2157851350478581,0.20401066775295984,0.19286034052897993,0.20184640809804688,0.12287036809232268
"NY-SD004, USA",0.05339889875822057,0.20673369752012574,0.20998397202123242,0.20806159448329994,0.2034376101344256,0.11838422708269589
"NY-SD038, USA",0.06724625243696541,0.20514351277482873,0.17075703727196703,0.17423330814747118,0.22010578062181066,0.16251410874695693
"NY-SD051, USA",0.08222931562632489,0.2817666617428053,0.18017342224092964,0.16933949811887217,0.19005346242110957,0.09643763984995826
"NY-SD053, USA",0.07839113205345351,0.2546159742876972,0.18256724366881322,0.1746210312967661,0.19883773458089715,0.11096688411237289
"NY-SD026, USA",0.056853785639554406,0.18100590162032068,0.2055906932482592,0.2877949134878005,0.1405574125950061,0.12819729340905942
"NY-SD041, USA",0.08768805075662574,0.2908097343334213,0.1886501248806926,0.16655541294367304,0.18035763575363184,0.08593904133195557
"NY-SD039, USA",0.06836202822765866,0.23943119055751777,0.2044720037276721,0.1831845168671932,0.20115379505818198,0.10339646556177624
"NY-SD049, USA",0.07067965287186087,0.24428972537907906,0.17582438153586094,0.19429829863240164,0.1910890540963328,0.12381888748446462
"NY-SD040, USA",0.08043651733725682,0.26222522848272495,0.20456529057516543,0.16356308367517394,0.1879761355560269,0.10123374437365192
"NY-SD055, USA",0.07939518192760223,0.2450004855870944,0.18254859805472937,0.20997273230129673,0.1785196917102495,0.10456331041902785
"NY-SD056, USA",0.06616124346906142,0.22855708312325088,0.1752214194973032,0.20426865079022619,0.21216962607513087,0.11362197704502741
"NY-SD002, USA",0.0867957356715011,0.26394497157841856,0.20776596706651174,0.14986264721381223,0.18720514363577995,0.1044255348339764
"NY-SD027, USA",0.07126818794328009,0.2049656557379279,0.18390118034847192,0.3089011250120692,0.16571911850358922,0.06524473245466156
"NY-SD012, USA",0.05682011132367259,0.1999108320155853,0.2104227842255336,0.2817767907780682,0.15336917410247825,0.09770030755466211
"NY-SD028, USA",0.11006294835784812,0.21900073849072482,0.18517552923518094,0.2922741388968555,0.11250495137805513,0.08098169364133531
"NY-SD022, USA",0.06249453931992647,0.20497214473803416,0.15701885270854704,0.18143922080884126,0.2081475636586674,0.18592767876598365
"NY-SD037, USA",0.07598688101417053,0.22114126856711722,0.21822120980352352,0.16035345863897935,0.20526145993932704,0.11903572203688222
"NY-SD024, USA",0.07074396498076685,0.2435586684643466,0.20367920796924782,0.18518871820549454,0.18411913732225624,0.11271030305788775
"NY-SD016, USA",0.08850125335899814,0.2608404683722772,0.2022985030277919,0.19715570757438577,0.15278292717421138,0.09842114049233547
"NY-SD017, USA",0.06461504069428482,0.21145964551380603,0.19891198066620927,0.2205385351565156,0.17204667938031157,0.13242811858887268
"NY-SD011, USA",0.0847143522638451,0.26433490590837716,0.19195431132636565,0.19265721052111207,0.15649114313398546,0.1098480768463146
"NY-SD047, USA",0.08104660430136806,0.23459550933440396,0.20149690159760775,0.2962729626809252,0.10642078993584735,0.08016723214984776
"NY-SD059, USA",0.04968879186516427,0.15598111971553355,0.17966926126322988,0.3988608153265844,0.12856302832820019,0.08723698350128754
"NY-SD015, USA",0.06574840381521616,0.2349526326994428,0.20075551156921306,0.21808457186848554,0.16563152306221152,0.11482735698543092
"NY-SD013, USA",0.05250384347352782,0.1928596274534787,0.2145573799186741,0.24524404020702198,0.17549111771339881,0.11934399123389859
"NY-SD035, USA",0.07214175860411552,0.22254926707631006,0.1990634346802294,0.19901646861655325,0.18918071931378547,0.11804835170900617
"NY-SD034, USA",0.07128847646498994,0.20608004431888827,0.19403546842148206,0.2069234130850528,0.1979378458185944,0.12373475189099256
"NY-SD021, USA",0.0644821108184536,0.22566889941679605,0.18993847666387773,0.22062528475299895,0.1804835109028522,0.11880171744502159
"NY-SD014, USA",0.07436829299226924,0.22795713782244972,0.1968616921638056,0.21710915129746639,0.16769418510613415,0.11600954061787487
"NY-SD018, USA",0.03791484829151383,0.1423884196946543,0.15930818931145138,0.314088804451383,0.20742047572941427,0.13887926252158322
"NY-SD033, USA",0.05550948519883453,0.1845367806035194,0.1870195291955279,0.22002544048417155,0.21387470800054417,0.1390340565174026
"NY-SD031, USA",0.05802416811337473,0.19816962348116987,0.19483026177988783,0.2598530401916636,0.1758555253041522,0.11326738112975186
"NY-SD036, USA",0.07655091816641968,0.2264645249033594,0.1943128637008414,0.20625535777312978,0.18575860129088295,0.1106577341653669
"NY-SD023, USA",0.08438882438866287,0.24829135916940118,0.18559662024985246,0.1909001623294694,0.17550676513415758,0.11531626872845642
"NY-SD052, USA",0.07235576092996125,0.2260862467862291,0.16028202705375186,0.1708360670661841,0.27618183587557465,0.09425806228829932
"NY-SD020, USA",0.05525708811419921,0.19449201842735195,0.1935935796898738,0.2911061816837737,0.15365634904638945,0.1118947830384119
"NY-SD010, USA",0.05874294188894751,0.23085535267587662,0.19031175449831791,0.19830255823468404,0.1910723282612708,0.13071506444090306
"NY-SD019, USA",0.06373276604773824,0.22091164485860684,0.18264421677373827,0.20429383117655825,0.19257073494927365,0.1358468061940847
"NY-SD032, USA",0.03843477732977015,0.17293679711081178,0.1798036364107562,0.22756295804821458,0.23146176196239482,0.14980006913805244
"NY-SD029, USA",0.054337908101429695,0.18518899304129016,0.1845806873928292,0.24809149557240728,0.19811861968680838,0.1296822962052351
"NY-SD062, USA",0.07318067754077799,0.2691750313676282,0.1799843161856963,0.18544855708908414,0.18681618569636124,0.1053952321204519
"NY-SD025, USA",0.04223943608008036,0.1582273163942928,0.18435472295336783,0.30919845636299326,0.1797089000683194,0.12627116814094652
"NY-SD050, USA",0.07567473850558146,0.2529693282777885,0.18805148610717262,0.18747242101048633,0.18203893861769396,0.11379308748127716
"NY-SD030, USA",0.05719733281910739,0.18673177654322248,0.18496069736543733,0.28328827494981246,0.1829102481554557,0.10491167016696454
"NY-SD054, USA",0.07615347103147763,0.2730702071764547,0.1862165520930011,0.1685129544274723,0.18876811024241397,0.10727870502918037
"NY-SD042, USA",0.05224200486202257,0.21431212017152468,0.1920418114609264,0.17400860064517867,0.2276910957581812,0.1397043671021665
"NY-SD043, USA",0.07147069080303067,0.2547316361791837,0.18273150936816407,0.19372919506705166,0.19339314586437537,0.10394382271819458
"NY-SD046, USA",0.07112508686367387,0.23541562879780603,0.177074970886787,0.19188383907294682,0.21981348504992923,0.104686989328857
"NY-SD061, USA",0.07394117736436671,0.23343755688495058,0.17131429225717293,0.21635195052247413,0.19689979875609998,0.1080552242149358
"NY-SD063, USA",0.06420880500967314,0.2286025138442103,0.16780156556437,0.22664771310846699,0.1905073964746637,0.12223200599861568
"MI-SD019, USA",0.058499429840908855,0.20742719861833242,0.16649014492004913,0.1993379511914294,0.24930898194311685,0.11893629348616334
"MI-SD030, USA",0.05817221812375959,0.20768441854549685,0.1690656412392033,0.21811722670216716,0.22619980580697624,0.1207606895823968
"MI-SD016, USA",0.0741240274486751,0.26571754287101973,0.1911180781869924,0.17156178258970037,0.19025888479117029,0.10721968411244202
"PA-SD020, USA",0.08855043003954623,0.2928806351668185,0.19002588424323433,0.16661055619439583,0.16625474993046183,0.09567774442554339
"MI-SD014, USA",0.06672343842605177,0.24451180758440977,0.18641090166279312,0.18580908448280656,0.20903224271976306,0.10751252512417572
"MI-SD015, USA",0.050886774986431425,0.19153256909400215,0.16890449706503588,0.20957642417689507,0.2798925206098124,0.09920721406782301
"MI-SD036, USA",0.09998948249970722,0.3275736802940538,0.16940686422918147,0.15185367959425763,0.15128744220011395,0.09988885118268592
"MI-SD035, USA",0.0794875255378258,0.2427747271218241,0.18094654780424796,0.1891708923912719,0.19149251593041935,0.11612779121441086
"MI-SD017, USA",0.07572750615650023,0.26094091553136645,0.18501233203424944,0.167145412844569,0.195363632376545,0.11581020105676978
"MI-SD004, USA",0.06511336702294156,0.25923482849604196,0.19896247931666722,0.186492852138396,0.17710895457865644,0.11308751844729675
"PA-SD010, USA",0.06702988954350102,0.26814935089117437,0.20590119245350486,0.16813519935051874,0.1880925957649656,0.10269177199633547
"PA-SD006, USA",0.08692106919058579,0.26685457057007844,0.1940746973865968,0.17479531009729044,0.1768692032452521,0.10048514951019649
"MI-SD010, USA",0.058161947287609504,0.21686118565391996,0.18769872254640735,0.21518465798415812,0.19426068303411992,0.12783280349378537
"PA-SD036, USA",0.09483617107174486,0.2459942470810797,0.1828587466252684,0.18407685794817213,0.17615289235487852,0.11608108491885635
"MI-SD034, USA",0.07364725930125762,0.258735279429574,0.16946305746220883,0.16529658080300888,0.22971213914180993,0.10314568386214074
"PA-SD048, USA",0.0767814873668222,0.2526394320841603,0.1903613841587031,0.17288294587872552,0.1907537946492325,0.11658095586235646
"MI-SD018, USA",0.0652010084179176,0.2492472265256746,0.19131131868944418,0.1842815190254966,0.18548654961996636,0.1244723777215007
"MI-SD023, USA",0.059023591566784044,0.2566332722279196,0.20379250731006565,0.18079042449121263,0.18532184081634076,0.11443836358767731
"MI-SD013, USA",0.08685312039465526,0.2643424755110489,0.20440022372490088,0.1678498037650582,0.17193477546692978,0.10461960113740701
"PA-SD025, USA",0.07643468461455452,0.2404028304471209,0.1729569982264101,0.16925751086595178,0.24792129210703717,0.09302668373892556
"MI-SD003, USA",0.0626000979190145,0.2257768635059901,0.1785761302962496,0.22595269687599187,0.19477809720496858,0.11231611419778526
"PA-SD004, USA",0.07883233537266895,0.23607473886462269,0.1863002078538511,0.19635755434918986,0.18424966840245727,0.11818549515721027
"MI-SD033, USA",0.06272834016585574,0.250108068228005,0.19411075745593245,0.18879821325231186,0.18323693560156132,0.12101768529633362
"PA-SD005, USA",0.07738352521605424,0.23436571887547542,0.18197134698676262,0.2259867403418631,0.15481972373871355,0.1254729448411311
"PA-SD014, USA",0.06969160194731791,0.2262201103961321,0.18026319561425455,0.20533843709123112,0.19918403969068846,0.11930261526037572
"MI-SD038, USA",0.09023925845623067,0.2884015201874407,0.1660763629928776,0.163327035598039,0.19703970873110355,0.0949161140343085
"MI-SD001, USA",0.057962335551284695,0.21399405067508348,0.18741941812003002,0.20621707473988793,0.1988209965436007,0.13558612437011314
"PA-SD029, USA",0.08459014623380058,0.265601168669885,0.19619228147493742,0.17572410650876263,0.17341977991575833,0.10447251719685616
"PA-SD034, USA",0.07346374765530354,0.2511422038401321,0.19379220034960326,0.17775239558870085,0.18642267894646258,0.1174267736197978
"PA-SD016, USA",0.07474495266250353,0.2678213555451016,0.2036508021841745,0.16185073488574184,0.18642468359353598,0.10550747112894249
"PA-SD050, USA",0.09062874442678995,0.27354645812439626,0.18265478216122266,0.16070751120276122,0.18791716905371025,0.10454533503111964
"PA-SD044, USA",0.06667351785877407,0.24123428032033123,0.20884717274139017,0.18425519929356643,0.18735346061325767,0.11163636917268042
"MI-SD031, USA",0.06863574322144415,0.21935335661080252,0.17666214168510536,0.18750567520953612,0.2170228475135975,0.1308202357595144
"MI-SD025, USA",0.0775228851340529,0.27468141519163813,0.19142065620692972,0.16942766267209622,0.17910617722547564,0.10784120356980739
"PA-SD024, USA",0.07169207739856925,0.2503637793540493,0.205323526171218,0.17426835708505453,0.18702627949652115,0.11132598049458789
"MI-SD029, USA",0.04946829472365001,0.1855921250970634,0.16672358934544315,0.24450817961157978,0.21428984365164314,0.13941796757062042
"PA-SD023, USA",0.08640906943788382,0.26268871043930153,0.17887576759565302,0.17769296173830867,0.1878167217760986,0.10651676901275436
"PA-SD012, USA",0.07872223410431137,0.2511037611903812,0.19281065721531326,0.18106648537993833,0.1820556692841215,0.11424119282593437
"PA-SD018, USA",0.08100639574328616,0.24095715080690064,0.18758051852021304,0.18700116632744063,0.20389385657983938,0.09956091202232023
"MI-SD021, USA",0.0574482317712079,0.2329639436784958,0.178811195557126,0.2139834418728137,0.1974920185214164,0.11930116859894029
"PA-SD011, USA",0.06982032683803467,0.2140167196388985,0.1836298633659816,0.18944091084258247,0.21612289049056269,0.1269692888239401
"MI-SD002, USA",0.050357778196636005,0.1791606619662442,0.1735605996389671,0.2124293514989107,0.23045701692015386,0.1540345917790881
"PA-SD007, USA",0.05704688155830331,0.19709337432051877,0.15678093574763066,0.26812189677460635,0.20917788917371766,0.11177902242522336
"MI-SD020, USA",0.06436226753657621,0.25371206509333377,0.1837283915546227,0.18064574526155444,0.18770324540372912,0.12984828515018376
"PA-SD013, USA",0.06425151941460835,0.21909479075302976,0.1673885077049195,0.19549268193973862,0.21477038748578436,0.13900211270191948
"PA-SD028, USA",0.07701394542036184,0.2435630102158248,0.1915308338302256,0.18676705436333213,0.18578266891700376,0.1153424872532519
"PA-SD003, USA",0.050039229028133146,0.20609250910506,0.1589320308787706,0.2316768271564871,0.22000809048766906,0.13325131334388005
"MI-SD009, USA",0.06698110618881836,0.24138057051251574,0.20559973450038135,0.1810826889234971,0.1944180578558583,0.11053784201892913
"MI-SD007, USA",0.07511278606811664,0.2419325840219134,0.18786706267135408,0.189657410956304,0.18918121392355952,0.11624894235875223
"MI-SD032, USA",0.07736159271209829,0.2702773466879027,0.17481163203908281,0.18116304109589637,0.180311082864336,0.11607530460068376
"MI-SD037, USA",0.09200194159670319,0.3040811843736507,0.17412022324861007,0.16684457454657853,0.16914766625920463,0.09380440997525288
"PA-SD049, USA",0.07159652994444868,0.25031961037972816,0.17586561144509502,0.18980671181797423,0.19841336275778113,0.11399817365497275
"PA-SD039, USA",0.09502233080123654,0.29538496774439943,0.18876970645493704,0.1625376951559334,0.16446921403214085,0.09381608581135267
"PA-SD035, USA",0.08643042350907552,0.26724896150229077,0.19031446205628144,0.1747455633017196,0.18268802424620784,0.0985725653844248
"MI-SD028, USA",0.0619513345873227,0.2179307058263289,0.16637721930921187,0.17714507150884296,0.2742847254531533,0.10231094331514023
"PA-SD027, USA",0.08521310375084354,0.2646756292135249,0.1883394013289345,0.16718732212483683,0.19607756934681986,0.09850697423504033
"MI-SD005, USA",0.058830919518614064,0.2290259534902738,0.20228531303564226,0.20427948925042916,0.17973427751896728,0.12584404718607348
"MI-SD026, USA",0.07796183836541572,0.2777389545832563,0.18866305096287345,0.17379633182569618,0.17825152502383468,0.10358829923892372
"MI-SD011, USA",0.06461985801113788,0.2288509725819283,0.19851463006986353,0.20309537777200504,0.19031621651827954,0.11460294504678577
"PA-SD031, USA",0.06812147700349605,0.2441460216152195,0.19287229299388287,0.19923252063981295,0.18619301678162165,0.10943467096596694
"MI-SD022, USA",0.06566411997209175,0.2697297996314353,0.20387870754607462,0.17128255825852426,0.17924874020962436,0.1101960743822496
"MI-SD024, USA",0.06625401098515782,0.26435720332629875,0.2175782838722871,0.15373641204394925,0.19017085444061185,0.10790323533169528
"MI-SD006, USA",0.06658077327491774,0.24544964587238283,0.18696227894545,0.2085161558856338,0.17844236872576638,0.1140487772958493
"MI-SD027, USA",0.06886979950326766,0.23839593519484725,0.18027820924528223,0.18765381152909955,0.19851223882828292,0.12629000569922047
"PA-SD033, USA",0.08414104729078482,0.25760099316045587,0.1875400001542169,0.17334428277313846,0.1842127584106344,0.11316091821076946
"PA-SD015, USA",0.06539986751404409,0.23986699539081385,0.1851577968440236,0.2030692500686965,0.18170585673043121,0.12480023345199072
"PA-SD002, USA",0.03764002903766632,0.17542937706807124,0.18987144105196765,0.22191450051106393,0.21616829859970726,0.15897635373152366
"PA-SD021, USA",0.09007774440850069,0.28000339697514914,0.1838342584943687,0.16795339967728662,0.1841469346159487,0.09398426582874604
"MI-SD008, USA",0.06351099323537553,0.23048543660844978,0.18645654482476814,0.2465446539722526,0.16554901737167782,0.10745335398747621
"MI-SD012, USA",0.07217249396583855,0.26761257403303307,0.1882642180495346,0.19164194089401024,0.166951905087723,0.1133568679698605
"PA-SD017, USA",0.07199516182524031,0.22851011529682594,0.18966035232837158,0.18910240152948782,0.19871632298718267,0.12201564603289172
"PA-SD040, USA",0.0733448071390681,0.2746699325287847,0.19754300103785033,0.16950247348925782,0.18731738305826873,0.09762240274677021
"PA-SD047, USA",0.08265240507520269,0.27889305374758844,0.18832044666802628,0.18031398503787463,0.1579766628503325,0.11184344662097546
"PA-SD008, USA",0.0492370953658908,0.18913053803140029,0.17141490563246833,0.2537994730446198,0.21956188363454143,0.11685610429107941
"PA-SD041, USA",0.08991969027379174,0.28011295045542606,0.18284020583509572,0.15719929300995913,0.19155962663559328,0.09836823379013424
"PA-SD032, USA",0.09233222092832455,0.2810841650319265,0.1914600120358584,0.17266375409336251,0.15836140397495926,0.10409844393556887
"PA-SD026, USA",0.06103915848132603,0.2398758535558716,0.18545055512807548,0.21293098041732844,0.17674821894434634,0.1239552334730521
"PA-SD019, USA",0.06653097015073425,0.23459626318775748,0.19603782044414828,0.17748469446461376,0.21381723821880427,0.11153301353394199
"PA-SD009, USA",0.07936318597864063,0.24406962966497334,0.19036826744916482,0.169847555884247,0.20235624368792313,0.11399511733505116
"PA-SD038, USA",0.08430164934274503,0.2692408122330263,0.1865522036619342,0.2028001951170007,0.1519671197043244,0.10513801994096934
"PA-SD043, USA",0.07145708997817496,0.2225973110911705,0.1453489116401638,0.24474308517760301,0.22540253770019722,0.09045106441269048
"PA-SD030, USA",0.08921637909814907,0.2640125137961428,0.18853272564137083,0.17293018159296833,0.17578469283235879,0.10952350703901016
"PA-SD046, USA",0.08182541893882107,0.27386060581936833,0.18977829080921887,0.17282171715161448,0.17187835847629612,0.10983560880468109
"PA-SD022, USA",0.08318564416819707,0.23954487726392443,0.1772433433291586,0.19815139241968402,0.1927661711463244,0.10910857167271151
"PA-SD042, USA",0.07119954244364118,0.24116601724896264,0.1683175637036353,0.2625456699672149,0.16098572917563317,0.09578547746091277
"PA-SD001, USA",0.057057619573283376,0.17447473772320507,0.1666429021719402,0.3943624384505464,0.1188333659386535,0.0886289361423715
"PA-SD045, USA",0.09178980095515894,0.272096060771178,0.17946889323375717,0.19124411038815392,0.15953636334497934,0.10586477130677253
"PA-SD037, USA",0.08021815101133116,0.2548774427944185,0.20201777466417903,0.1810417158823389,0.16591044241155445,0.11593447323617813
"AZ-SD002, USA",0.05090972067296743,0.2036164713795968,0.19076852746235767,0.2516492272528299,0.17403308922244023,0.1290229640098079
"AZ-SD021, USA",0.05557379487221077,0.19338746166599993,0.16842266481746784,0.20814482886677302,0.23172628922024338,0.1427449605573049
