longname,White %,Hispanic %,Black %,Asian %,Native %,Hawaiian / PI %,Other / Mixed %
"California, USA",0.34682138725408085,0.3940794891348005,0.053599446564724255,0.15122758543371226,0.003947562068333816,0.003493904203263817,0.04683062534108449
"Texas, USA",0.397465092054478,0.3925734744563346,0.1181963123857867,0.05357855208173995,0.002930832477066071,0.0009558420004873741,0.03429989454410725
"Florida, USA",0.515358619620383,0.26452898776671746,0.14520093256995795,0.029234403044202256,0.0019579065644174942,0.0005349707465588509,0.043184179687763
"New York, USA",0.5246587331878911,0.19543550224326464,0.13658038649595777,0.09486506997114423,0.0027180555699941635,0.00030182466051532463,0.0454404278712327
"Pennsylvania, USA",0.7347235071010808,0.08072345372771075,0.10528427895076568,0.03896725143833157,0.0011557564909977812,0.00024317953317374132,0.038902572757939693
"Illinois, USA",0.5832418330857505,0.18244709625597066,0.13859122144048686,0.05830024206648749,0.0012926865633193943,0.00023098185633225167,0.03589593873165279
"Ohio, USA",0.75885951911225,0.04418154402072036,0.1234969768118131,0.02513476768545384,0.0016060329680453768,0.00038080669826523185,0.0463403527034521
"Georgia, USA",0.500570077312622,0.1048814357751637,0.3060311126940109,0.04440749628560533,0.0019021248251328803,0.0005695638556140223,0.04163818925185113
"North Carolina, USA",0.6046160196972962,0.10715889341906944,0.20190083008035628,0.032577447071084835,0.009664711607262693,0.0006686856886988382,0.043413412436231764
"Michigan, USA",0.7239419090843228,0.05601358882008906,0.13482179808712447,0.032978097307146834,0.004699318077834999,0.00025833843625352695,0.04728695018722838
"New Jersey, USA",0.5185011772130653,0.21558658305469916,0.124247466992117,0.10151205856124959,0.001206335213909987,0.0002092918925337809,0.03873708707242522
"Virginia, USA",0.5860425265682432,0.10528422010004547,0.1828305280628427,0.07074379495022347,0.0022103851490109863,0.0007174077388969509,0.05217113743073719
"Washington, USA",0.6383611863364873,0.13747167799200857,0.03843979223951021,0.0938482573787787,0.011834108316234559,0.008110841591972022,0.07193413614500868
"Arizona, USA",0.5336706890384705,0.3065444154248996,0.04434886545511698,0.034795068224828855,0.03690553397034637,0.002002796055989357,0.041732631830348366
"Massachusetts, USA",0.6754594347237928,0.1263020216365784,0.06503224826016485,0.07183720245578253,0.00133540680674707,0.00022866262530021753,0.05980502349163418
"Tennessee, USA",0.7090671861594888,0.06933814007929279,0.15682196802908124,0.019433519181379175,0.00224849558874366,0.000520052329361266,0.04257063863265306
"Indiana, USA",0.7546949920477817,0.08167249475648763,0.0939499475943508,0.024559768967131225,0.0019067049756481735,0.00040689538087529815,0.042809196277725184
"Maryland, USA",0.4716921478993969,0.11813441826476803,0.29059419227983563,0.06766176273945619,0.00195152322417862,0.0004168537787026086,0.04954910181366199
"Missouri, USA",0.7577538363205637,0.049239949627298225,0.11255611566744723,0.02147192465995908,0.0038174332375671433,0.001509848786036409,0.05365089170112825
"Wisconsin, USA",0.7862544993868464,0.07589614856049316,0.06219042190771457,0.02956966577146975,0.008209487956074887,0.00032104237640589664,0.03755873404099535
"Colorado, USA",0.6513420997299139,0.21881755833420222,0.038330613535758784,0.03381185836361136,0.005848575111271532,0.0015596546694207575,0.05028964025582147
"Minnesota, USA",0.7629625761281636,0.06057167030794393,0.06884441158425615,0.05212806617772436,0.009996966527178321,0.0004593144000935102,0.045036994874640114
"South Carolina, USA",0.6210003911349518,0.06893646069367255,0.24793325620042678,0.017465093843082598,0.0032414185734007134,0.0006027229400844555,0.04082065661438118
"Alabama, USA",0.631199362443986,0.05255478200846864,0.2563915826364709,0.015110109378912325,0.004601541423824676,0.000519885211256112,0.039622736897081436
"Louisiana, USA",0.5574995104926334,0.06925004895073666,0.3118290743329818,0.018321316070612725,0.005580598676097269,0.0003662717401385735,0.037153179736799616
"Kentucky, USA",0.813339881759917,0.046128901175942656,0.07939871062871331,0.01638800714704687,0.0017931976998244753,0.0007683230738604373,0.042182978514695234
"Oregon, USA",0.7165404430766616,0.13894774602979806,0.018563481930241505,0.04526443232425263,0.009921197774940467,0.004294355457272391,0.0664683434068333
"Oklahoma, USA",0.6079751252790538,0.11919448618097718,0.07153730109479788,0.02264330026991729,0.07877281207750443,0.0020629591492162497,0.0978140159485331
"Connecticut, USA",0.6320741922627736,0.1728549482910059,0.10009792939376685,0.04726986107116619,0.0017760969631348943,0.0002701309247491235,0.045656841093403455
"Puerto Rico, USA",0.00744307644724457,0.988822904096645,0.001303223323953129,0.0008347204751879187,9.467471472773257e-05,2.7702247717760977e-05,0.0014736986945239657
"Utah, USA",0.75355879174084,0.15066315851249046,0.01136808231772922,0.02403032629746278,0.008769366576028483,0.010952079950703261,0.04065819460474579
"Iowa, USA",0.826926603160951,0.06769937897465779,0.04053480960979749,0.023513581030908965,0.002845752325201254,0.0017568500696941325,0.0367230248287894
"Nevada, USA",0.45930089859802214,0.286752878135575,0.09404067623221438,0.0856760292905978,0.007534592062008353,0.007398665341327456,0.059296260340254855
"Arkansas, USA",0.6852171735887801,0.08528750380208187,0.1493882798916689,0.017004769703417688,0.006823491752304825,0.004741810415247112,0.0515369708464995
"Mississippi, USA",0.5534771756262186,0.03553279949423637,0.3643956722357177,0.010908905472250374,0.004734442010261841,0.0003502115960226499,0.03060079356529251
"Kansas, USA",0.722485261481068,0.1302309828856182,0.05560199872016556,0.029009013302109005,0.0074615028523969664,0.0010602883712064481,0.054150952387435836
"New Mexico, USA",0.3650266679637803,0.4773556071672455,0.018101346762867163,0.01665201117154863,0.08907109347624251,0.0006852349113728217,0.03310803854694308
"Nebraska, USA",0.7569125528166142,0.11966072972576146,0.048128884774132505,0.02669329249392303,0.007673193631009674,0.0006719333735745632,0.040259413184984584
"Idaho, USA",0.7887109280269871,0.1301757484342936,0.00803923210516414,0.01415687839635127,0.010278363509226765,0.0018492680682897016,0.04678958145968748
"West Virginia, USA",0.891344998070992,0.019419424330478104,0.036099768742041446,0.008313690158936883,0.0017768059640914595,0.00023917469676662572,0.042806138036693524
"Hawaii, USA",0.21590111791945368,0.09544619101207066,0.01503743365534623,0.36550435694180383,0.0015937849951711822,0.10237024787930982,0.2041468675968446
"New Hampshire, USA",0.8715778499434074,0.04316506544638508,0.013542308733856208,0.02585039643905453,0.001670554462906939,0.00028169279948191757,0.043912132174908
"Maine, USA",0.9016003641195428,0.019519303474552007,0.018435020077962692,0.012233976170725082,0.005349474008765297,0.0002987835764467512,0.04256307857200537
"Rhode Island, USA",0.687138876507729,0.16595250921295018,0.05047684935789634,0.03496773758382349,0.003200263969366428,0.00029167885793143176,0.0579720845103031
"Montana, USA",0.8313016209735065,0.041687841545804606,0.004682607392377043,0.007449560746155087,0.05957435034241048,0.0007738246212732597,0.054530194378473104
"Delaware, USA",0.5857234937190727,0.10535530630759873,0.21514575347890832,0.042826892107873944,0.0025469225779988724,0.0003071259276920497,0.04809450588085535
"South Dakota, USA",0.7957700015902249,0.043692840716977176,0.019670293357032572,0.015036084572900536,0.0841296676204257,0.0005560148285658539,0.0411450973138732
"North Dakota, USA",0.8165488632731931,0.04288154758619627,0.033565945300036065,0.016749601795865352,0.04793851548471807,0.001115356625333869,0.041200169934657305
"Alaska, USA",0.5749534151513205,0.06800089136673042,0.028299526563958982,0.05926358343096898,0.14840982636121405,0.017023463998764116,0.10404929312704299
"District of Columbia, USA",0.3796400776234913,0.11262222944181284,0.40903895968277637,0.04814048807655602,0.001852115066093096,0.0005061771010700786,0.04819995300820036
"Vermont, USA",0.8913419745118927,0.02411028777146234,0.013450069590775141,0.017813683334758842,0.003085320622973509,0.00026436719047656074,0.049934296977660976
"Wyoming, USA",0.8141859856358055,0.10235918807456344,0.008208358830963281,0.008731890904236969,0.020422951507408325,0.0008477059067246135,0.04524391914029793
