longname,Architecture and engineering occupations %,Computer and mathematical occupations %,"Life, physical, and social science occupations %","Arts, design, entertainment, sports, and media occupations %",Community and social service occupations %,"Educational instruction, and library occupations %",Legal occupations %,Health diagnosing and treating practitioners and other technical occupations %,Health technologists and technicians %,Business and financial operations occupations %,Management occupations %,Construction and extraction occupations %,"Farming, fishing, and forestry occupations %","Installation, maintenance, and repair occupations %",Material moving occupations %,Production occupations %,Transportation occupations %,Office and administrative support occupations %,Sales and related occupations %,Building and grounds cleaning and maintenance occupations %,Food preparation and serving related occupations %,Healthcare support occupations %,Personal care and service occupations %,"Firefighting and prevention, and other protective service workers including supervisors %",Law enforcement workers including supervisors %
"CA-SD003, USA",0.016144379192666838,0.02520585055668357,0.016376560623551074,0.02002908954889534,0.018669001906485856,0.06267243580567196,0.008983829511322433,0.03920375693705466,0.02059641384281104,0.052035099911618206,0.10560815924064282,0.05939189679226594,0.013378804315799185,0.030717093985900033,0.03693748920066013,0.044986279038496835,0.03540662616965924,0.11256718072103324,0.09495739219472633,0.03349041047498307,0.060353773243370684,0.038268418267502845,0.026833950412286447,0.014074236813122958,0.01311187129278931
"CA-SD023, USA",0.021176397342182195,0.020837333394121742,0.0065489361984613255,0.023259017249586917,0.016717931852987464,0.059334926403771845,0.00636547138896343,0.0325154079822772,0.020896894745339147,0.04090153652959697,0.09158242006186533,0.06709551196008748,0.0031113720649058466,0.0377533857805569,0.046393078494057244,0.05198073097830889,0.052130077393227614,0.10630338805676565,0.10639024217839621,0.03931556151195588,0.04623755372896054,0.045636904139433304,0.025729792894810276,0.015850533303052555,0.0159355943663283
"CA-SD004, USA",0.01600823801850897,0.018530683983651458,0.009845936770212099,0.014746862528786929,0.016177089798806984,0.055724576601759744,0.006474245983989175,0.034867928203649735,0.018857261943055828,0.04203956857630407,0.10516980466960388,0.06328874386669996,0.025270256635694384,0.036050252103987976,0.04763602163027696,0.054811799199425595,0.039800711080166105,0.10396925802600103,0.09653681113680905,0.04657182636864857,0.05612219824739598,0.034320723471514526,0.03024510016434359,0.015451612913736562,0.011482488076970995
"CA-SD010, USA",0.07521660339727058,0.17428997302543883,0.01654415929173114,0.018457062021724084,0.009933797530183306,0.039719729410320315,0.0072947166588319835,0.03026675433868209,0.014476114587386756,0.06794536592339902,0.1121062948063303,0.02898614526059248,0.0017235346461040829,0.022559105541787094,0.02361263684182471,0.04768974786482725,0.026411629383438412,0.08352823062618842,0.06852887605783947,0.025667933965007307,0.0393790640041084,0.03284969337289082,0.019871791395590976,0.010030010412856895,0.002911029635645362
"CA-SD039, USA",0.028472667316215932,0.03951484373285364,0.01625411578568275,0.027199413303720162,0.020459935522218566,0.059243000933966984,0.015784104680227822,0.04018716198338645,0.01954869962092308,0.06466845150457592,0.10727352027839228,0.04026421096697843,0.0017665617285983247,0.023781721061008662,0.02833327484537245,0.03976558533839982,0.031276240906466565,0.10327389189420767,0.10111599325600314,0.034022036522802,0.06769743133438826,0.03434938805782904,0.033651878437022796,0.014444865027691293,0.00765100596106787
"CA-SD024, USA",0.030740871758625044,0.043909347880659776,0.014346450338751765,0.0929500563080515,0.014615473899872737,0.05872716291434228,0.034802372041985476,0.05384302984706771,0.009817891925297818,0.09170155306346771,0.18149908212760466,0.01603216144081239,0.0012747241396519062,0.010990372448447415,0.012369681744776683,0.01821799609430881,0.019913125039598523,0.08997334134276137,0.09930629539471258,0.012154992062274751,0.03514609270505963,0.017214136116188838,0.028553740356498918,0.00819283644824682,0.0037072125609348187
"CA-SD025, USA",0.026497139305798192,0.03459415188536857,0.01667652263272803,0.044158752457568395,0.01905095853941249,0.07037693066925975,0.019404236118044822,0.052201952708737474,0.017724301669663562,0.06847865659747777,0.12604195470125698,0.028700349580420986,0.0015756381210902633,0.019038173375157796,0.020578381270912802,0.034000206618671376,0.028515446389071573,0.12011051177703369,0.09687242193842299,0.024314217799957877,0.04954231821702261,0.03731774510243662,0.02925067190781324,0.009086554298262514,0.005891806318409521
"CA-SD033, USA",0.014460778849046523,0.01868601856059656,0.006533233663765472,0.023329920344279564,0.018208526107614892,0.049207624978082246,0.007406487668328188,0.023610200864102888,0.01632425026012694,0.042263630038219036,0.07420548334167847,0.05731181653234415,0.0038147705269562593,0.029292011288771545,0.06288564990098656,0.08047249790398169,0.05420114421398929,0.12538058394308663,0.09880946472931668,0.04335766936148868,0.05909599150490995,0.04306074013770981,0.025197080901293464,0.01574950435914764,0.00713492002017709
"CA-SD015, USA",0.052318955203541205,0.07243767623810217,0.01186050499426679,0.019040346521648214,0.01282400922618693,0.05602850186678844,0.010601793605541298,0.03118297211363517,0.011943039095468087,0.06418273500264006,0.12897348839642372,0.05177620936209196,0.0050936867523469305,0.02215870231882264,0.023823993739723593,0.04707669798344827,0.023880076865752598,0.09498506361751177,0.08516626088982034,0.03961452094337728,0.05128665425111214,0.039347700891933346,0.027476699981681174,0.012117632386159835,0.004802077751976027
"CA-SD021, USA",0.024039330515845378,0.02623093437161516,0.010720311850291524,0.01939209199204206,0.017927518604125333,0.058771212420843,0.008687454440212327,0.030675727582023055,0.015027256386887929,0.04424736384794193,0.09739469030331649,0.05221570298234843,0.06110052639849935,0.029091344159729984,0.03189035007548362,0.04785337504554293,0.031607404339863816,0.10793531624034491,0.09048444732982612,0.05013109042285797,0.06076715846904256,0.0378032030305327,0.02734527569498343,0.011282824285920671,0.0073780892098794315
"CA-SD005, USA",0.024250880558207226,0.047494405625613585,0.012872467185556956,0.014801779976792974,0.014818854704210835,0.05278467209163141,0.006695437339146112,0.0369358373380828,0.016811571178114187,0.05166799139642245,0.10888398231026906,0.054948623084004986,0.026774181744738182,0.031175840446940193,0.05132897573391113,0.05142581431304687,0.04322747566601581,0.10229024461807121,0.09088059658277396,0.031027941182623597,0.048739257182577614,0.03262660765294954,0.024786192841292385,0.01297135818845388,0.009779011058553078
"CA-SD011, USA",0.026345104346621438,0.08772877093615891,0.02117863712987689,0.047303595167687465,0.013957240198422295,0.04793704718117723,0.02439573356522767,0.04260276339224229,0.013617116360591276,0.09703374451675724,0.15142092561003231,0.02095052919970111,0.0010100821068635408,0.011542463652765034,0.016635070541489803,0.02211358191778142,0.025318218406011794,0.08660403120384921,0.09098955371882042,0.027940511973796402,0.05195339068164193,0.030990903539494203,0.026259929145823372,0.010156627399545464,0.004014428107621339
"CA-SD037, USA",0.03915383764605906,0.05964582476138823,0.014118441307160258,0.03379349194906166,0.015529636117340775,0.06364955777110261,0.01784520216839451,0.046041676023754675,0.01476181913185671,0.091040646160324,0.15500748132066747,0.024988276534061635,0.0027502509912004395,0.014064096765393065,0.0172144193791719,0.026635230627473083,0.01874999323247734,0.10176589490056143,0.11282071786561376,0.020684952881247543,0.04605875640277017,0.021207239876982836,0.026414547058356542,0.010150735847465295,0.0059072732801149245
"CA-SD013, USA",0.05066819112508682,0.11264419528514687,0.034378400264412794,0.028006139676904972,0.011873155381957042,0.06202307856658472,0.019918151183121423,0.04337353921443888,0.00891588425697334,0.0805399280955919,0.17562416540369316,0.028413431177238227,0.002675003864654415,0.012913212483104336,0.015439720601987285,0.020470505030662833,0.02068613686842612,0.07706452393573048,0.07812760973143179,0.026159592253195203,0.03659290957997008,0.01968385558805202,0.022720359019465917,0.007579231897767338,0.0035090795144021793
"CA-SD022, USA",0.014813506621944089,0.01876391193067764,0.006231150612188659,0.015479458295947948,0.017203757471076705,0.04806780648951707,0.005213237614336985,0.02522505473473767,0.02025580251506013,0.043412828616995566,0.07798757868207926,0.05969781110284757,0.004719353232430119,0.03374232420444263,0.0686644845020938,0.07411400120881302,0.04611704924139297,0.12761030695351938,0.09889599708311501,0.043044666712548536,0.05914475600536802,0.041735690444698006,0.0270241733396654,0.013709383323744734,0.00912590906075916
"CA-SD014, USA",0.0076074935334861865,0.01058824020021863,0.005786408547413863,0.00947545410765412,0.01654478093627077,0.05309124801506905,0.004609820267624907,0.018075549118692823,0.018192508499656597,0.028319142119084272,0.061562280953961476,0.05900077409511421,0.11392889723842345,0.034060759544971675,0.05942461723595777,0.06240304918173901,0.04872227102458254,0.10519818417519368,0.08428722834083804,0.049611063533511225,0.052244976134945546,0.05379287614444822,0.02220383764100504,0.011579412765305266,0.00968912664483179
"CA-SD017, USA",0.018537839328572947,0.02575535102603903,0.01434213634359224,0.02368000141151311,0.016527063045592826,0.0642156164665455,0.007339332314367531,0.03436226552268534,0.015127562879043896,0.045191358609154485,0.1093901507197661,0.05218775126988174,0.061652659705065116,0.025712599863767772,0.03688695675459182,0.039240552799319546,0.02994334984568242,0.0974944566824613,0.095736913037398,0.040513434731768466,0.06332129251094105,0.034710767750507965,0.02546527222817342,0.010762023659175564,0.011903291494392737
"CA-SD002, USA",0.018258803417217834,0.02434028242064806,0.014360049873701245,0.029170140271390498,0.02037747113189343,0.05672126069012086,0.014373222588390393,0.04142791386445197,0.014906627761605796,0.05545399164368493,0.138369087904694,0.05449097492442075,0.016966361186195798,0.02320344910962792,0.027165819415749505,0.03789783266518852,0.026993848168579925,0.09621882668748541,0.10403482291501993,0.042855140615767756,0.05321538269083169,0.03896219687939447,0.030748397331247974,0.011402325681324104,0.00808577016136706
"CA-SD027, USA",0.023254622852344458,0.0377975068431027,0.011119238928878354,0.07447569086008278,0.017526408607515247,0.057011174611643116,0.022672513769655463,0.04557688485447183,0.016605709895807785,0.07898253726697987,0.1357406403545577,0.03281222457152374,0.0015022064986085762,0.021692083913667982,0.01866382563028328,0.029333815371572168,0.023092001192408753,0.10645126478478381,0.10561500577979756,0.020639261784530405,0.04488236054819464,0.029226711911588776,0.031207950832959727,0.009845368838996145,0.004272989496045117
"CA-SD009, USA",0.027414405345007782,0.05138095719757939,0.013681309256085065,0.023136610806666173,0.017842020032771903,0.05443416667887195,0.01510758171136262,0.03774351270882183,0.015331475305065515,0.07687740500849093,0.1410988650917126,0.04412294387175517,0.0021691548305614295,0.022947134225386204,0.027686992758219103,0.032831998500251924,0.03015430453207309,0.10389667784396327,0.09767190313857026,0.03379108638822076,0.04653020385362482,0.03625796157457687,0.028669128014431212,0.012576949439343527,0.006645251886586609
"CA-SD030, USA",0.01845540871420027,0.02089200793293632,0.006064051843940135,0.02058826948823714,0.020135473740946964,0.053940080772553405,0.007465330345327872,0.03360070130364881,0.01856505005792462,0.05190926991338622,0.09548315846041011,0.04336141880738686,0.0027792433855008407,0.02975295163596927,0.04661841254638204,0.06521262426491091,0.04806267439558403,0.14294982288718336,0.10885918758558942,0.029523864097869293,0.05088682289568195,0.04302821676158548,0.022167690177993544,0.01211497453506606,0.007583293449785343
"CA-SD036, USA",0.03169924372943647,0.03278982249693625,0.00889044794700312,0.026381170019326508,0.015890662116590515,0.055247901684710464,0.017281569337659803,0.04773671785569952,0.018114221658364908,0.07452787603863105,0.13213392143408995,0.035361576869758334,0.0022191818814789504,0.020932260360923934,0.02488029245852573,0.0528529653832177,0.023004981082695795,0.10544527490023352,0.11788947383924689,0.024081930373833618,0.050209566646985664,0.03105028423365875,0.03515131971398145,0.01094757065385847,0.005279767283152663
"CA-SD028, USA",0.01565646398056115,0.031016270943025406,0.009827458048859566,0.06136554414969348,0.018036104083826242,0.056367654960335946,0.01975070647333503,0.027539822534831337,0.012849668746887052,0.0574627379176475,0.10377378251007996,0.047783319221920195,0.003276955859393647,0.018116965430266467,0.03287024182890504,0.04906626770620208,0.04035876641712291,0.1021888148952578,0.09198935689223456,0.055367472679341674,0.06040692363522429,0.03513326132989987,0.029371880079685903,0.016743743425684934,0.0036798162497778605
"CA-SD038, USA",0.03487653338454673,0.0476869209322804,0.02057788290953671,0.028271127653245878,0.014864862364705063,0.05543782561082299,0.01857265713527914,0.04426346810950389,0.013186099737071688,0.07798995044587108,0.14860902026811165,0.03405589345562091,0.003461709270170941,0.01774246349012649,0.019916198452788553,0.03595346456892177,0.021393996893628864,0.09568375914187806,0.11537234878482906,0.030290711808453684,0.05402581346506328,0.02348506490361707,0.028987159056129662,0.009212990934964253,0.00608207722283218
"CA-SD018, USA",0.017163085987452316,0.01838038424233726,0.007612818350150661,0.012768893296680064,0.019582015160979863,0.046962064961824264,0.007608859522587623,0.02728986438597916,0.01707441618347969,0.03932489532992521,0.07539763987164515,0.0650857003615032,0.022232385017716124,0.034800632343918045,0.03807015495069385,0.048688682148230494,0.03771165454516136,0.11050722165458712,0.10874314219480372,0.0654809530864641,0.0676908371968891,0.04881047004292501,0.02615364627219092,0.017436609925128434,0.019422972966746978
"CA-SD006, USA",0.02645380946405784,0.04590162308179077,0.010546217871450927,0.020427453517881375,0.0166604764839819,0.05759105903592443,0.013064494401320743,0.04705613424943002,0.019973304266009476,0.06998739087281461,0.11971841061995928,0.04216983244336364,0.002730676672257878,0.027360620363194966,0.0283244600600112,0.028597187916512518,0.0327266785377125,0.11932969279663411,0.10551708300987393,0.02636655440112948,0.05356357271022912,0.033833513309075094,0.02617671406364369,0.013808827005523468,0.01211421284621721
"TX-SD030, USA",0.022872009130185424,0.055563648129633825,0.007374791651229844,0.017578777939291263,0.013054598198503804,0.06704558876681797,0.0067144741289834435,0.04096936680484416,0.018960242223175414,0.07185465592759364,0.1323757199631178,0.04386585057354761,0.0032467574491606603,0.030750560860886487,0.029937524710566123,0.044586077991381035,0.03374686661692229,0.10562955102186514,0.10925943261068033,0.02575859174046669,0.051434889735484025,0.021335712368165803,0.028191952279659628,0.00979603243274107,0.008096326745096395
"TX-SD009, USA",0.025005314550412615,0.033765885691106785,0.005675845392614332,0.015642824140730326,0.012772847491999419,0.06241759267210325,0.009650674371184791,0.033186320947631825,0.015812050291962233,0.06732145043064301,0.11898059737694842,0.054860466779004746,0.0010120046247634842,0.034040075954153405,0.04448976975741622,0.048760752900374876,0.04469923100541783,0.12193822623959512,0.10660533305216352,0.02776130636423734,0.05166840527277243,0.019290080786372312,0.026246926977815523,0.011038461640283501,0.007357555288292743
"CA-SD016, USA",0.006142968489189023,0.008922182019890864,0.004762623893410343,0.008757588045941208,0.01772230929752154,0.048243512867186096,0.002940472901150232,0.017545026680953067,0.014839045412205019,0.01880120361423451,0.05685573603205971,0.05335808142583076,0.1512437299182958,0.03918479328267981,0.06930134493529319,0.05619814941309866,0.046787237329021174,0.09967296412688495,0.08508587452881089,0.04707965183801388,0.054693636453794575,0.04451443436889659,0.0225229139977167,0.01011583176968339,0.01470868735823796
"TX-SD016, USA",0.015523676305608306,0.03578318866891575,0.005432690164568528,0.01742392172511276,0.010098732607649406,0.04206039837461027,0.012665643326151261,0.028826427112142713,0.012531339243556552,0.06181811887118249,0.08753891525403905,0.10875622527247464,0.0007480901608279715,0.0335936795185564,0.051902365640849,0.055938038345631755,0.04000076211686518,0.11087778277490185,0.094173575671871,0.05393654742431514,0.0600799081390121,0.025272818530506964,0.020488964380700674,0.009823264773634365,0.004704925596315741
"TX-SD023, USA",0.013262590467032171,0.027130557933045207,0.006264134918492524,0.020105071605865117,0.015036014135153548,0.05305587992883805,0.0110404576055228,0.03132851029909468,0.016326137102893733,0.06447127708266014,0.09046609966705031,0.07532363931726861,0.0017327803421470765,0.026855781694624777,0.057256920065559644,0.05313589292937025,0.050836216576432114,0.12919130844312318,0.09282485313972028,0.038808342719576214,0.049503033678716286,0.032641438377003264,0.023694280240060032,0.012999297999628425,0.0067094837311215275
"TX-SD008, USA",0.03413923499760805,0.07521516548342418,0.006347265952609359,0.020888541874803435,0.012179613929655837,0.06419511278471499,0.010380656771385666,0.03842477971041709,0.01728846776011338,0.08726897505177247,0.14645311546249823,0.037736887078045823,0.0016228119514554032,0.025579459743836862,0.022392305091391645,0.030069297100853164,0.025735839343106602,0.10172943377290189,0.11106391004166533,0.025525436253123177,0.044537322306318565,0.019165429978677366,0.024573911054593185,0.010974946710099458,0.006512079794928869
"TX-SD003, USA",0.017254937017126645,0.010595666684768752,0.00684119393676434,0.008996190987372074,0.01736746301798585,0.06094727183829609,0.006635768720499309,0.03325314665822701,0.022311556365187793,0.026916238739015653,0.08360280260691097,0.08888069814086369,0.008606075788329108,0.04335146717809406,0.045683733374322265,0.07669009170315304,0.043494377686708434,0.10815571081498693,0.10298993518608453,0.04059890098144547,0.055819902464393015,0.03691497158570431,0.018911001145038863,0.012535839715600246,0.022645057663121762
"TX-SD024, USA",0.019253844853221926,0.04657923404584204,0.005725801603305653,0.017524579709320243,0.017647115346200063,0.0684203933562662,0.0073947956678450935,0.037945233161616805,0.022436502340886268,0.050447406745132144,0.10952025942379744,0.059327040103317054,0.004084123962678584,0.037012586489968295,0.031528282095208075,0.040544455605436965,0.037847141371497646,0.11598594438259065,0.10119463117932613,0.03107764457389535,0.05709224957617007,0.028812117849092267,0.026630809897217618,0.009980553657888316,0.015987253002279187
"TX-SD012, USA",0.02322021923710507,0.06475313858323628,0.006777408874956538,0.01910243580012656,0.014273607747270543,0.05724182867937344,0.01592043878996536,0.04012915392568255,0.013540161024700834,0.09222984098823725,0.15415196435403666,0.03137075583866193,0.001362388203985174,0.025341114218945623,0.028869661751541247,0.03415946945716146,0.033893310888755475,0.11366269795774188,0.11239700644784612,0.02135656741753221,0.04225527691559359,0.016703622946402465,0.023064103222048472,0.009098823205224846,0.005125003523868433
"TX-SD022, USA",0.01625214265863611,0.022819667370650876,0.006876316784526599,0.013065660255561776,0.017722934500622376,0.06424052120844816,0.008849857492208341,0.03292622225360262,0.018806884138959,0.049902791462050504,0.10318764735816056,0.06129629900350008,0.004866723022956225,0.0347224184188147,0.05143637749048274,0.06356705655195248,0.04713160926314517,0.12274775006357135,0.10142604391233329,0.0305065028253774,0.05166105872703042,0.027946318824514902,0.02659793334492808,0.010391494172271143,0.011051768895695245
"TX-SD006, USA",0.011653325148120602,0.012342201404073381,0.004614861673913499,0.008726738970897971,0.01053875444913708,0.0340989371734898,0.006459555147783892,0.015325258914182476,0.012571861131651796,0.027848055618264495,0.0608570980484367,0.15414329155777062,0.0016639552305049016,0.048687112328494195,0.05624590440175524,0.08379308367365612,0.05423570967777869,0.10233350438838514,0.09194275959634741,0.06293706926699415,0.06746556783923705,0.030028804310831735,0.022435812231616743,0.012655079362272498,0.006395698454403933
"CA-SD007, USA",0.02815815574497857,0.05054715084501118,0.027676952192813426,0.04591924798222331,0.022555901150951567,0.0740603233142137,0.020946146286871657,0.034367172144126185,0.01171467893166834,0.06634115617275309,0.1270319614528778,0.043215439282984824,0.002819679554879612,0.01591468792973076,0.029351149434945156,0.031352095904834676,0.03508452754748886,0.09318802318334699,0.07851551037336818,0.0384348332046972,0.050221834000350685,0.02928173220025114,0.0272079392972045,0.012543591222194353,0.003550110645234169
"TX-SD002, USA",0.02042565967652124,0.039248356461844505,0.005888439960201918,0.016567818048592673,0.013753835611741679,0.06127997131466302,0.010077344742827374,0.03649107428211699,0.01799730152932575,0.060810924035922524,0.10762962826039336,0.06469599855700892,0.002836385156257405,0.037749476064080134,0.034653498641655844,0.050296010573816836,0.036782743471717734,0.12451673273134123,0.10071967957706603,0.03325906390226885,0.046934317711316675,0.027397455735234683,0.028094847014154937,0.011655858675137567,0.010237578264792057
"TX-SD014, USA",0.03827314710181419,0.07788052292032133,0.013889300782391626,0.04157249481802462,0.014547612550050425,0.06756675573177093,0.021688027685861328,0.036289914984148915,0.011551164182610216,0.08439903223698951,0.1407984471327657,0.040752335612995856,0.0009139520912201244,0.01728783806352982,0.018556653809997995,0.02686088381627373,0.02770000106358682,0.09361374085772482,0.09615474149686423,0.028605747563705868,0.046681818383040856,0.016911299220451984,0.02446139063970509,0.008383427002912123,0.004659750251241873
"TX-SD004, USA",0.02499670096839967,0.025397462421764286,0.009554953107374618,0.015778293953372477,0.01374289235891118,0.06975264890198786,0.008018134780661247,0.03321670142648428,0.019321635824385158,0.05650430021145074,0.11988629941772788,0.06285135779622425,0.0016337717969287758,0.0392469715745273,0.03475491793307551,0.048845496315794684,0.04851396933983145,0.10899978682269743,0.1076268571271519,0.03168854130377218,0.04930869634364823,0.023024024177487307,0.025816536347415958,0.009658301836202511,0.011860747912723011
"TX-SD007, USA",0.03574876870039485,0.03660081919830043,0.010401372052729669,0.01931472299128369,0.01459051829224477,0.0718431558368495,0.011711113794353354,0.03831347292915673,0.017054700706609822,0.07892549125211472,0.13637119368638698,0.03841852232795475,0.0009019820582093168,0.030336261170963292,0.025610838116017068,0.0427015845426711,0.04069290744191357,0.1091682532902663,0.11669997939913045,0.021053530033930352,0.045103529721004704,0.016567025519739053,0.02451930913811734,0.008352147786388136,0.008998800013270091
"CA-SD031, USA",0.013295913627829213,0.01699714023187248,0.004515047739710693,0.012451750704918219,0.017610797969932108,0.045651052999696407,0.004648369145083976,0.025151810529627654,0.018514182983293617,0.03395539935840433,0.06874674422138286,0.08160059257500832,0.005048170361924501,0.03638562147908746,0.0823322387174841,0.0695642516058912,0.05519516356692625,0.12718131696199128,0.09281540682843786,0.04451358313663106,0.05517878514611133,0.04098131687875957,0.024929110087856882,0.012526371556087164,0.010209861586051347
"CA-SD040, USA",0.044508497843131704,0.059992137506486826,0.02446502203669507,0.02160481183459136,0.012259441156282672,0.05583804236165389,0.011440942548812278,0.03874743626590866,0.01782566215009985,0.07017814384077763,0.12439280478141035,0.045530159107860756,0.0065333286440929245,0.02616790729121857,0.02567521024798426,0.03906694783858396,0.02409276037988795,0.0961774492620766,0.0930220764636253,0.0364976162035079,0.0489896654754321,0.029597447992457483,0.030549735211575783,0.009609820396716647,0.007236933159129446
"CA-SD019, USA",0.01023651026169961,0.01776328965663023,0.00797057266419953,0.01950044421289272,0.020817177228585074,0.06208766856194899,0.0065050053973872155,0.04656125921262114,0.022583736178561943,0.039647183419749404,0.09533068285443937,0.05668007719546233,0.0041191018250729865,0.04004882202015975,0.04353465637815321,0.0360364962204981,0.04028119637520738,0.1116145134653802,0.10383456476907595,0.04921348854467522,0.06408623028648007,0.04338865227244091,0.030853339143155016,0.016279033701655322,0.011026298153868573
"CA-SD035, USA",0.012565972235035038,0.013651522199166037,0.004302651122180739,0.018110042177684315,0.018373864675030282,0.04152349755484629,0.006014960311576332,0.02114161370243995,0.01688771625465006,0.03225571197034441,0.06499394813624021,0.06259188587444928,0.004211187956712584,0.030574057366137514,0.06838347377183067,0.0661995242923307,0.059316444176290936,0.1336465889740563,0.09273552341047779,0.06454359326895137,0.059774571501196694,0.048412579638757273,0.03021405335525843,0.02316816433707742,0.006406851737279413
"TX-SD015, USA",0.03347099259784787,0.031928996227398046,0.014627457018986859,0.018911308429603556,0.01109814029353319,0.05627668842928302,0.023053032459130225,0.04384698366381691,0.014874685026303531,0.07185337851358518,0.10919644197360183,0.07384065174615058,0.0007460822126606325,0.026053644542187525,0.03643919381575308,0.0475966457732093,0.038412984840629084,0.09723843890504956,0.0985583224844111,0.038879049688724666,0.05082354619156514,0.022954027737610124,0.02409135787837107,0.00992196282345036,0.00530598672713757
"TX-SD013, USA",0.018082790762541122,0.02308454731432474,0.011885423525397489,0.011744322459397515,0.015608622425977521,0.05235933245832119,0.008340466914637967,0.04074349754204827,0.020397138966767626,0.047274114587694455,0.0740153799486478,0.08907237017436426,0.001623762666268179,0.03349407414285005,0.04315331897175421,0.04627018344160246,0.04719246399449773,0.1054389557362352,0.09170234142758366,0.066356928802884,0.06521773894190919,0.037374247782964845,0.025999598217675758,0.01795486846069298,0.005613510332961692
"CA-SD026, USA",0.012689073101856279,0.019452930306547173,0.007618425601249336,0.08094598173288668,0.015401506830577378,0.0425343039006219,0.015754302144947628,0.024576528811330108,0.01156063704889255,0.04524778358541636,0.08587651885311537,0.0630413290070803,0.0027527494864680838,0.020550505059147375,0.038195082166339295,0.057785200139685106,0.03424047203038841,0.09991854168447029,0.09416525388010058,0.057784469812625014,0.08307408714830088,0.04321754971662743,0.029506709147433433,0.011517295721677397,0.002592763082215486
"CA-SD034, USA",0.01708660783211229,0.021457973383002437,0.005900136590771089,0.01971431635986853,0.01637599781636318,0.04215513694216203,0.006188398045312208,0.023367842380655736,0.01786462262235437,0.04455947619186477,0.07404376132455749,0.06418428320683539,0.0074171664001434,0.029468014310299655,0.04565013895664651,0.08624982587764576,0.037655458275529165,0.12541687487928854,0.09752354069401373,0.06391395666584078,0.0692986724031616,0.03626674615316486,0.031438762651490294,0.011759446913187399,0.005042843123728686
"TX-SD018, USA",0.02744501156614787,0.029522997685882985,0.00869838006463598,0.014535654006536136,0.014267763768160214,0.06302556194801147,0.00834108857048761,0.04415870249208807,0.02140621889278869,0.05967885072396513,0.10933853022789387,0.05681435458189156,0.006356316325091251,0.03455201583529568,0.03298032623020187,0.05267008155552565,0.0395912898248203,0.10724280294844071,0.11330170367297478,0.03192779551941167,0.04625641790822849,0.027850481268972018,0.027885818981156968,0.009194630151678837,0.012957205249712203
"CA-SD012, USA",0.02161371931224045,0.021510191177953827,0.012691342906349053,0.016058519250283794,0.026544998395718677,0.08227131181653963,0.01060945245523422,0.05065885098281907,0.01896777049167972,0.04454442695580193,0.10811265492556321,0.04717830560549668,0.015947758337835394,0.03213299141800989,0.03205025076645814,0.036259033645326975,0.037414096679681604,0.11254420451277515,0.09931073554988173,0.026962458198393845,0.04824530696627732,0.03468990369721974,0.029065392191679956,0.013565481529626635,0.021050842231153385
"CA-SD001, USA",0.01339121127568206,0.01842712995513779,0.010970412347613282,0.01798690544283419,0.020396465044379062,0.06020439646788559,0.006340200698723212,0.03754158863263821,0.021529705593569527,0.03794014306634266,0.1003079059712597,0.05569647196886626,0.027577440476067347,0.037042656248372975,0.038123461488570556,0.0452274711634262,0.03710997850761453,0.11650016782351631,0.09348646327971642,0.04181087069148316,0.05864061853970722,0.0495785891543277,0.026190861218082416,0.015437630280577184,0.012541254663606193
"CA-SD020, USA",0.012509450216527336,0.019181083577185388,0.0052341952170265535,0.04369645117883841,0.015640372952803707,0.04406827342342641,0.009049949185217796,0.023591625675220038,0.019404708258186628,0.0416703474003046,0.07811888497085104,0.07457894177382432,0.004358866559301156,0.029912809417434898,0.03894171835689335,0.06646474442013131,0.040115024070451755,0.11535713876356186,0.095598061859268,0.06839294198021625,0.05754624657814441,0.04802011249190287,0.033075075330958846,0.012214610784574037,0.0032583655577490206
"CA-SD032, USA",0.023133288086296798,0.02574238788045215,0.007795023892666201,0.020282612161594674,0.01829937987819645,0.06681688059604099,0.009261218371029164,0.045159468520307805,0.02156569866655232,0.06255813791969225,0.12376014880295075,0.044504964557925,0.0032706230259591153,0.029259304198363444,0.03178849230004545,0.038891973002807535,0.03127834090625256,0.11208589170216997,0.12011147199513367,0.024523713008803988,0.050905575028354716,0.02868999228496157,0.026984896463002176,0.015922466327394556,0.017408050423046686
"CA-SD008, USA",0.021109139923983847,0.04542473145540048,0.013910567174790178,0.01987102330518474,0.0182494557094802,0.05248475461732316,0.016137776872798347,0.03895730565079234,0.01841676923792205,0.06337459120319078,0.09098917960407248,0.04579287491569025,0.00413979572606215,0.026254193571831775,0.040162993441017814,0.03824751910475906,0.04075728103186632,0.12473988387938748,0.09293104423058494,0.03718014555719361,0.05800290600530554,0.04237134804592061,0.030069157237006837,0.012877860743290715,0.007547701755144248
"CA-SD029, USA",0.009696860029092246,0.014596437814251576,0.00608196532857575,0.012424418091218439,0.018562910258454697,0.051411999736935055,0.00475563119286409,0.031437509802000614,0.019478751807129453,0.036084802700058184,0.07204723970270663,0.06522812423987144,0.003735156393607919,0.0370254300505761,0.10016417554558732,0.0588442127090277,0.05836257716931922,0.12123252873132516,0.09394024221371748,0.038466619207672574,0.05313255621499739,0.0396822849623415,0.026617237941960598,0.015520778884910783,0.0114695492717981
"TX-SD010, USA",0.01530110726307972,0.022148622739538826,0.004859625677134544,0.012625928746461868,0.015515449134626701,0.06459381949244573,0.007690953989552661,0.032358397858595865,0.018951493483364265,0.04239384923176019,0.099417104967476,0.07076859235650303,0.0027223779122269604,0.03623558915438141,0.07480203237224924,0.059112103464020405,0.04380543428848511,0.11398327005938554,0.099547586668152,0.03511328196105964,0.048813584976540716,0.03127111506436564,0.027746995507189124,0.010099493146487778,0.010122190484917085
"TX-SD005, USA",0.02223609756169374,0.04313087218324471,0.011130395242208345,0.017271741544114434,0.014280796441061698,0.08051293871649641,0.006855510320968228,0.035716257315028886,0.019254873183380244,0.04884239285274119,0.11009689004884882,0.06086994159171804,0.005769500136477612,0.032469366435678375,0.03133049109532881,0.043477396332839174,0.03707099309586004,0.11671219664661353,0.0966575212788047,0.03194204278342949,0.050392044814379595,0.028244749209778083,0.028266233037117332,0.010036984272665805,0.01743177385952264
"TX-SD026, USA",0.011793166000147272,0.031563891661008384,0.0069817388961564445,0.017203815386563837,0.016148528534083773,0.05672840595934151,0.00784971204318483,0.034578912414098814,0.021256860315376,0.04684953031566073,0.07874340977814048,0.0709015894239763,0.0014117648163946381,0.033742818302033954,0.03690833584292156,0.04120682223155568,0.039089859300304876,0.13581022876750198,0.10088518621889773,0.048802030893083596,0.07748343351698647,0.038833969847009334,0.0254058899567968,0.011397537934932252,0.00842256164384254
"TX-SD001, USA",0.012822848529165858,0.010349621029671189,0.004190261323563544,0.011060892308536956,0.01689331679523621,0.06410176420234098,0.006266674320111986,0.04582833155723475,0.02475224050452843,0.033544551786788154,0.08723679843071007,0.0691505424379387,0.008417957977593695,0.0423992552864928,0.049916269644189486,0.08037365451183057,0.046075404738314354,0.11026950942247445,0.10417004624511163,0.03643955067620616,0.053824518144904715,0.03586554227571846,0.023354654833774604,0.009481121362845667,0.013214671654716424
"TX-SD027, USA",0.008539428462457579,0.009505922520371446,0.005687195471928407,0.009456334643328344,0.019699159056593023,0.0775463616683811,0.0054003568621349175,0.026224604712355954,0.020829576754899444,0.027650754828621185,0.07459316857429843,0.08113311402156993,0.011953412908484617,0.03637255564392731,0.03470663861519227,0.04596215495670844,0.04553082923916183,0.10462136784656734,0.10636031880035986,0.05619358012233322,0.058123515759949534,0.07767970120366045,0.023888512763455227,0.013349297595764444,0.0189921369674957
"TX-SD020, USA",0.010290242922073785,0.009308078512018435,0.005878494230031059,0.011793689822988243,0.017953302874169554,0.07149584707058725,0.007070743463420515,0.03715988453987242,0.021918019351314256,0.029902411987619778,0.07823567742438527,0.08515567257848444,0.0076571527048767225,0.03797743350092579,0.036384883252414554,0.04697151939323215,0.04273399414159064,0.1083613124311056,0.1176180649109965,0.05366977300607992,0.06004333127900153,0.05388953513714912,0.02002962124034817,0.0121944173140542,0.016306896911260138
"TX-SD029, USA",0.011833376387368187,0.016275076635175318,0.005959989116112029,0.01114469764853977,0.013026898181126905,0.07866645183633521,0.007064971613543076,0.035386718453970525,0.019568502185340758,0.03691692465376672,0.08254563409883116,0.06227375325167626,0.004027413001185311,0.03951411519818591,0.034288696597943605,0.04473372129856836,0.05535985443878449,0.12645991726946032,0.10631742873651738,0.03736405089027561,0.062094349718026895,0.042760991998788626,0.02406807844858416,0.017275495086519845,0.025072893255373523
"TX-SD011, USA",0.03740383739047412,0.029448520243425903,0.014723635726011554,0.016069837794428363,0.010962373009872168,0.07491041245860877,0.007334738049371376,0.05448953750849222,0.02310990134298781,0.06001714566041902,0.11780960938143507,0.056450916512610944,0.0018504461596735309,0.03466070081748289,0.029499346476818355,0.05725441266096706,0.03926232611674379,0.10296013145283102,0.09514894431008816,0.02441100491168561,0.046175373758712404,0.02115501405104474,0.02117058776083938,0.01229322400820083,0.01142802243677528
"TX-SD025, USA",0.024778754080846264,0.041713557233217555,0.00819137466688635,0.023278220719573795,0.017236564503885693,0.06709565935463853,0.016766193461334792,0.05778271884207922,0.018065894265583447,0.08243946143689203,0.15393374188687117,0.03655817507230603,0.0010550513597320844,0.025039262596032185,0.024817110886053463,0.024394033693475523,0.028715233349053366,0.10508081508883922,0.12115927735971439,0.022238750927997254,0.042890320312992676,0.017423475045953568,0.02338938061300521,0.009193687630076084,0.006763285612960076
"TX-SD017, USA",0.04764285091213309,0.03916612152725981,0.014985876133423032,0.018260675109089308,0.012022564074374706,0.066960328047655,0.016463846586125454,0.0405200418628798,0.0171529971480179,0.07410665923313321,0.1356668869515358,0.05295877256198113,0.004357026042625139,0.028692475358355004,0.026367906775852813,0.04509606533614884,0.029733884836535194,0.09315324728110191,0.107288162081616,0.024493260412540577,0.04419656976824085,0.022379613790599738,0.021140095437114568,0.009419611605276513,0.0077744611263849146
"TX-SD019, USA",0.012720369885531511,0.028629625954302663,0.006799498220321552,0.010336167377003068,0.013895492143645615,0.06544395999477569,0.004563368491984852,0.03663206599962832,0.02220437135138195,0.044153750574136494,0.08095355926115445,0.07327589375168599,0.006588893892635745,0.03785017962800476,0.03976499227522189,0.04858786481328326,0.04951517409628149,0.12086729096441126,0.09784096338405325,0.041499970059760194,0.06587481038459368,0.03971434832767133,0.025135223134504774,0.010788835922345117,0.016363330111681163
"TX-SD028, USA",0.010849507053293196,0.015382682861429459,0.005974339825470119,0.01272934730588671,0.02164168222461983,0.07437343913938714,0.006342931818343122,0.0400235387754362,0.0254983548895097,0.03603357727521181,0.09663716104050961,0.06496179383530817,0.01189685048595507,0.039033171014579635,0.03923567187966128,0.05104647108150974,0.040102441247041605,0.11676372235582885,0.10205073310597422,0.0377890135906001,0.06226866563249212,0.03690461239388075,0.025539778800317287,0.010593386412677857,0.016327125955076575
"TX-SD021, USA",0.013257148423295227,0.022784763738235698,0.0060336417304887695,0.0164905185143831,0.01289051000858807,0.06386152263402414,0.006164392727809558,0.021658349807391935,0.01650215006957904,0.04583666868304376,0.08931086927469108,0.0809544219468245,0.0033579683032012204,0.035445123359623666,0.03953982074731554,0.041103268413527363,0.04950666192500938,0.11836527605578205,0.11213819512290919,0.04661541064832913,0.07289946203702054,0.03520154948349024,0.0210004906351241,0.01274151356215812,0.016340302148154507
"TX-SD031, USA",0.018889179795495415,0.012857805117660923,0.008685563853066085,0.010326116981286139,0.01466889890781931,0.05849304506356822,0.006475741191334627,0.031268990663499675,0.01660249373683436,0.030750162734223405,0.1011162006422915,0.09423212265476513,0.014913900985532753,0.04791952402341425,0.04115074113128546,0.06837239355020026,0.05660748985763428,0.1041787266137109,0.09873823929977332,0.039166704698035,0.0566483235372525,0.026215222315365876,0.018913199607035906,0.009951407921253414,0.012857805117660947
"FL-SD038, USA",0.014625488217685624,0.021073473219962183,0.007176104830184345,0.01739893593414153,0.013800003711022581,0.062486948754142964,0.029346035334083843,0.04711906409807095,0.01659839975185843,0.06351156154168587,0.13651630721504365,0.047332379774546324,0.0046132837834541515,0.03767669181769139,0.02460148881410632,0.021416049430721354,0.042680971536373624,0.11679402243050972,0.11813484743769388,0.04198872309044916,0.039564767862199944,0.024702214685323926,0.026842449159508074,0.014670259523208735,0.009329528046331526
"FL-SD024, USA",0.012381681444404817,0.0168825354428174,0.005008280401205378,0.01728815066436509,0.015884726552142528,0.03699414929630824,0.011979726496898435,0.031407396012824405,0.02170675765823487,0.03975052145888865,0.08679572115323428,0.08481167885061841,0.0054676865733460315,0.03441245963691138,0.03583895501455547,0.03247984640551195,0.04339625996489104,0.0972479777851098,0.10923471700914762,0.09069373176615951,0.06738364530843213,0.045167396114518,0.03441474863731111,0.018125735616164203,0.005245514735999326
