longname,Silent %,Boomer %,Gen X %,Millennial %,Gen Z %,Gen Alpha %
"California, USA",0.05845274818233428,0.20691661625167487,0.1929179321219737,0.22086624096417867,0.19957380823429138,0.12127265424554716
"Texas, USA",0.04807326553701704,0.1904416369609664,0.19082341824855467,0.2157676618597714,0.21627178418359666,0.1386222332100939
"Florida, USA",0.08922782109889209,0.2502410992324632,0.18889027352321416,0.1909091885365976,0.1745071154682754,0.10622450214055748
"New York, USA",0.06961460478547103,0.2303536401669459,0.1898267635575601,0.2102382294891981,0.18632868552125978,0.113638076479565
"Pennsylvania, USA",0.0760907654827228,0.2478557772244027,0.18552488330585215,0.19299222042261574,0.18695962284213982,0.11057673072226683
"Illinois, USA",0.06414518357316537,0.22411783139879377,0.19136627222559088,0.20396036729364458,0.19730122475209144,0.11910912075671383
"Ohio, USA",0.0686366481970783,0.23936849651551048,0.18515562961959417,0.19311135534228474,0.19461131701540765,0.11911655331012469
"Georgia, USA",0.05223797717171673,0.21072253076993064,0.19783833054800337,0.2051211061090639,0.20892433381373193,0.12515572158755334
"North Carolina, USA",0.06322860697644954,0.22964721480634293,0.19446818311347763,0.19605206804730954,0.1987835369131194,0.11782039014330078
"Michigan, USA",0.06818167847916898,0.24480321474130626,0.18498512830284936,0.1900311153827479,0.196739071064778,0.11525979202914946
"New Jersey, USA",0.06796279086952095,0.23196511743151257,0.20040053835418556,0.1940156709909694,0.18780489819927135,0.11785098415454019
"Virginia, USA",0.06120604395731317,0.22440090731360687,0.19409827885024158,0.2057078213997788,0.19569608072146827,0.11889086775759139
"Washington, USA",0.05848657438344326,0.22284050586476933,0.18861564734003683,0.22302394464106584,0.18590576321494784,0.12112756455573688
"Arizona, USA",0.07239327985548635,0.2247394582970121,0.17935872069033856,0.2004224210301937,0.20261659768281498,0.12046952244415429
"Massachusetts, USA",0.06766558123009737,0.2354262242389514,0.19161153712675966,0.20646654020329425,0.1944357404638934,0.10439437673700384
"Tennessee, USA",0.06341350015151055,0.23146517892504814,0.19016360276691116,0.2013761185514761,0.19382127375349054,0.11976032585156353
"Indiana, USA",0.062355917491934934,0.22497711565407755,0.1847193297923079,0.19466180047220255,0.20716983591405558,0.12611600067542147
"Maryland, USA",0.06182181773167764,0.22853334597053326,0.195452033076003,0.20391567482789247,0.18981563444033694,0.1204614939535567
"Missouri, USA",0.06874943190355745,0.2351245683594975,0.18070647253262873,0.19730422149170532,0.19644302648195164,0.1216722792306594
"Wisconsin, USA",0.06776420566222986,0.24411187810228124,0.18374763310124362,0.19032673227164784,0.19773906114801484,0.11631048971458248
"Colorado, USA",0.052573256527494526,0.21470176699091553,0.19153857927835874,0.2290981441073977,0.19468857850955484,0.11739967458627867
"Minnesota, USA",0.06453093950914829,0.2289146774138634,0.1829965100285358,0.2020730122769175,0.19489694471919503,0.12658791605234
"South Carolina, USA",0.06698275195404094,0.24510095452292133,0.18565993670148598,0.1927936226104966,0.19281194678626817,0.11665078742478702
"Alabama, USA",0.06653418227725842,0.23710489918394903,0.18793754040049077,0.19149769061702704,0.1973788014726662,0.1195468860486087
"Louisiana, USA",0.05990034273350488,0.22561887629297744,0.1794194722263563,0.20795138476788802,0.19866295301662126,0.12844697096265223
"Kentucky, USA",0.06332064553578952,0.23436983860976338,0.18932080288396294,0.19244237441099027,0.1980732927517555,0.12247304580773835
"Oregon, USA",0.06697456213188493,0.23855267404945224,0.18930073619208332,0.2114416560194867,0.18322236688202106,0.11050800472507188
"Oklahoma, USA",0.06301708645881698,0.2178875104121202,0.1768021684118679,0.20279264579974207,0.2078475539731242,0.13165303494432862
"Connecticut, USA",0.07288095505259977,0.24382657626538484,0.1951635535845626,0.18573496142863144,0.19736488120096343,0.10502907246785802
"Puerto Rico, USA",0.09836141081228951,0.24762085681521023,0.1936225603099816,0.18491036175175882,0.1904201013535196,0.08506470895724018
"Utah, USA",0.04258379572750876,0.1632663545183622,0.17056140274867934,0.21833928024336427,0.24673868978173344,0.15851047698035198
"Iowa, USA",0.07150599699914126,0.23067481574916093,0.1753328782764879,0.1893073175028074,0.20753926438068757,0.12563972709171492
"Nevada, USA",0.05902057963453644,0.22345989426125068,0.19498973273736794,0.2144400010721624,0.1863630747264515,0.12172671756823104
"Arkansas, USA",0.06820790222986108,0.22838436181982427,0.18221649836791454,0.1935407752895677,0.20117394995393356,0.1264765123388988
"Mississippi, USA",0.06226900180012911,0.2265520700710328,0.1827081200536411,0.19381192980386977,0.20987054041184844,0.12478833785947878
"Kansas, USA",0.06502338427181346,0.22149218017536243,0.17395422187313594,0.19501660755656613,0.21217428197342586,0.13233932414969618
"New Mexico, USA",0.06857937408681092,0.2368744921459813,0.17328476897797726,0.19759681345010777,0.20340519378808608,0.12025935755103666
"Nebraska, USA",0.0644500584172013,0.2177706151228811,0.17273402750732778,0.19855699264148235,0.21052175784532765,0.13596654846577982
"Idaho, USA",0.06021085030665974,0.22068792686312835,0.1765052988573192,0.19681643526197867,0.21255596519573397,0.13322352351518008
"West Virginia, USA",0.07836957865185476,0.2638279725014191,0.19086998026760132,0.17647461345792276,0.182971539446224,0.10748631567497813
"Hawaii, USA",0.07783954016153793,0.23466027640359424,0.18207404751371828,0.20746053305785825,0.1777499796748847,0.1202156231884065
"New Hampshire, USA",0.0699641683747378,0.2701081872833451,0.19466988442192365,0.1838870599955946,0.1849691461314663,0.09640155379293235
"Maine, USA",0.08073217425523861,0.28419099438433737,0.1882697615577162,0.1799357954392649,0.16851337040398973,0.09835790395945322
"Rhode Island, USA",0.07185634479207952,0.2427267409038665,0.18528489106059784,0.20219814299877936,0.19471465765319923,0.10321922259147749
"Montana, USA",0.07141704190623556,0.25698298109979983,0.17151463202403017,0.1925503117874391,0.19127199256385566,0.11626304061863971
"Delaware, USA",0.0737496318306908,0.25797776280937085,0.18084605592465144,0.19077709367634305,0.18388888149095783,0.11276057426798601
"South Dakota, USA",0.0661476436999949,0.23286402014096408,0.16318490334945593,0.19582664708517383,0.20389210521839224,0.13808468050601905
"North Dakota, USA",0.06530792455010936,0.21097932233723796,0.1612206852395813,0.21406841785283076,0.2117150919158474,0.13670855810439325
"Alaska, USA",0.038969949524241446,0.21019106268153182,0.1792507363444263,0.22958861828151225,0.20050099042779562,0.1414986427404927
"District of Columbia, USA",0.050091885689157484,0.17182016578757187,0.17499104636341536,0.3170268777019393,0.1718547581930117,0.11421526626490433
"Vermont, USA",0.07445084091419649,0.27366053018061665,0.1822425679341341,0.17793228544820935,0.19550390365608727,0.0962098718667562
"Wyoming, USA",0.06250509415737002,0.23986501133287436,0.1738863521671196,0.20035516031638403,0.19839553552383546,0.12499284650241659
