longname,White %,Hispanic %,Black %,Asian %,Native %,Hawaiian / PI %,Other / Mixed %
"CA-SD003, USA",0.4192247772589012,0.30491016742509464,0.07513488598561793,0.12549039607933327,0.0037249413256788084,0.00585059242059601,0.06566423950477815
"CA-SD023, USA",0.30633140467007897,0.4765878673640466,0.10601924290159959,0.060743245980772534,0.003483362626634846,0.0021183783794212468,0.044716498077446216
"CA-SD004, USA",0.5298213785982417,0.33964700319414826,0.01834656990938655,0.04552674496029027,0.009596919721694153,0.004237312669478032,0.052824070946760976
"CA-SD010, USA",0.18010096374483708,0.20775826670853362,0.03366295500108693,0.5249776575445038,0.001664694089514746,0.008905098910654332,0.042930364000869546
"CA-SD039, USA",0.43910037179756334,0.3060891404733042,0.0784480281571592,0.10769358772555283,0.0030881546244438274,0.004643841540517034,0.06093687568145956
"CA-SD024, USA",0.5735617499032133,0.15562524196670538,0.037289972899729,0.16561653116531166,0.0016182733255903988,0.0018554006968641114,0.06443283004258614
"CA-SD025, USA",0.34182582001576106,0.257196917192439,0.033283349020071594,0.32685378958316574,0.0013328073187115486,0.0007221392381382572,0.03878517763171287
"CA-SD033, USA",0.1585278723773461,0.6480692478534542,0.0764884769485653,0.07880733775972065,0.0019213972105810626,0.005054573691205682,0.031131094159126974
"CA-SD015, USA",0.2677519288029723,0.3509416597171186,0.026297931251413775,0.30643672157375956,0.0020766123356015234,0.0032037497463698115,0.043291396572764436
"CA-SD021, USA",0.37942792454303254,0.5039875474533762,0.015689623203115087,0.05596521874908509,0.00329660677863549,0.0015926768095716754,0.04004040246318399
"CA-SD005, USA",0.31193505328087756,0.35315266755915675,0.06112678339343483,0.212961416891498,0.0037672065548222293,0.0053822816304251245,0.05167459068978548
"CA-SD011, USA",0.35396404910318624,0.16782242940315242,0.04718567448328543,0.3676539860838397,0.0017236060580835654,0.004327622256063225,0.0573226326123894
"CA-SD037, USA",0.4408555173209368,0.23315350517640013,0.016955226225130453,0.2504994772056766,0.0014343709041641918,0.0018064630141424456,0.055295440153549355
"CA-SD013, USA",0.4242349322824211,0.19403274376103286,0.016912829996489267,0.29430025168490437,0.0012341955230744128,0.008470260140330404,0.0608147866117476
"CA-SD022, USA",0.14115668467185058,0.6308185433608358,0.03733503492214242,0.16381749470726736,0.0022229477058229954,0.001273223719356562,0.023376070912724322
"CA-SD014, USA",0.1742885470711672,0.6632150863459172,0.04333621352148793,0.08634093995006789,0.005245061539135386,0.0012702027944461478,0.026303948777778217
"CA-SD017, USA",0.4362623947829527,0.44800334856437296,0.016283293341032103,0.047811944944486956,0.003267647393773988,0.00253939458115973,0.045831976392221585
"CA-SD002, USA",0.6276673131664207,0.22863415304686002,0.01636283184952777,0.04232984731836384,0.01853109770842092,0.0025926880978157808,0.063882068812591
"CA-SD027, USA",0.5521150146724004,0.23926856898449234,0.03598344424639142,0.11609707086633236,0.0015696290893831137,0.001122748828074168,0.05384352331292614
"CA-SD009, USA",0.39477966792545727,0.2474709003463608,0.0718499379012332,0.21642656152418926,0.002211543409106272,0.005714499027909638,0.06154688986574358
"CA-SD030, USA",0.1269835164167743,0.6148010106367903,0.028649892903272828,0.20340685014151344,0.0020498192110068713,0.0020599417750118434,0.022048968915630456
"CA-SD036, USA",0.4201506999825663,0.23447186082246432,0.016278192897599422,0.2786398890731363,0.0017352594172285313,0.0032211766518412807,0.04550292115516382
"CA-SD028, USA",0.21431230158770626,0.4612883784062158,0.18822003330624099,0.08645243662789097,0.0017805479723066663,0.0011391019960289496,0.04680720010361035
"CA-SD038, USA",0.5772785594899701,0.24279020744108737,0.02010513307027808,0.09355548866742755,0.0023001069411043183,0.0038954915232994975,0.06007501286683316
"CA-SD018, USA",0.1603717863743613,0.6900045045648663,0.03777855888971238,0.07584367819883377,0.004811741143169915,0.002446071493732264,0.02874365933532414
"CA-SD006, USA",0.5961086918188278,0.1750552461405041,0.04448461512285112,0.1020127847251511,0.004659959102903735,0.0044578453644286,0.07322085772533363
"TX-SD030, USA",0.5859577707689201,0.1808326730160703,0.08648964985058703,0.08805991019685223,0.006041773482694509,0.0006732646603379789,0.051944958024537906
"TX-SD009, USA",0.5037142448186233,0.28942275179800153,0.09995270327737246,0.057140871628812,0.0037152820274528433,0.0019862549085907857,0.04406789154114711
"CA-SD016, USA",0.17340205372395742,0.718767059878487,0.04038741362382436,0.037015395664637296,0.005475766929107707,0.0011281574397157086,0.023824152740270547
"TX-SD016, USA",0.2659185243078801,0.49326121772416504,0.15150609318773203,0.05924212182638904,0.0025823781751678596,0.0005127390749730397,0.026976925703692863
"TX-SD023, USA",0.17747753826669643,0.3880339041113666,0.3722725408878808,0.03223589621148027,0.002451975231105413,0.0004328847042214044,0.027095260587249106
"TX-SD008, USA",0.5427706683971447,0.16757949383517196,0.09482362102530824,0.14118728098637248,0.0042144062297209605,0.0006800778715120052,0.04874445165476963
"TX-SD003, USA",0.6081476000340877,0.17590743092550368,0.16327417165685257,0.014578756253754332,0.003974134867005743,0.0002598153024977604,0.03385809096029814
"TX-SD024, USA",0.5243578194467271,0.254824025780842,0.1118331401989319,0.04704088277331292,0.0036251708563308904,0.00506899787170744,0.05324996307214766
"TX-SD012, USA",0.5459026083771116,0.20736514781913698,0.07979048895623288,0.119383413951862,0.0034727714735290935,0.000593191411420912,0.04349237801070659
"TX-SD022, USA",0.5058089960051765,0.25285868819450014,0.15379081367589353,0.0413725034956007,0.003736622755189262,0.0020197960838860877,0.0404125797897538
"TX-SD006, USA",0.1059235467729854,0.7165909107483115,0.13709095189924583,0.022746569626859996,0.0015616519131017282,0.0004927694162088842,0.015593599623286637
"CA-SD007, USA",0.30527232524666764,0.27136465091053213,0.15299338742985877,0.1951187968042721,0.002492751204655917,0.004824881620392582,0.06793320678362086
"TX-SD002, USA",0.47871802954924564,0.27967398543205907,0.1253995327736917,0.07223844825750475,0.003399812524921868,0.0013027221464852598,0.03926746931609175
"TX-SD014, USA",0.4810819966604525,0.30320665567425087,0.08206775914689932,0.08618207330066278,0.0019029356441803106,0.0006168857308057051,0.04494169384274851
"TX-SD004, USA",0.515949363376529,0.2858191689804075,0.11790180801694171,0.03535912643760022,0.0028571338799731464,0.0014076202106612567,0.04070577909788721
"TX-SD007, USA",0.4331742506113661,0.3083392120216643,0.1246023368703296,0.09082599676523646,0.002142532947733307,0.0005230547656159101,0.0403926160180543
"CA-SD031, USA",0.18591506632912244,0.6232034657531798,0.07981897140164643,0.07194656227617274,0.0032814851665301133,0.0032183796825583804,0.032616069390790176
"CA-SD040, USA",0.4832063333108927,0.2610418489969032,0.019895735155513666,0.1670530665140703,0.006066337350208698,0.0027023444863336476,0.06003433418607782
"CA-SD019, USA",0.4712171511833107,0.37028569502053926,0.05467998512367264,0.048241653927318814,0.006886096007096809,0.0027276778706202018,0.0459617408674416
"CA-SD035, USA",0.07847215636689321,0.5947389494757915,0.21689478952636848,0.071991991991992,0.001776513355460724,0.005662504609873031,0.03046309467362099
"TX-SD015, USA",0.28750245300258065,0.4033221567853744,0.19927559932392083,0.07530243147946125,0.0015287745115623464,0.0009970268553667477,0.03207155804173375
"TX-SD013, USA",0.10886710283396017,0.38521124453513944,0.37427042724456894,0.10473827320445579,0.0012966659727161188,0.0002811028107110739,0.025335183398448438
"CA-SD026, USA",0.17162567201103762,0.5960289896442901,0.034549693134782816,0.1667348589371521,0.0018903531725264443,0.0006322322131827817,0.028538200887028138
"CA-SD034, USA",0.14796554382039817,0.644916740767683,0.017393032847984893,0.16250696514309337,0.0019010743501931208,0.0027860572373519872,0.022530585833295445
"TX-SD018, USA",0.3984161746968831,0.30356440043166383,0.14425294652870352,0.11914873357455723,0.002224973021011871,0.00034384984870606655,0.032048921898474365
"CA-SD012, USA",0.48532416700651987,0.339206703141303,0.03619145476597796,0.07914007425572145,0.008098216697474141,0.0016132876429369675,0.050426096490066574
"CA-SD001, USA",0.6506879381788724,0.20138414688455616,0.014880586316731488,0.047894832829326016,0.016601492087862685,0.0023963321273915606,0.06615467157525967
"CA-SD020, USA",0.23869560975195883,0.6012601441498004,0.0331633627034663,0.09615466196065788,0.0016586984096009366,0.000839954693352904,0.028227568331162745
"CA-SD032, USA",0.43732384124028506,0.3237180950277979,0.049236870963940735,0.12752009868606135,0.005083988250243902,0.00310941774586853,0.054007688085802516
"CA-SD008, USA",0.30372713075586216,0.26851966863814863,0.11525685002404634,0.22380301741847333,0.004566151873120218,0.015426820011232245,0.06870036127911705
"CA-SD029, USA",0.17082912618673454,0.6372196550795909,0.09099672401153777,0.06552189720056731,0.002808902091674478,0.0026407935574000205,0.029982901872494996
"TX-SD010, USA",0.4901465910293,0.2819272782836059,0.15780947974556267,0.026135068049053873,0.0036468779284280174,0.0015664585534941322,0.038768246410555325
"TX-SD005, USA",0.5455680935355244,0.27055317815615865,0.09644026766131143,0.04360763324047884,0.002756662560466304,0.0008713156866868972,0.04020284915937351
"TX-SD026, USA",0.212131545048117,0.65651717381656,0.07040236417367583,0.03018543175397006,0.0023576786932094957,0.0012816765715151712,0.0271241299429524
"TX-SD001, USA",0.6285039189315037,0.15912767768385624,0.1543381131519731,0.010467088122356426,0.005047289234254428,0.00037467540764900926,0.04214123746840707
"TX-SD027, USA",0.13604388001531204,0.8358631070182649,0.008765375735644163,0.008074599496177958,0.0012438309994783935,0.00023315053608356982,0.009776056199038985
"TX-SD020, USA",0.13330790264174894,0.8231523624460413,0.015513808648173989,0.014818268365523806,0.0013215265370353465,0.000337989106100323,0.01154814225537631
"TX-SD029, USA",0.1216917211328976,0.818863834422658,0.027622004357298474,0.012230936819172113,0.0027113289760348582,0.0016786492374727669,0.01520152505446623
"TX-SD011, USA",0.47470360984793186,0.2964282834973711,0.12232453550471849,0.06426780029589989,0.002627800208742338,0.0005338400092387006,0.0391141306360976
"TX-SD025, USA",0.5878506835231948,0.2856184013218638,0.03925756481083335,0.038851576261456626,0.002626920533198295,0.0011655800288557453,0.044629273520597375
"TX-SD017, USA",0.4489712515790869,0.27809788640654054,0.11182838817544656,0.12106789553319726,0.0020817104209328034,0.00028815254773964597,0.03766471533705631
"TX-SD019, USA",0.21228325649942442,0.6620112743382061,0.07346536109376663,0.021736625577626026,0.002875098900110066,0.0012575814273000517,0.02637080216356679
"TX-SD028, USA",0.5447755532417156,0.33423199263773734,0.06246268566458824,0.018885039411634705,0.004365021335828469,0.0006893875006459572,0.03459032020784978
"TX-SD021, USA",0.23529806970048747,0.6915816208524334,0.032909591141284354,0.013740965832619264,0.0018194994834471805,0.00034914124470505827,0.024301111745023363
"TX-SD031, USA",0.45745573836947995,0.4435361275369471,0.04637226476783023,0.018851400773752348,0.004522000828390895,0.0006796771038044292,0.028582790619795018
"FL-SD038, USA",0.1816640118894779,0.661383476127238,0.10859080993389421,0.02110639831958122,0.0006216960899362486,0.00019313044213995888,0.026440477197732466
"FL-SD024, USA",0.34714967757366133,0.34772737726181385,0.2471248401666866,0.024213712088457965,0.0011351614891405338,0.00042683543838023313,0.0322223959818595
"FL-SD005, USA",0.3851891110043779,0.11377944134366069,0.4118319283194488,0.03753328511936637,0.0023959765260548643,0.0008207415749773192,0.04844951611211404
"FL-SD008, USA",0.6765689205708647,0.150017673829477,0.1073574679293636,0.018165382859331045,0.002439356672607037,0.0005246918125984948,0.044926506325758134
"FL-SD018, USA",0.7357228931202346,0.1108560183666776,0.05868381970880119,0.04360980391434289,0.002163170094449829,0.0008862732669764631,0.04807802152851737
"FL-SD037, USA",0.48280926913592986,0.30902955670471677,0.14128171199628467,0.020008551135421236,0.0013029424014684363,0.000364897589095828,0.04520307103708318
"FL-SD040, USA",0.18246481313544638,0.7142325245331151,0.06563299492011532,0.016658925187823023,0.0007612454196250175,0.0002856974335154424,0.01996379937035972
"FL-SD004, USA",0.660893479911817,0.10195057031417049,0.12441291188332707,0.05367478451930663,0.002259874508763004,0.0010433025872429531,0.0557650762753729
"FL-SD035, USA",0.2603743660673121,0.45784416781927156,0.17758414015675428,0.06005716920239742,0.0018792070078377133,0.00033379437528815125,0.04192715537113877
"FL-SD032, USA",0.2423997003971951,0.23401857020833833,0.4520257318960762,0.027386721913620675,0.001437134144204143,0.0003597447472654787,0.04237239669330008
"FL-SD007, USA",0.760816903800918,0.09159979763887402,0.0726321347990975,0.02654881962164378,0.0023947297481933362,0.000513288257515611,0.04549432613375775
"FL-SD003, USA",0.5874410043944104,0.07696131514463857,0.2706738711835341,0.021434300054329548,0.0027589800828617997,0.00037143670238126036,0.04035909243784441
"FL-SD031, USA",0.6512460713625439,0.17923460898502497,0.10339804030319838,0.023810316139767054,0.0012978369384359402,0.00035311517840635976,0.040660011092623405
"FL-SD036, USA",0.14799559817638736,0.7793909577665369,0.03417886569814217,0.015127107280579265,0.00045867741845991657,0.00010172281457780408,0.02274707084531659
"FL-SD026, USA",0.606899667124571,0.16146679947125014,0.15950250119413042,0.03130473097815019,0.0008719929203801964,0.0002665965616449008,0.03968771174987318
"FL-SD030, USA",0.4384014177981121,0.23871211727978525,0.20225868883335682,0.04132710945668375,0.001065943925788057,0.00028363377503577865,0.07795108893123827
"FL-SD001, USA",0.6854744345523427,0.06469199629865205,0.1519481217884409,0.026213554425206252,0.006117608662192659,0.0015205938475289422,0.06403369042563647
"FL-SD033, USA",0.6849009510554396,0.20171282765019716,0.05867780097425191,0.017308281141266528,0.0014845743446996057,0.00035629784272790536,0.0355592669914173
"FL-SD006, USA",0.6802630187019437,0.09605973041139822,0.13820359637059432,0.03056488147269687,0.002780144055261395,0.0008871220683677882,0.05124150691973772
"FL-SD002, USA",0.7265841204672132,0.08325831664405339,0.10170221375023433,0.021627079509028917,0.004549259515673693,0.0012825533763078426,0.06099645673748861
"FL-SD011, USA",0.806363141759464,0.09651111618657145,0.04265429244678658,0.012914570718183827,0.002835449243230295,0.00035094951340571435,0.0383704801323581
"FL-SD019, USA",0.707285808106836,0.1156918085124196,0.09104236860856897,0.02698061570576208,0.002463269562434767,0.0008037254161418576,0.055732404087836765
"FL-SD028, USA",0.5762639652461884,0.3032567744816231,0.07748537195694843,0.014493158075889079,0.001704201899552554,0.00018418775988613849,0.026612340579912373
"FL-SD009, USA",0.6473781439367134,0.13869449110405113,0.13667954099361995,0.028982133612421926,0.0025307922366691123,0.0003724491886194426,0.04536244892790501
"FL-SD013, USA",0.6298594572837353,0.17625234331033815,0.08798361639404137,0.0435119653245974,0.002213799349277161,0.000765885128411543,0.059412933209599096
"FL-SD012, USA",0.5167407926572397,0.272434451623005,0.15028873719882044,0.017743637156693522,0.0023617174364461277,0.0004343174133322398,0.039996346514462953
"FL-SD023, USA",0.5614236659659751,0.2387803863564723,0.10173146042895752,0.04866480022829986,0.002331493629426807,0.0005203893780880634,0.04654780401278032
"FL-SD014, USA",0.48955581426588457,0.338303556769504,0.06877901162703921,0.05685532619889849,0.0013843490201346288,0.0004981417633099001,0.044623800355229185
"FL-SD029, USA",0.6283296842364615,0.1815794336526993,0.13449955109575565,0.01463185185599973,0.0026803596460282706,0.00038450841718789955,0.037894611095867656
"FL-SD016, USA",0.36323975437390743,0.23682411737460968,0.3198667284218075,0.03188918438391777,0.002142131448805486,0.0007731843241547265,0.04526489967279736
"FL-SD010, USA",0.5741145050286216,0.21724392316527683,0.10456171150559825,0.05169254904890416,0.0015856266400216647,0.0004818512050949228,0.05031983340648258
"FL-SD021, USA",0.760101269606973,0.12342934015937818,0.04383927653889631,0.02488579142571538,0.0020721032127876235,0.0007417718444334414,0.044930447211816035
"FL-SD020, USA",0.6255833381613891,0.2005169446069371,0.10141159892125659,0.026761134586883513,0.0020969336550375932,0.0006615993884877969,0.0429684506800083
"FL-SD027, USA",0.6712344143149782,0.1909287337829369,0.08408459531003003,0.014988448119428673,0.0020466003797622277,0.0002974492325248576,0.036419758860339164
"FL-SD039, USA",0.0633350919138969,0.8842199198536262,0.03003431102929346,0.01026337550185025,0.00039474521160962506,6.54790635371416e-05,0.011687077426186387
"FL-SD015, USA",0.27981662539053215,0.26607476128167545,0.35763103066788715,0.03548437216285073,0.0018644458047161493,0.000724438279543323,0.05840432641279504
"FL-SD017, USA",0.40773115918679326,0.40191236970482663,0.08446237082886839,0.05609343035062609,0.0014013053871574483,0.0006856654701866659,0.047713699071541514
"FL-SD034, USA",0.11742767129397962,0.3693397879569917,0.47056717850108043,0.012952353107646405,0.0009389565774751626,0.00015742984532517696,0.028616622717501514
"FL-SD022, USA",0.785782303233885,0.11512795327249961,0.0399455645614798,0.020977513515134702,0.0016495587430362378,0.00039739369718600273,0.03611971297677871
"FL-SD025, USA",0.28029183667346697,0.5408653846153846,0.08924044461778471,0.04095163806552262,0.0014419326773070923,0.000922536901476059,0.046286226449057964
"OH-SD021, USA",0.3239627592269476,0.02769083232328614,0.5846428428721746,0.022312497502630563,0.001350577391813956,0.00016782322620173418,0.03987266745694535
"OH-SD023, USA",0.5547211644286449,0.11018048963776825,0.2540152482165556,0.034626935673418485,0.0019426686244360533,0.00023717079228368823,0.04427632262689304
"OH-SD024, USA",0.804784589339215,0.07369143430869386,0.04414489951774928,0.0367429117689469,0.0011562268020315412,0.00020294050104941602,0.03927699776231395
"OH-SD018, USA",0.7646464700731181,0.04123575645895228,0.11986332647458592,0.03186899971526349,0.0010583602400382514,0.00015848541665547419,0.0411686016213864
"OH-SD028, USA",0.7375525218582625,0.025728294111618723,0.14709626265513837,0.03692037173879039,0.0015588002092783671,0.00024811352812043215,0.05089563589879126
"OH-SD004, USA",0.7462385176873017,0.06729604241374544,0.09166063582671297,0.04212914400019516,0.001520584815293668,0.0012630882779444729,0.049891986978806674
"OH-SD007, USA",0.7889612249183833,0.031487537262752524,0.07410003463765467,0.06000769119576275,0.0011018592511175416,0.0005536569999427251,0.043787995734386465
"OH-SD005, USA",0.789745961969568,0.022288887854841666,0.12480737068859334,0.01228448098888977,0.0016231500058849452,0.00032846205852646445,0.04892168643369582
"OH-SD032, USA",0.8620392971808066,0.027023683863306506,0.05762083828121564,0.005112811716585302,0.0011792452830188679,0.00012369705765932182,0.04690042661740775
"OH-SD027, USA",0.8049959043182552,0.02115964333093384,0.09062350893741192,0.0343623561340074,0.0012190514014954064,0.0002647713451211743,0.04737476453277511
"OH-SD016, USA",0.7650975521370736,0.04569307245663197,0.06156863504463359,0.07722566314153013,0.0015103776220681108,0.00024066456615370996,0.048664035031908796
"OH-SD013, USA",0.776459017301805,0.09808142514787571,0.06493233041045035,0.010525149260967738,0.0015958109961351453,0.0001579187964925404,0.04824834808627353
"OH-SD025, USA",0.5587121106920475,0.06601085368630959,0.2589165199326783,0.06383067360621227,0.0013025534491282057,0.0003666035293921602,0.05086068510423205
"OH-SD022, USA",0.885978441196822,0.02242304496558317,0.03860187354280776,0.009162074513759786,0.0012949732251780588,0.00033069058754547,0.04220890196830372
"OH-SD020, USA",0.8472985818875183,0.02267812571225269,0.056966317743917014,0.022522472441032428,0.0020401696620656303,0.00021124372522750393,0.04828308882798646
"OH-SD006, USA",0.674015616285555,0.045092024539877304,0.1961935303959844,0.028402119353039598,0.0018293363078639153,0.0004684885666480758,0.05399888455103179
"OH-SD009, USA",0.49167833907867625,0.051210436114862125,0.3795588806785935,0.024969176444932774,0.0016383313623032814,0.0004445301819218801,0.05050030613871019
"OH-SD019, USA",0.8581273764258555,0.025394207112502797,0.02453310221426974,0.052239431894430775,0.0012581078058599867,0.000248825766047864,0.03819894878103333
"OH-SD033, USA",0.8055720412528135,0.045194450354411386,0.10070770298870138,0.006575926900552053,0.001584493242108328,0.0002183577259442572,0.040147027535469136
"OH-SD015, USA",0.4644577298753789,0.09434714269675536,0.3485881890647805,0.03065285730324464,0.0021892893230043785,0.0003789154597507578,0.05938587627708544
"OH-SD029, USA",0.8217147695998871,0.02909039587890763,0.08080445981229271,0.008832121939171548,0.0019645755415990404,0.0002681532707642368,0.05732552395737774
"OH-SD014, USA",0.9116807345051192,0.018973207975983855,0.01602489809532963,0.008271097517540042,0.002094628592104296,0.00019787314635263256,0.042757560167570284
"OH-SD017, USA",0.9210239496014107,0.01129574362456703,0.020856753194136143,0.0037291075820432198,0.002353874334495529,0.00016548449866756447,0.040575087164679904
"OH-SD001, USA",0.8883800130853778,0.060709867460551015,0.009919744920844893,0.006948392755614856,0.0014285346948221332,0.00023427968995082984,0.03237916739283847
"OH-SD008, USA",0.7251622007675496,0.04051720676223748,0.15204421727732173,0.03299946650145422,0.001350955994974788,0.0011874645051370748,0.0467384881913252
"OH-SD003, USA",0.6733921091841334,0.05583227351153651,0.17571031984129945,0.035719104639579245,0.001593321256628073,0.00030143915665936514,0.057451432410163955
"OH-SD010, USA",0.8198158879720219,0.032643033657528506,0.06988164226772837,0.019130887177189762,0.0021388210471552237,0.000531814963076434,0.0558579129152998
"OH-SD011, USA",0.7341793746349531,0.06620865934548903,0.12865263730099524,0.01792705423801345,0.0016625897075576992,0.0002544485117653522,0.0511152362612261
"OH-SD031, USA",0.9098726741895868,0.024112542577102207,0.017395787473642746,0.005254072340524133,0.0014250295432954097,0.00022012651481799012,0.041719767361030655
"OH-SD012, USA",0.8803173256800251,0.023061594413394837,0.04436285047000453,0.006472003067520305,0.0018968662491430695,0.002068252326783868,0.041821107793128295
"OH-SD002, USA",0.7240153260266492,0.0706955099622078,0.14259363081007753,0.012363072293181428,0.0018562037583042606,0.00016557686106939413,0.04831068028851042
"OH-SD030, USA",0.9044467817804657,0.014374616530809011,0.03112747246326,0.0066380343004061124,0.0019633622578665967,0.00018114354164840623,0.04126858912554417
"OH-SD026, USA",0.875451268831584,0.04194637269306681,0.026209517776546044,0.015449450559118783,0.0014399544845344195,0.0002375484994853116,0.039265887155664654
"NY-SD060, USA",0.9094350344625312,0.026800117319255023,0.014512147431197145,0.012083272229554676,0.007421053917974287,0.00011915236838246077,0.029629222271105246
"NY-SD057, USA",0.8620201760349865,0.0548715875611743,0.022227938969637945,0.006517092053925261,0.01118134543650429,0.00024806600393230556,0.0429337939398394
"NY-SD058, USA",0.8829689075810571,0.027027689817638964,0.027607051661297097,0.012601886451209457,0.0022132235509056742,0.00017166276849129883,0.047409578169400494
"NY-SD044, USA",0.7676761786676651,0.05650116316897561,0.05609297986091077,0.044630087713375524,0.0035079212114144014,0.00048490949379131703,0.07110675988386725
"NY-SD007, USA",0.6093777369402813,0.11696664812589695,0.020334409927199308,0.2207068642846387,0.0009434281166163197,0.00019360251253038483,0.03147731009283702
"NY-SD045, USA",0.8716599725268815,0.03018355362021333,0.026815484513335524,0.009818413135469517,0.01727979250727546,0.0001505797319680771,0.04409220396485654
"NY-SD005, USA",0.681597605313058,0.12989762959183987,0.019487564039128793,0.13837676366910787,0.000802121781140611,0.0001198572776417005,0.029718458328083175
"NY-SD048, USA",0.6861313195577808,0.06466088228695072,0.14842988821578626,0.03817014436361066,0.006804791015462919,0.0003995586413776782,0.05540341591903098
"NY-SD009, USA",0.5427899541975346,0.1797608435031201,0.13901816728658817,0.09564722879714734,0.0016292152101072823,0.0003012511143217239,0.040853339891180715
"NY-SD008, USA",0.7898987104409708,0.12357941009206744,0.029738245646393383,0.027801601573907563,0.0007654355143634435,0.00013218364304268303,0.0280844130892547
"NY-SD001, USA",0.7078090752871955,0.17315962754495068,0.04229621181613336,0.040482506970467354,0.003421446598688599,0.0002028890166338253,0.032628242765930626
"NY-SD003, USA",0.6526704167794983,0.198487235666281,0.06912680633170035,0.03870842667585731,0.0027787351369981043,0.00020001969424681814,0.03802835971541813
"NY-SD006, USA",0.32585805593527173,0.3325821110577456,0.26455031341978547,0.038509377963325576,0.0017456681567960986,0.00023706604598465537,0.03651740742109087
"NY-SD004, USA",0.3243079310440381,0.43147970823955395,0.16672157444725313,0.04230464889296678,0.0020967587988435497,0.0001508681074057767,0.03293851046993876
"NY-SD038, USA",0.6071415324126164,0.19548646743901382,0.101583847475859,0.06153636914402997,0.0011591389606696422,0.00012364148913809517,0.03296900307867308
"NY-SD051, USA",0.8145450942508237,0.0846554457407545,0.03738141239999009,0.012818607416214609,0.002096182903569394,0.00016100666319883084,0.04834225062544896
"NY-SD053, USA",0.8140844633862844,0.05346144905075552,0.0501108097636575,0.03492289810151104,0.003077876791941108,0.00026036419992251064,0.044082138705927934
"NY-SD026, USA",0.4978214623996522,0.2396205027872238,0.062458657474262824,0.15172435210633375,0.0009751401375755035,0.0002577599726712318,0.04714212512228071
"NY-SD041, USA",0.7866026864242959,0.09071499163988737,0.046104933398805344,0.02179534195657714,0.001473120217798027,0.0002051180050098519,0.05310380835762635
"NY-SD039, USA",0.5949713631513288,0.19819312528971283,0.12686077296158835,0.0329704858464592,0.0013781775080186286,0.0002488808140891429,0.045377194428802975
"NY-SD049, USA",0.8665244737825383,0.04203200896749284,0.029125669448250093,0.010007472910698718,0.00290198032133516,0.0010991406152696475,0.048309253954415245
"NY-SD040, USA",0.650223279625812,0.2174780924383879,0.054256637664189936,0.04153561574728608,0.0009217680507719807,0.00010276468133606541,0.03548184179221604
"NY-SD055, USA",0.6984485357316359,0.1023306219559287,0.12154486229275402,0.03406868545946013,0.0013702213530313034,0.000202419063515988,0.04203465414367394
"NY-SD056, USA",0.5650952689727411,0.10915716886550116,0.21475422101404096,0.06091789909469537,0.0021416814225503154,0.0002587475372222361,0.04767501309324887
"NY-SD002, USA",0.7479238381764105,0.1291480324446123,0.03223551368035378,0.05986773733471068,0.0006397792917487196,0.00010298886159857438,0.030082110210565408
"NY-SD027, USA",0.4982769017349709,0.16190562483011156,0.05510165186228961,0.23565673008126525,0.0008092156856618853,0.0005623892796105767,0.04768748652609017
"NY-SD012, USA",0.3342049456701927,0.32052396829666513,0.02540082698912153,0.28478890508391874,0.0008695271398812689,0.0003503130923262666,0.0338615137278943
"NY-SD028, USA",0.7060465087176471,0.08198624072782107,0.03211122547624038,0.1355810774029452,0.0009072735179374232,0.0006820194031391663,0.04268565475426966
"NY-SD022, USA",0.67696760164573,0.09079673982760508,0.021310013610124683,0.1573987453655179,0.0005162461085994087,0.00014079439325438418,0.052869859049168536
"NY-SD037, USA",0.5951194938641668,0.2259307004424308,0.05855793841012772,0.07907120820530791,0.0004974999843553464,0.00015018867452236872,0.04067297041908898
"NY-SD024, USA",0.7064551761256427,0.12776110622612047,0.023741054469557817,0.11562303448664311,0.0007822938733873012,0.0002002672315871491,0.025437067587061483
"NY-SD016, USA",0.18802825054995947,0.15225819776010815,0.03772268273831317,0.5983246184705024,0.000738494659995181,0.00013455623042285078,0.02279319959069872
"NY-SD017, USA",0.29334376466906587,0.1796276013143483,0.01276169613519011,0.4858175559380379,0.0006853387576279143,0.0001439524331090596,0.027620090752620875
"NY-SD011, USA",0.28341146501599146,0.18964092806669464,0.08818448674056317,0.3738209835203695,0.00345177220181132,0.0005413931014627003,0.060948971353107215
"NY-SD047, USA",0.6202351777604592,0.1396074528251691,0.05818098734597171,0.13044321962548083,0.000979646513491266,0.0003693236057251419,0.05018419232370275
"NY-SD059, USA",0.5434725448091503,0.17340499458471323,0.05578997451998022,0.1724596670694221,0.0010955782461983434,0.0007543838780965736,0.05302285689243926
"NY-SD015, USA",0.2771273665230892,0.3131761494540719,0.05644908845036562,0.2428127817289392,0.008943328658719824,0.0006323249524191125,0.10085896023239507
"NY-SD013, USA",0.08080131255949101,0.6202688993537397,0.0500319372776915,0.22282826511697812,0.0016281749411352136,0.0001816041280496969,0.024259806622914687
"NY-SD035, USA",0.41488028866031046,0.3410144455441823,0.13133480336269215,0.07498402595938208,0.0013123770625305387,0.0001127579337735069,0.03636130147712893
"NY-SD034, USA",0.19440815341861464,0.47283499227706083,0.18577350013628716,0.10652956491498501,0.002537760942919177,0.0003477672403259613,0.03756826106980722
"NY-SD021, USA",0.23739147598920948,0.12012444817635798,0.4874470891596615,0.08736124122330176,0.0016166983635628772,0.0001879881818096369,0.06587105890609676
"NY-SD014, USA",0.16578974582352737,0.17281869204566463,0.434901554014459,0.15455534002488178,0.003907755657157899,0.000579739211366649,0.06744717322294264
"NY-SD018, USA",0.35400565386085986,0.42425581526542433,0.10723531218463428,0.06509148348032118,0.0017801513128615932,0.0004638422434921053,0.04716774165240665
"NY-SD033, USA",0.16617348346164457,0.5708961306015999,0.1702829952102716,0.05945469819695564,0.0018525716578478822,0.00025704039922762496,0.031083080472452795
"NY-SD031, USA",0.15089364930574062,0.6688465794910541,0.12026409758819712,0.03003389001576936,0.0011944584651365476,0.00026648023500421664,0.028500844899098043
"NY-SD036, USA",0.08379157914537418,0.271034893563658,0.5672414333636392,0.02951061228328683,0.002420290309433489,0.00034172492710913253,0.04565946640749914
"NY-SD023, USA",0.41709491216133593,0.2395175222692883,0.17551115110507717,0.12846110673894845,0.0016053327146113496,0.00033862486948833153,0.03747135014125046
"NY-SD052, USA",0.7665932880518291,0.057307443852816296,0.05128663443024955,0.06490871574880681,0.002204494283366887,0.0003167196623329382,0.05738270397059838
"NY-SD020, USA",0.32211820419940096,0.11729155885904251,0.4427686565993947,0.04616518480186919,0.0013956186981543336,0.0002634426306628405,0.06999733421147544
"NY-SD010, USA",0.16558565792032318,0.18009772988163267,0.4709789924663936,0.07426028265137781,0.009754169829192255,0.0008468250334025429,0.09847634221767794
"NY-SD019, USA",0.05129428306008185,0.19292789173717642,0.6431651560420799,0.04726769439353235,0.00269903838911346,0.0002542117552537096,0.06239172462276231
"NY-SD032, USA",0.017906409584401806,0.637392851874288,0.307613598199629,0.010643406643419197,0.0018392911510007816,0.00028248498906155347,0.024321957558199755
"NY-SD029, USA",0.1284820100073454,0.5457644569728094,0.24782619614145893,0.04718645429832437,0.0015601162710395962,0.00030762856048668094,0.028873137748535622
"NY-SD062, USA",0.832065936067896,0.03994107466493283,0.06227993303368104,0.00997584563823739,0.008088099029742217,0.00020730661590795586,0.047441804949602505
"NY-SD025, USA",0.23676440099765664,0.1943074516406677,0.45555778932356616,0.05171731386604512,0.0022114303305208797,0.00038008958805827624,0.0590615242534852
"NY-SD050, USA",0.8523371416361877,0.03577039578698641,0.031729572791372875,0.027729597928685443,0.0040785289644684085,0.00014768171134823976,0.04820708118095094
"NY-SD030, USA",0.2117583836936334,0.3189024754326586,0.35114563790237174,0.06746551772902544,0.001929561574698231,0.0004022538787644521,0.04839616978884814
"NY-SD054, USA",0.8643561614521378,0.048485363443540215,0.02806152955319323,0.011738197289829623,0.0018315364135873568,0.0002077000056645456,0.04531951184204729
"NY-SD042, USA",0.6079452115265161,0.19950685328885343,0.0884069532425027,0.03184958394687637,0.0019139389620586038,0.00027747385281903976,0.07009998518037378
"NY-SD043, USA",0.7743328759613526,0.05188372822597767,0.06552249731439201,0.05173796071248626,0.0017365347259412304,0.00018696268034768722,0.05459944037950255
"NY-SD046, USA",0.7056876249722284,0.08116291617735741,0.10920430380550354,0.04944932872060177,0.0015774272383914686,0.0005744755133779795,0.05234392357253943
"NY-SD061, USA",0.724711838502197,0.06658918677959626,0.08861682481054575,0.07537731643634975,0.0037222186843278355,0.00016557345730115264,0.04081704132968223
"NY-SD063, USA",0.4889153114452286,0.09580200981896288,0.31097537588217244,0.05900966554157717,0.0034168200879615422,0.0003451979134703897,0.041535619310626985
"MI-SD019, USA",0.7428571428571429,0.05685913261358193,0.109900880651461,0.026102656693319577,0.0031541324293452226,0.00022476878293231143,0.060901285972217105
"MI-SD030, USA",0.7964979296562456,0.07432220669515617,0.055418106197757465,0.02320702331395113,0.00305297351508604,0.00027285028999561226,0.04722891033180808
"MI-SD016, USA",0.865129674495444,0.05473137669214799,0.0238993432382301,0.005457649744264858,0.0030053949605242294,0.00013644124360662145,0.04764011962578223
"PA-SD020, USA",0.865448584708875,0.055138575589873846,0.0328210202205543,0.008819956952407674,0.0013401608931452433,0.00016244374462366583,0.036269257890520296
"MI-SD014, USA",0.7877377482758748,0.04166343450909991,0.06083844014228881,0.05129341711085746,0.0024342763845639544,0.0002290214504445602,0.0558036621268705
"MI-SD015, USA",0.6562597045383967,0.059887168566907706,0.14063262499445456,0.07820933705987608,0.002155331765819322,0.0005582420182482291,0.06229759105629741
"MI-SD036, USA",0.9264915744252937,0.020307890242008828,0.0035417729568258615,0.0036415932802437096,0.0054975118860125845,0.00015157900963450974,0.04036807819998078
"MI-SD035, USA",0.7361465568895498,0.07705850587721828,0.12137250985700865,0.015345864494795943,0.002844292551578231,0.0005806943180725387,0.04665157601177663
"MI-SD017, USA",0.8316866841503697,0.05975653511967952,0.04325182080807259,0.009583979108331146,0.004893710675539215,0.00044017503430776004,0.05038709510370006
"MI-SD004, USA",0.7211650197994153,0.058554457644054626,0.14006143369971505,0.0216794345138966,0.003153103142000666,0.00018504126420191704,0.05520150993671589
"PA-SD010, USA",0.7938318672026821,0.06574223791369362,0.049965880939312576,0.04864933022800433,0.0007491358977021554,0.00015205233567221966,0.04090949548293305
"PA-SD006, USA",0.7910315398886828,0.06328385899814472,0.037064935064935065,0.07316141001855288,0.0007977736549165121,0.0002077922077922078,0.03445269016697588
"MI-SD010, USA",0.46152133167554327,0.021519104793363893,0.4332956000519606,0.04028429862490025,0.0020079054317367825,0.00014845881195835731,0.04122330061053686
"PA-SD036, USA",0.8406684967378609,0.0753528094568557,0.023593783709390647,0.027361796147923317,0.0008555210867349595,0.00018226318804353487,0.03198532967319095
"MI-SD034, USA",0.8821471634636855,0.03658990428271581,0.02162570522649121,0.0069815561873855635,0.011056611637911785,0.00025306280423359186,0.04134599639757655
"PA-SD048, USA",0.8359054531918854,0.10355108877721943,0.017561883491531732,0.014427694025683975,0.0008747440908244928,0.0002568397543271915,0.027422296668527822
"MI-SD018, USA",0.8336507747184959,0.044876645135319485,0.049148126474611524,0.017003924842801287,0.0045659377317912265,0.00016772832484131036,0.05058686277213921
"MI-SD023, USA",0.8378279597963713,0.049504913569657076,0.03597814533723684,0.026598541779327578,0.002215301993398848,0.00018274376713222818,0.0476923937568762
"MI-SD013, USA",0.71069616732803,0.03231658833586555,0.08248438672395579,0.1335481053154199,0.0010937692482856194,0.0002613100593173835,0.03959967298912577
"PA-SD025, USA",0.8982646866535912,0.022971887550200805,0.020491267395162042,0.021335574857569813,0.0011394414868777436,0.00020547305501074064,0.03559166900158775
"MI-SD003, USA",0.4008299065420561,0.024026168224299066,0.42378691588785045,0.1014392523364486,0.0024373831775700936,0.0002205607476635514,0.04725981308411215
"PA-SD004, USA",0.38195693384533125,0.045518958754753244,0.49630396823319584,0.031172298269950532,0.001798473727701356,0.00020190765342177386,0.043047459515645974
"MI-SD033, USA",0.8759434209246834,0.051227101706198715,0.02509181757661438,0.004345907292297796,0.003481961866720523,0.000246841550164935,0.03966294908332024
"PA-SD005, USA",0.5927075484782715,0.11960160288489292,0.12934786275766674,0.10946549261720814,0.0013082479598454093,0.00019492519745547646,0.04737432010465984
"PA-SD014, USA",0.57133695855991,0.30552034502156383,0.06645415338458653,0.023498968685542847,0.0007762985186574161,0.00019501218826176636,0.03221826364147759
"MI-SD038, USA",0.881421220031806,0.017395805202988567,0.016465628469409188,0.006878806973324931,0.029878176853602185,0.0002587991718426501,0.047701563297026434
"MI-SD001, USA",0.3927902850047082,0.1957667590796715,0.3527500684656565,0.008576026891058948,0.0029487126580806356,0.00029262034011487225,0.04687552756070934
"PA-SD029, USA",0.8032596697528779,0.14079805966674927,0.022635969753628738,0.005545418365584615,0.0010437551155264206,0.00014642607735802302,0.0265707012682751
"PA-SD034, USA",0.8522579118026098,0.03653537626853727,0.026435922195128365,0.04456459254639249,0.0010858416023865971,0.0003193651771725286,0.03880099040777297
"PA-SD016, USA",0.8196115896277891,0.07766319390687365,0.027089792049784196,0.03951318427780064,0.0009402506579866552,0.0003322974212964886,0.03484969205846924
"PA-SD050, USA",0.8901528885665941,0.01616887237128354,0.04224075416968818,0.004985496736765772,0.001080190959632584,0.00015107565868987188,0.0452207215373459
"PA-SD044, USA",0.7868516033938661,0.051433322625144086,0.03981178782667851,0.07926453636690035,0.001164043160301593,0.0002494378200646271,0.041225268807044725
"MI-SD031, USA",0.8046323698941313,0.10973152967233996,0.015776364179262436,0.028827582557555003,0.0022186693275579898,0.00034395044089910914,0.03846953392825421
"MI-SD025, USA",0.8917323951654088,0.036414534036959274,0.022353363975108287,0.004494126993133973,0.00313227032854792,0.00027237133291721044,0.04160093816792449
"PA-SD024, USA",0.8152501655159369,0.04503168447933415,0.05922633122103471,0.03920930672467606,0.0008550080393455026,0.0001967275134777263,0.040230776506195026
"MI-SD029, USA",0.5528205322617332,0.18545757828493442,0.16497080900750624,0.04606869360830995,0.002646144514368034,0.0002464174691030404,0.04778982485404504
"PA-SD023, USA",0.8915368893641387,0.02272098164347928,0.033834999867283985,0.009111902351348584,0.0017897702496198634,0.000208553736714179,0.04079690278741549
"PA-SD012, USA",0.7445683106554454,0.05279154303233591,0.055326204912994316,0.10924089153316689,0.0008613297109423023,0.00020489781669993094,0.037006822338415304
"PA-SD018, USA",0.6882613531539807,0.16904744731977117,0.06567234435084976,0.03456339279274492,0.0009338379601334705,0.0002733184273561377,0.041248305995163784
"MI-SD021, USA",0.7017667764019729,0.08721488754978907,0.11959249850965026,0.028375499789262647,0.0033755947159981926,0.00022782416530921435,0.05944691886801766
"PA-SD011, USA",0.5501182069038913,0.3443507742362162,0.05661768618537579,0.016834031425552457,0.0011022508722985352,0.00014063200784498553,0.030836418368820742
"MI-SD002, USA",0.6078577711437482,0.08733183813813929,0.24444156744180734,0.015829014656212993,0.001831550649419882,0.00011804172584618782,0.04259021624482616
"PA-SD007, USA",0.3450360567307802,0.04460139503167583,0.5163636225109808,0.0526127320449671,0.0015809343131316595,0.0003695195864428216,0.03943573978202154
