longname,"Agriculture, forestry, fishing and hunting %","Mining, quarrying, and oil and gas extraction %",Accommodation and food services %,"Arts, entertainment, and recreation %",Construction %,Educational services %,Health care and social assistance %,Finance and insurance %,Real estate and rental and leasing %,Information %,Manufacturing %,"Other services, except public administration %",Administrative and support and waste management services %,Management of companies and enterprises %,"Professional, scientific, and technical services %",Public administration %,Retail trade %,Transportation and warehousing %,Utilities %,Wholesale trade %
"CA-SD003, USA",0.022723201650032,0.0009250053354677739,0.07603266868267466,0.022998953042314526,0.08004360320576968,0.10258543025367033,0.13699734249696682,0.03400900782088157,0.019703862561778328,0.01653653765412783,0.08218431797920471,0.04561680485770782,0.04039358106125419,0.001076149998125907,0.0648305636399239,0.06348579094973221,0.10891184068728862,0.047714290760672705,0.01082802046924794,0.022403026893158318
"CA-SD023, USA",0.005036315253721091,0.0013015986373219376,0.06265435606295505,0.022199775353337618,0.08305125445910824,0.09169811625198827,0.13260485620880394,0.02941810250327024,0.019817483479308274,0.02551801830554915,0.09390078401695497,0.04945118575034039,0.04955508772180212,0.0004961895357746619,0.05092499962552657,0.05864340456512082,0.11664942040570454,0.07106677896024097,0.009841545153353502,0.026170727749817504
"CA-SD004, USA",0.040364663735386476,0.0010654675247052925,0.07812262385103394,0.031128086415594728,0.0874850783378869,0.08332383298956757,0.12694318271647828,0.025865301652605997,0.020828623728199065,0.012029376737027187,0.09319106697545132,0.05115296368842292,0.04475394233332838,0.000514674990747471,0.056126579042413534,0.054521936930392485,0.10375093932130967,0.05056788379670944,0.01248408893919938,0.02577968629353974
"CA-SD010, USA",0.0022728046733779404,0.00033896016145243136,0.05280062672138776,0.01392997231483243,0.0407446645737965,0.06381031696053764,0.11114932207867992,0.031489590203989004,0.014068128973594406,0.054589626673680995,0.17131831706946293,0.032767083355653426,0.03775296856724172,0.002030542789834359,0.20143977203928357,0.023699645217930974,0.08172463283821005,0.038702362694338015,0.0041007247473332994,0.021269937345382562
"CA-SD039, USA",0.002926943442727157,0.0002824402242557483,0.08842560026853716,0.030861275276578486,0.05593905015341269,0.09266130639665301,0.13475765101363382,0.036807678732785634,0.025577953923483117,0.019394595413761942,0.07409266370845177,0.0527467033419877,0.04770678390190791,0.0013559231022953085,0.10921650424180553,0.05706242081610567,0.10345598009736764,0.03960254268898448,0.007505729326506171,0.01962025392875912
"CA-SD024, USA",0.002576094900882792,0.00046293490186900073,0.05083023066772478,0.05209568581690806,0.03142603364321048,0.09246529260540605,0.11276068031741741,0.05209552795863218,0.038329238098731296,0.08678495221540035,0.07251548850768862,0.04125788588696962,0.029677814246108176,0.0023277412202848545,0.16534931608978304,0.024757315058107965,0.07805806639153237,0.03598205042371216,0.003163470321253319,0.027084180728377573
"CA-SD025, USA",0.002365907042952972,0.0006339532320404248,0.06716873289795135,0.03179826255281808,0.04655580428139237,0.10735030928619232,0.15412554955873717,0.048414598251421456,0.024848547159494385,0.03662831412594615,0.06821923017112744,0.05205842244168938,0.033851426541070775,0.0015937024428558913,0.10121386570130007,0.04791916718343889,0.08985921348287582,0.043213830383922465,0.010161450464650638,0.03201971279812201
"CA-SD033, USA",0.004312040168443353,0.0009965607042810574,0.07948342752847058,0.023280821735872294,0.06839884322024428,0.07614146341739604,0.1251247828081117,0.026283230179386993,0.018461785495975866,0.018813368102928562,0.11764766629759527,0.052051560990634814,0.05432937556327993,0.0010086892321222057,0.054959633024212314,0.03671754948754224,0.10982604197441957,0.08626979466411337,0.006114799453245833,0.03977856595172362
"CA-SD015, USA",0.007108052004055241,0.0003853982833537602,0.07043188299863026,0.01818004772378417,0.06995252803741864,0.08204915752354781,0.12312174993157794,0.028498136988502294,0.018353283240327107,0.034961334480085766,0.1497850810323972,0.04338940424860462,0.0510206191539231,0.0026170699531020817,0.1280377012674372,0.029091126798628093,0.090963308596875,0.02944905086893303,0.0040361208087813134,0.018568946060035195
"CA-SD021, USA",0.07537514555823858,0.002235793782241414,0.08119715003199293,0.02157906518837278,0.0686744404871015,0.09592218233800458,0.11859369208276031,0.02962049395307925,0.018454264509488772,0.017321337946089744,0.08398923600896623,0.05152294977914197,0.049299566561658854,0.0011522700560307973,0.06800466071261246,0.054561387698654554,0.09824229575994799,0.0328114520565482,0.006015881795154148,0.025426733693914846
"CA-SD005, USA",0.03535429886446975,0.0007968900659452944,0.06166225298933115,0.017638946664459552,0.07619617240893503,0.07856709708046193,0.11842188577896443,0.03415149071144887,0.01858386140754664,0.02005248649762016,0.09830335655036979,0.041875575942464514,0.045045630450337874,0.0013730349612686246,0.09377375012043729,0.04728220016723,0.11105815306269727,0.06455385510691596,0.00808254964366754,0.027226511525428144
"CA-SD011, USA",0.001584145437597652,8.585697908340098e-05,0.07413736152789738,0.024669507773694466,0.03403103929116216,0.07211760091925297,0.12322841958525736,0.05905865243500499,0.023824899288739074,0.056381570872680156,0.05141118914398155,0.04169136667913693,0.03628217717680882,0.0019580390286212074,0.20563655115107984,0.034331141442782466,0.0894869897246913,0.04700151088456662,0.005687751599553,0.017394229058408445
"CA-SD037, USA",0.004472388580200839,0.0006668500459341758,0.06622490556018058,0.02555161075958349,0.04857037106351533,0.09871558072392382,0.11627138392083367,0.06918060288699035,0.03412445654125995,0.024117471873223363,0.1103252427202703,0.044179184031329616,0.03740606226364105,0.0019257040894896627,0.1312122716616536,0.02897606681371244,0.09164284896040226,0.02807875343095769,0.004729205092585543,0.0336290389803123
"CA-SD013, USA",0.004096208734923056,0.0006354166390239568,0.04869098384897197,0.01998124059543025,0.045644489555349055,0.09830111959757129,0.10328889729285433,0.04460404705695048,0.02334655356002471,0.06553785839178966,0.10909492257911586,0.039712197489511845,0.034768278266932004,0.00206412406179727,0.20278965424603976,0.024427778964331202,0.07638031298375877,0.03552928385015356,0.003818794925000346,0.017287837360470657
"CA-SD022, USA",0.006430631402053384,0.0009148335606126414,0.07758782574548674,0.018568919734740473,0.07466884623037802,0.08270125053196804,0.1281228488101572,0.03543865078475814,0.015884135882625917,0.013880404434742373,0.11118559313565841,0.05139184232673359,0.055288328915686386,0.00048001083176771195,0.04514478677842272,0.040719341627787425,0.11753199597767212,0.07297414035019371,0.010037750843799003,0.041047862094756006
"CA-SD014, USA",0.13548661675830947,0.0007450567375944881,0.06720691732632306,0.01108799380469755,0.07144594892072953,0.08909683880170453,0.12688815435086231,0.02177332627616009,0.01203882094689954,0.009441486126577466,0.0848499487270933,0.04057227571261361,0.0481274957147068,0.00041798906752883936,0.02957677408870008,0.05114203886734645,0.10498571539281931,0.055849001719776914,0.006358272954077716,0.03290932770547899
"CA-SD017, USA",0.08875689725142344,0.001041961017780751,0.08605571833647853,0.0262318277808279,0.07346684266070631,0.10306243939814902,0.11270524422121901,0.021254039034215987,0.020221155900663514,0.016649405185727585,0.07217828565020264,0.04427049723634441,0.04250345909956996,0.0006905123667781969,0.07101588962951634,0.05017211981612002,0.10264802992988183,0.03116479338420554,0.011290461993165636,0.02462042010702337
"CA-SD002, USA",0.030723285034708156,0.0009503436539873222,0.06550931527141386,0.029886341545713634,0.07985481222187339,0.0810837592591852,0.1377287139257888,0.03581305499347371,0.02389631886802561,0.022558357386497266,0.07542983985680098,0.05773107539414293,0.04176598748933085,0.0009207115578719027,0.09265400325286807,0.05153209242245131,0.11349515620601472,0.027090022354428034,0.0095647401702946,0.02181206913512971
"CA-SD027, USA",0.0037377923493353083,0.0004958170540642052,0.061983592010023146,0.04367773698533693,0.05027586535181839,0.08635352446704529,0.1265794295429005,0.06309846859169166,0.027752840903567652,0.07736488646615065,0.0730682061253001,0.04847314763611875,0.03651755292523481,0.0017982481859206585,0.1158961706537011,0.028660201805073556,0.09232697650889576,0.03198055414597882,0.0045796276406916,0.02537936065115089
"CA-SD009, USA",0.0034678789563805257,0.0009467098701246245,0.06212359033433697,0.019520636968100837,0.06947516584858277,0.0813714763572749,0.14186550274402465,0.05665032135643484,0.02336435650769489,0.025494183170671557,0.07506697480321557,0.04757938814074713,0.04778875134202218,0.002028042723889107,0.12710001726176728,0.04106609791386276,0.09871237632438841,0.04355924367193128,0.010318285700039585,0.02250100000451023
"CA-SD030, USA",0.0040384093568888784,0.0002309657789741669,0.07088046935527383,0.023248915578120626,0.05756750973856675,0.0873821325678612,0.13840475806894367,0.03955899581535327,0.02014832158333024,0.016344180397140775,0.11075759691673673,0.046109331189625284,0.043557656120166495,0.0008517280393701403,0.057147085357220816,0.04382013496117393,0.10815930085207315,0.0716502465879962,0.009457698673141259,0.050684563062042665
"CA-SD036, USA",0.003611063500605666,0.0012809146217917335,0.06911038310910071,0.02938898423904467,0.05575598003290474,0.08334342875750923,0.12599027274215555,0.05635414658772837,0.02929948006264736,0.018047742217726346,0.12006860834011647,0.05517395326707497,0.03605560035134631,0.0019055417379364463,0.09689735221722734,0.03550461640393003,0.10425242820929369,0.03690267979875329,0.006571143826699064,0.03448567997640806
"CA-SD028, USA",0.0030518214873742388,0.00012251879949908907,0.079070262827825,0.035173480801602194,0.05545684492176237,0.09324858923207897,0.11463324421509603,0.031087592765249646,0.024641701520671196,0.052990390290751456,0.07108886632881442,0.061923303051404234,0.05787967878549496,0.001304945526705104,0.11101834880011342,0.030360678103747388,0.09352588007350765,0.0524992450204547,0.00380054253008912,0.02712206491775858
"CA-SD038, USA",0.006793857296778602,0.0004388058688291099,0.07303694174042816,0.027782149974302187,0.05662001659079316,0.08425406754358994,0.11179787911186043,0.050886118856731326,0.03340563950391235,0.024037409018414554,0.11078511409549346,0.047051659409007546,0.0442256864510078,0.0020553215246395715,0.1351798636999891,0.03432581051943896,0.09692356297685069,0.02847705450676718,0.005283117106023006,0.026639924205142912
"CA-SD018, USA",0.028236647242635617,0.00046765012336851447,0.09109697145928762,0.02584751202500856,0.077546378955531,0.07285517621673526,0.13643315492126806,0.02639172214695615,0.021510901266512283,0.012449643855525664,0.06917902424316888,0.05306052689347787,0.05806635960547517,0.0007094475127598763,0.05091773569477523,0.07042594461542412,0.12127751840263289,0.04998569138757286,0.010266966518192163,0.02327502691369224
"CA-SD006, USA",0.006609606300749602,0.0004966043015018155,0.06553639590411364,0.021454051108315865,0.07424041256234404,0.08029791948057657,0.1419048129871711,0.05805250452108365,0.021933191531172833,0.017018522691940575,0.060261387296608085,0.044090738933998785,0.04523502126736896,0.001989131437660125,0.08331354809048841,0.08824214954264936,0.11272526564151064,0.04076019541144256,0.012606641555908907,0.023231899433394338
"TX-SD030, USA",0.008594243073347376,0.01334029622294306,0.0691782427563267,0.02121822727077355,0.06499353075065717,0.0991185553167991,0.11601872705693464,0.07535960687892888,0.01947345287708853,0.022479892726119863,0.0878212064479963,0.04659122293635774,0.03477225318584563,0.0024339111795039937,0.08939137728781815,0.0322029017480558,0.11407027343217901,0.04674407096639091,0.007225069297310478,0.02897293858862286
"TX-SD009, USA",0.0015571118169100825,0.007446816140021574,0.0730220389076446,0.015690246905314488,0.07795739520294222,0.08288773775993019,0.10470801863479391,0.06226541296073994,0.01965486585826963,0.01639336360280677,0.09966407426847615,0.04928644812945156,0.04554983420964373,0.0020042202143693696,0.0673343575565848,0.030936945378485518,0.11775984348024213,0.0881473519489171,0.006294665041287568,0.03143925198316861
"CA-SD016, USA",0.18755607796925292,0.010529035437428962,0.0732443770188251,0.012975852215202926,0.05786155351029386,0.07975842906503003,0.11063202081454873,0.015183756851330436,0.009814297728108658,0.01052655639109207,0.06895511550514216,0.03953315321784988,0.04265677788835844,0.0007461488397493474,0.024177131180375854,0.05309959262168906,0.1107654828878425,0.05539291464970206,0.005815549330223836,0.030776176877953032
"TX-SD016, USA",0.0017574833740611727,0.0034376430418614446,0.08243111353662881,0.01324323373679527,0.12990484187604615,0.06096243215541173,0.10001694802269702,0.05732165138555866,0.029168210309783206,0.018361659256002104,0.0819316068904823,0.04852389583411177,0.06601127271070041,0.002254865660362454,0.08037936221951464,0.01788958959064831,0.10388245266136657,0.06792481034307439,0.0049894748746006365,0.029607452520292964
"TX-SD023, USA",0.0016961125907394693,0.00445222985757977,0.06830083946452248,0.015802685249300275,0.09188877668285556,0.08195210055332904,0.11825948029246218,0.059159309531832446,0.021137684335003865,0.01893439554827641,0.08404952856259383,0.046974181903962714,0.05165799760299742,0.001566231236765085,0.06957869690746289,0.036833153884161654,0.11089501667544827,0.08010580047298704,0.00641803437991326,0.030337744267806485
"TX-SD008, USA",0.0033747822353758,0.004974437870441038,0.062264376281514155,0.018178822769109208,0.06447577448747215,0.08573295787126901,0.1049713098425116,0.08953747375410268,0.024750890281770153,0.03402210770709393,0.0881974473130435,0.04694397427012184,0.04153504967976798,0.0030643855976776554,0.1242762750353502,0.027174479689060158,0.10916800902384528,0.033795379967535434,0.00632667509187428,0.027235391231064082
"TX-SD003, USA",0.017079204374196817,0.021125215154160465,0.07094408659831374,0.01036155274340827,0.10735273586366766,0.09289361398611683,0.13141577696762818,0.024524286635749726,0.015043356644386241,0.008119793684762833,0.11915696870190048,0.05060019560432679,0.039319612222929866,0.0009908530721341726,0.037164735456281184,0.054309552382740066,0.11732218713422156,0.04873669991596578,0.011432807032743205,0.022106765824366298
"TX-SD024, USA",0.009036347145359468,0.011047675036453505,0.07318883011736521,0.0161017204538506,0.0844117174931817,0.09579484930437404,0.13025347990208916,0.04012048201182368,0.0215706195286502,0.016128596545711978,0.06978005502524681,0.05118108771921735,0.043762434475374576,0.0008109785015744896,0.07948578321284624,0.0708465504643446,0.11718712561097251,0.03899725149421404,0.009210871204647387,0.021083544752702306
"TX-SD012, USA",0.0025085943160136895,0.009131369271452219,0.06431101258964653,0.01768223207295159,0.054839132927874824,0.07921079680394903,0.10571895326099738,0.0869006792095691,0.02975269589717962,0.02507381021164841,0.08163960301911921,0.04691079385384569,0.0400650450758979,0.002707891901095989,0.12401353486404683,0.02443829558539865,0.10447004995002876,0.06061882805621479,0.005176474881561157,0.034830206251508664
"TX-SD022, USA",0.01170882928514834,0.009852752896864176,0.06857984277185056,0.01367245609147493,0.08167653547219283,0.09845238375509792,0.12301393495138317,0.04640656695418193,0.018140408916741395,0.01390821999467965,0.10630768937544004,0.04775796702112097,0.040440574541807696,0.0012639023431082817,0.051276058508993284,0.038156135718104285,0.1186653824102036,0.06846497431049947,0.012260455719202064,0.029994928961905577
"TX-SD006, USA",0.0020174680781060443,0.013258969573126793,0.08736579973246024,0.009841788720987949,0.1795793277555455,0.06877636378699244,0.08650952839924829,0.022896887797279535,0.016052470591742817,0.00802177821537292,0.10077645105223017,0.06144262622591999,0.06175793788973487,0.0010608824582227548,0.03919213066234868,0.02313380110584666,0.11278646719910194,0.06986480733036628,0.007720239770226252,0.027944273655139847
"CA-SD007, USA",0.004042361922685593,0.0005952001625458173,0.06729347919462311,0.027561053311876315,0.059013508175822134,0.1169170119896826,0.12797429206445413,0.0374312579474232,0.02026534158279869,0.03547998257073958,0.05845497812823892,0.055720771432721306,0.046460217547570085,0.0010410958775377687,0.13937455197046197,0.04066567469848285,0.08249995118203436,0.05352389613968043,0.0066391684309828345,0.019046205669638324
"TX-SD002, USA",0.005289405123910488,0.007030743909942454,0.06375033092230421,0.013573950586155875,0.09015914527703237,0.08891230876366768,0.11811273466323571,0.05800430125941594,0.019864250957113607,0.020673208264500944,0.09832958435873262,0.05599351809228392,0.04290245623553275,0.0033017747850612096,0.0817134275474035,0.03499200247498684,0.11439721928048412,0.04741445037843322,0.007172952430303995,0.028412234689498425
"TX-SD014, USA",0.0017690491474166975,0.003978143654551859,0.06656224188377297,0.020634438640699835,0.06161256739539841,0.10615546633363541,0.0973058583686122,0.04495606408314043,0.026077615853854954,0.03766847280714556,0.07501650780794608,0.045853876431101406,0.03998914720148851,0.001722364922267101,0.16357868747434276,0.060136520669457426,0.08796629117023819,0.032680417407371494,0.007048975349500148,0.019287293398058424
"TX-SD004, USA",0.004235384704017051,0.033850687858157556,0.06653196464235472,0.016104568694485375,0.09418172160652862,0.09913152809005674,0.10230774608971455,0.03496962562879294,0.01803430942719965,0.013447340081417592,0.09561031409682803,0.050784535874187256,0.04057135931078417,0.0034523809451859175,0.06908114320990578,0.034212697001036116,0.10943860921198259,0.06859123845276019,0.011468864711594005,0.03399398036301117
"TX-SD007, USA",0.001990548423892961,0.04088880979634045,0.06026157228020335,0.013847951625074836,0.06940100420866528,0.10217679993284698,0.10117933678004369,0.04640946438948224,0.023403701656939523,0.015294906302035135,0.10324296443716516,0.048965915033682014,0.03858591959491392,0.0047154553587384325,0.09564388704323744,0.02335006222909093,0.1063179841592118,0.05183575936905706,0.011592529962700843,0.04089542741667803
"CA-SD031, USA",0.007181254500943119,0.00041096224129379236,0.0733351088050696,0.01632134752656815,0.1036237815343599,0.07938527657290473,0.11606907413667303,0.026291893102296123,0.016028785305036247,0.012751977429561303,0.10351819132844194,0.048554371151155386,0.05325410909045902,0.0003958347484309473,0.03832144355628696,0.046245170035448924,0.12680094200184536,0.09311362429946672,0.007366725932131228,0.03103012670162746
"CA-SD040, USA",0.011140330489405315,0.000349904538977193,0.06721892448343321,0.02855658140714143,0.07035291473508044,0.08884861308362038,0.12300347339704852,0.03808478941608153,0.021075798058350862,0.022451259651010427,0.11515089103596922,0.04674858075219806,0.04268603734151007,0.002770502363788128,0.12070848786662626,0.04121327336508554,0.10130884761088782,0.02949756985838268,0.00922716690683829,0.019606053638564585
"CA-SD019, USA",0.008052991957680698,0.0012345862251589984,0.08721250390085147,0.034591848272754494,0.08138628499358937,0.09173695393940072,0.15142980383153248,0.022478716560475936,0.022985069699378385,0.014422096859150874,0.04944774757500331,0.05894963105935624,0.054339675803466506,0.000762458745647648,0.05585556258191666,0.05601732780488083,0.12046958282351389,0.0556516918063359,0.011430908741229902,0.02154455681867542
"CA-SD035, USA",0.00487352252815822,0.0006398496727013631,0.0876598613203724,0.018428297354137042,0.0689414594701753,0.06992860897061394,0.1320661680302324,0.02199448788645736,0.018414722380686716,0.01776593684816501,0.1007322068663036,0.06279217416981131,0.06842825423659789,0.0007038346399714986,0.043162099939781796,0.037049442258349614,0.1034628338351611,0.10300785774980593,0.004276228475701709,0.03567215336681568
"TX-SD015, USA",0.0017091879160640365,0.036297092772231,0.06844258306634218,0.012775309662290034,0.09458000047539841,0.08798864744850066,0.10901335672523846,0.04513735939055675,0.02584913817306343,0.012729228525571283,0.09385777311144519,0.0500232115404086,0.0480806694399093,0.00319182374906021,0.09657038649289194,0.024772590276206815,0.09521328780337868,0.05302212580759588,0.010952339071743037,0.029793888552104335
"TX-SD013, USA",0.0023277658761521294,0.014105652991752161,0.08509455887347427,0.012835256591497137,0.1075142363581472,0.08726859136164357,0.14842958213961854,0.03295921811282487,0.01652810433411392,0.010857617118596405,0.06301139561570004,0.06071620281551905,0.06979879896053778,0.001561056113050867,0.05846964861311162,0.028807842442179845,0.10606436607557153,0.06064296369515292,0.006403000343429235,0.026604141567926995
"CA-SD026, USA",0.002981451348697916,0.00029594846030704544,0.10804674720742981,0.043832562505186974,0.07066606116281672,0.06756717835008919,0.11360466103521429,0.02763822296682175,0.019120400623377058,0.06060963739886814,0.07757138242565281,0.07076243284859825,0.04934758918313851,0.0006780099455486201,0.0807349518760857,0.026763424698763742,0.10209408587051527,0.04527008968716575,0.0031812396653605247,0.02923392274036189
"CA-SD034, USA",0.010425237984981198,0.0007256913198431005,0.09276910981175789,0.0283435630716325,0.07834522666336015,0.06851193696731436,0.11896801597756336,0.036128598367310145,0.019516186555373922,0.01427123200815862,0.13070702104319346,0.05735047849847506,0.06615693201480144,0.0011455794656121808,0.05458592340788486,0.030599040335706894,0.10844350966073678,0.04676065403057674,0.004270179431197654,0.03197588338451958
"TX-SD018, USA",0.013023283233388756,0.03684412060657601,0.06353689089271729,0.012973335850265147,0.08104956989784691,0.0942671169202595,0.12973303574993353,0.04449236335647061,0.01918105430701984,0.013773658185788226,0.09608538922396641,0.05017016912480285,0.03006185954773406,0.0020698344616148293,0.06517903701350797,0.03779810785322272,0.12832791738754348,0.04057014026275699,0.01380692736945055,0.027056188755134537
"CA-SD012, USA",0.032595378305264364,0.015575302655871067,0.06231951215389342,0.017294197435744514,0.06717986799536647,0.12316082398265299,0.15221781419662747,0.029635968339508583,0.019027097140030515,0.011298168374443704,0.05653255364662999,0.051300719639510474,0.03417809226197754,0.0008138591014636344,0.0576951321956504,0.08883800504061376,0.0987848509648016,0.043845430031644525,0.011891084785510875,0.025816141752793998
"CA-SD001, USA",0.05232367465219953,0.0014833070705557185,0.07264937677482106,0.023126312647820658,0.07987608199079405,0.08973646720951374,0.14605819559503636,0.029440088851091187,0.018783932914645897,0.014600307621393051,0.06402200321808219,0.05091079737100425,0.04260418426718355,0.0008232099377826385,0.05183096333565477,0.06915373825886244,0.12151322370315773,0.03808982637920712,0.013696376950797893,0.019277931250396188
"CA-SD020, USA",0.006330767382770514,0.0005525230857158745,0.07677825136347824,0.03205656046105412,0.08960875942910736,0.06821094802204239,0.13384517250040137,0.03415699389850964,0.0198671562382071,0.04640788746910971,0.09112950748618319,0.06868513514166681,0.06401439490631795,0.00097668688774144,0.05635584618955506,0.0277400648318611,0.10835034130422443,0.049210282176895125,0.004776323226718561,0.020946397998440086
"CA-SD032, USA",0.007019325656834828,0.0009355098559571869,0.0686131025129633,0.02986332798768509,0.08063428899643521,0.09985702253035732,0.12597434790012982,0.04400025389855117,0.022973896192453856,0.017587744351783362,0.09444895275972538,0.039774717750041454,0.03468772970039738,0.001439629253527595,0.06920868061463119,0.06290420442997313,0.11729942099887596,0.042857269872332335,0.009284934790974855,0.03063563994636973
"CA-SD008, USA",0.0075421773647741,0.0007044651068848033,0.07389706389545925,0.022438460036040133,0.06591269153617885,0.08420731825360124,0.138492430861398,0.03733455488738359,0.02124632918931995,0.015159917146022007,0.05441963826013025,0.05095362859176422,0.04723389920576458,0.0009544529035087708,0.06994519284651973,0.11812642324791771,0.1046272516589633,0.05290533186324965,0.011105487674406276,0.022793285470713735
"CA-SD029, USA",0.0051791861485881874,0.0004921561893550848,0.0723138405319004,0.016474038196115627,0.08146673931558245,0.08348679616032001,0.1263904636622134,0.028418184907553972,0.01685657197408672,0.012739856966292996,0.07948015980677227,0.05223691815358974,0.050030756864362126,0.0009581591512565174,0.038582385516385216,0.04859548875940026,0.12613206499153126,0.11901016240900104,0.00851334426622773,0.0326427260294651
"TX-SD010, USA",0.007187772555184858,0.014959261742126678,0.07072090595692597,0.015433178951366503,0.09355234589391026,0.09449204638902546,0.12315758282006777,0.04394506845123466,0.018597633361870414,0.01053502906823488,0.10493425599015123,0.0547896542277383,0.04203850674209276,0.001163118577915812,0.046947911055269555,0.035533090670095274,0.12490124568619299,0.06306753830054497,0.008411775302531337,0.02563207825752057
"TX-SD005, USA",0.01181237263877588,0.01204209662062701,0.06934023194198685,0.01572508624575741,0.08500388067833169,0.13092876182557972,0.11586245418592274,0.036913176951030184,0.02118262985152055,0.016347862341330392,0.0824618705407758,0.04756613410945959,0.03715987579610447,0.0006697790382468949,0.0766505621683691,0.06038306140020539,0.11140705761325208,0.03659984808873971,0.012575672313843824,0.019367585650140868
"TX-SD026, USA",0.0019508346066363876,0.006166573380042479,0.10511019622923397,0.01659733889553539,0.08745921626781007,0.08864571755404224,0.1406139514588348,0.07066810086496987,0.017601284460123875,0.016248780371196956,0.05046965449620275,0.04856870188341177,0.061611375678161114,0.001534386015240537,0.06180508196291642,0.04109264072236719,0.11280220820943364,0.04592519041184634,0.004976026062535854,0.02015274046945839
"TX-SD001, USA",0.01548325268099372,0.027979165990751124,0.07305879093865292,0.008360557137544909,0.0774312375371556,0.09533780394368765,0.14790948636230908,0.03332243549268637,0.014966645120554305,0.011782146342193768,0.11292991357430018,0.05385197072057979,0.0399859243157445,0.0006838187031902404,0.0393794719621852,0.043664569456264735,0.12014245391086825,0.04621516330539014,0.012535844328921736,0.024979348176025942
"TX-SD027, USA",0.018780889295646773,0.016536592339493242,0.07823288482777713,0.011599733652952497,0.08864791304263618,0.12411500596526501,0.17073979946364795,0.0253521495678106,0.014935989947689758,0.009560003077289665,0.060997504830398966,0.05138427559444495,0.0500979501627581,0.00036020855796172917,0.03142182561469261,0.05722170514487027,0.11973469311409629,0.04394292509610919,0.0072130030721724355,0.019124947632286567
"TX-SD020, USA",0.010256639034697214,0.020140243006628113,0.0846163179273503,0.011726105531643478,0.09352434205829792,0.11546592248534228,0.15010040393324336,0.029570357940742413,0.01692875230208492,0.010315331956579143,0.05514143748072087,0.05619122013818872,0.05320261892508283,0.0011085182959434713,0.03697972600581624,0.04944632315746917,0.1256397537865934,0.04566805610010204,0.007664182174786624,0.02631374775868741
"TX-SD029, USA",0.006115183908631178,0.012212271253180303,0.08068702818378518,0.013428265559379678,0.07508049163957603,0.12179494076549537,0.13732386610342817,0.03079373694084095,0.0151171318910726,0.01691160911616122,0.06520924403264815,0.04254406000731914,0.05838073952818325,0.001154727210093871,0.043203320614080165,0.07057789690539336,0.11433294274163683,0.063041609591939,0.00858055107679127,0.023510382930364376
"TX-SD011, USA",0.0031732369971443656,0.016089152233799486,0.06612073838821278,0.01572983003135817,0.08178986064023858,0.10803185435435664,0.13840610475138543,0.04015734418424345,0.0206066350894705,0.012753155190489186,0.11225869893816029,0.04461327046270147,0.03874420248100024,0.001864806377882419,0.07405808893688134,0.04717327708367165,0.09112992393626629,0.04862660310976127,0.011715748543753617,0.026957468269222757
"TX-SD025, USA",0.00339913748733788,0.010783035504677416,0.06456994689060512,0.020853031605221038,0.07030829578465837,0.09671415437262088,0.12306503555373519,0.06698270876322299,0.02870715945826845,0.020333539409301462,0.06872424325584539,0.04793165031591308,0.03721166043858927,0.0021304071676550456,0.11121186329120056,0.04688344456767646,0.10527772051941356,0.03579742356306171,0.008168781778455925,0.0309467602725402
"TX-SD017, USA",0.008689327256510589,0.048041483169410176,0.059815596710851036,0.015373387854561863,0.08163471192100794,0.09160318806922525,0.10944128847193517,0.04828959875086617,0.023798959855517943,0.012682918632611472,0.10703131216052267,0.043999344053880673,0.03532467463051739,0.00460851325632622,0.10457488749453064,0.027484547285281786,0.09464409862124468,0.040396761557499855,0.012900285083140933,0.029665115164557512
"TX-SD019, USA",0.011521751472272457,0.017036784456643504,0.08486977935043363,0.01574664707357769,0.08728987434032842,0.0997165729476519,0.13399655584988368,0.05893956693429264,0.016429349025500473,0.012655559745204518,0.06324885452761322,0.048174543372223315,0.03937893739773431,0.0010575134025289357,0.047615430805735035,0.06554751886388585,0.11707331799078163,0.05169359265378162,0.008531730554633285,0.019476119235294142
"TX-SD028, USA",0.028399077791964846,0.026876724062076116,0.08247239237969343,0.011440652764493686,0.07229611964209195,0.12100528306257266,0.1479838582816082,0.04030559512133459,0.016014404985071815,0.014101285551336334,0.06461402658817263,0.0524045964623677,0.03141107756400292,0.001021643214047157,0.03832518007712128,0.05461984869817398,0.11782553382861319,0.04266549483702344,0.0109116724407053,0.025305532647528838
"TX-SD021, USA",0.007093592493357116,0.02227983438669269,0.09187672203375839,0.013129126856220448,0.0950864961168629,0.10666113735183783,0.10798327572796117,0.027314570876544868,0.019614093692866298,0.016135198483649582,0.05447986625028337,0.0479685131921093,0.04655495506909153,0.0004020856778705185,0.05724134943814024,0.06277985423034763,0.1197031699401757,0.07105896198932579,0.009981422607702179,0.022655773585202647
"TX-SD031, USA",0.03205684048202959,0.09954770694869075,0.06908578195295546,0.010494255662070026,0.08389159378655564,0.08636803635638686,0.1080819459890514,0.029013530359840993,0.016446364961820385,0.009161156121569008,0.08416541963811779,0.05075386178520004,0.031223353021572184,0.0006821626477518642,0.03573667561004336,0.042080307837904764,0.10918205335760886,0.0569341592945859,0.016150921279871763,0.02894387290637328
"FL-SD038, USA",0.007524395830486851,0.0004908138569671218,0.061160902562018345,0.017482495321091925,0.07570768738725984,0.09283516863363787,0.13825518154023456,0.0620254549955246,0.03306999594840764,0.019337505369147804,0.0351373425920241,0.05537146706836586,0.056720462204493415,0.0015188176833706981,0.10094273810822704,0.037977147451151286,0.10594381682027401,0.06257640000634636,0.006738699478590438,0.02918350714238019
"FL-SD024, USA",0.007451210872025157,0.00019957809117585412,0.0843333193211126,0.032407012616136564,0.10729955849420983,0.05816249039839115,0.1387521101741388,0.03054175416332485,0.027375646494892825,0.014867162533613719,0.03976901564441874,0.06215720846070677,0.09697361888564471,0.001009187328964696,0.06115063271649144,0.028654775255514985,0.13054501129489765,0.049079963998732136,0.007267713041360732,0.022003030214246922
"FL-SD005, USA",0.0018267347837895448,0.0007004579843594125,0.08572429521736337,0.01621907729259315,0.06737334686058073,0.07102735597734915,0.13822305460295903,0.07672628336294054,0.017099480772617123,0.016002929089385134,0.049219877075135,0.05666329445312173,0.06310565080542385,0.0009697244610815445,0.05353386554904541,0.04724815172755837,0.1287495040212577,0.07744979650129317,0.005992192684308397,0.026144926777837516
"FL-SD008, USA",0.005585061061480079,0.000338976239788786,0.08743669864628366,0.02293290907780161,0.08622888483553869,0.08115195391582536,0.13261626458001094,0.0469327155655543,0.02449880795844374,0.01541943262788064,0.06592597559301225,0.04999301029042298,0.06364592823821083,0.0014717575980702994,0.05910067883138393,0.046443413141900106,0.13370934248374425,0.046790891476905926,0.008117287993227078,0.02166000984451463
"FL-SD018, USA",0.0034699789561231905,3.0286491132188725e-05,0.0830008456678538,0.02195791820824295,0.06130623013738978,0.07031438598250091,0.14822634450783345,0.06528501813416278,0.028892622988109035,0.017267280204876417,0.07749960325660343,0.05304183941938164,0.049171787472581115,0.0023530626011017703,0.09416633419769768,0.03592852585944299,0.11954853754899697,0.036098427065145405,0.006122201546876806,0.026318769753947743
"FL-SD037, USA",0.0026245967357828477,0.00019438968036180395,0.08833364083308382,0.030131787520002076,0.08341719711619548,0.05947657726288705,0.11534180129073893,0.0472448073629783,0.04192443305008014,0.0174496933575744,0.04572381038340742,0.06144077862436684,0.05969570652741987,0.0010094147819226197,0.0941370292426923,0.034870802214307085,0.11802252651551426,0.06104055422047434,0.002967391155305339,0.034953062124905065
"FL-SD040, USA",0.019019852364947847,0.0001539602825434673,0.08402153776362697,0.02400404581784664,0.0808114021174805,0.08382189696070559,0.1327227701601002,0.04590833032220573,0.031855673507860977,0.013771312568885025,0.03304541749407849,0.05391010315575096,0.05310001283706084,0.0011828655853949315,0.06697800524699687,0.04888150710268099,0.11453931464181681,0.06902024213345756,0.008713375276928484,0.03453837465963101
"FL-SD004, USA",0.0016994387274375368,0.0004731584502164086,0.0774336662981547,0.022730024984905634,0.07907539831196454,0.06838542913152856,0.1313005770888766,0.09715785565208164,0.022373589422787842,0.013721620288235979,0.06140283651025378,0.0487200136819137,0.05044183588586077,0.001701433432361316,0.08354846040318466,0.043008107915616656,0.10674608456119791,0.060245925191452075,0.008614281123035741,0.021220262938933875
"FL-SD035, USA",0.0034657943020697563,0.00021506031427036596,0.059678304058553566,0.021861735322895853,0.06103061896504671,0.08038429021190147,0.14235438392223054,0.04967236109014265,0.028298849470555654,0.027078580068055427,0.052110892490475264,0.04572520641254891,0.05525523047301171,0.0009749400913589922,0.08557542257117119,0.05769274057696147,0.12193489325980243,0.06413138670207716,0.0061477499401817225,0.036411559756689395
"FL-SD032, USA",0.0014190863740810924,4.044207177344302e-05,0.08661376063969387,0.022821045535523957,0.06781054308426626,0.07479158620969996,0.1483370591030608,0.0471485046956623,0.029482224056447168,0.021611763861500672,0.04361361747166777,0.04906821864122338,0.07170379635513022,0.0010772297299653452,0.06962940765711453,0.04222712721629393,0.12304135075214509,0.0700665045749716,0.004595841704971498,0.02490089026480704
"FL-SD007, USA",0.013527902484811217,0.0007529179958390784,0.0835991258347896,0.02486578210736418,0.07820323834713858,0.07787226611831433,0.13422393683790196,0.06507579370834499,0.032233295411731935,0.0171570269995994,0.05890135219088476,0.04808177177448184,0.054613869353315324,0.0007047662635470444,0.0816965148564406,0.04054439370092466,0.1192961044193785,0.04136395208788459,0.007880372527714813,0.019405616979592526
"FL-SD003, USA",0.018912097765084884,0.0011539866502839299,0.08140587121841068,0.01836416165775575,0.058101982532461086,0.12530302527147782,0.12145917045794247,0.031219905024408166,0.019870985952910647,0.010423239132600577,0.042689203998273154,0.04945953574867988,0.0455243582505893,0.00019094743134194555,0.06866220569189439,0.13673496496529677,0.11698850994586986,0.0321372829010726,0.006500514727858395,0.014898050675787816
"FL-SD031, USA",0.010738601029564926,0.00045739444804681137,0.07255516239343175,0.03532819883454178,0.08168081220021257,0.07494153718718344,0.1488719673095474,0.040516108879091225,0.033385737372559204,0.01702948995040748,0.057287099422665376,0.05998114919938638,0.0494362048411466,0.0019874395928405715,0.08350799137688569,0.040775402192009355,0.11160634575884455,0.036106515450928495,0.02078540637423586,0.023021436186470477
"FL-SD036, USA",0.002711165390604908,0.00043967272638896113,0.10463594617609236,0.021287029782673498,0.0998682321862277,0.059059375059039965,0.11733231947302263,0.04654318995186519,0.03763192909162196,0.021165065886116007,0.038428639928187285,0.06469875928049719,0.05875209216936485,0.0015179177458666516,0.09266377984562703,0.025583215312372655,0.09979659085978752,0.07322786787392305,0.0042046044688512346,0.03045260679186923
"FL-SD026, USA",0.0127759435788329,0.0003513687386751538,0.0763295626371767,0.03188248351541116,0.06196411912593363,0.08186716049507288,0.14793526383800734,0.054420996075976266,0.0375010123951471,0.020492968113540695,0.045194171089497866,0.05084911462734616,0.052804587166001664,0.001504029600914377,0.09618150700159285,0.032247511409824424,0.12140013581258038,0.03536700931041614,0.008184019934507923,0.0307470355335444
"FL-SD030, USA",0.0016195813866476325,0.00021609551227589987,0.0658988589704206,0.028988321546025653,0.07923441990135521,0.0791196183230119,0.125070609387513,0.04827924342171551,0.02663402685686109,0.021615499020356123,0.048267845373167924,0.05744202963601792,0.06739267820443641,0.0013505105009448042,0.09869497242845592,0.03204663799181135,0.12928748343276436,0.04625907352477657,0.00662945621053306,0.035953038370908984
"FL-SD001, USA",0.005640660181116794,0.002085245092119743,0.09605116537238324,0.018119442795826023,0.07644072743139556,0.08386499454627995,0.14623098864566725,0.06878380071717882,0.0237088811765434,0.01263343206913484,0.044500543598164834,0.04755969759143765,0.04533864796075995,0.000640650699729042,0.06629362534659915,0.06292032082735768,0.1256386711960511,0.044006718772504824,0.009940560531974063,0.019601225447776014
"FL-SD033, USA",0.0055030165321079344,0.00030366208907187727,0.09265095502136196,0.03009335311700717,0.11908102962683473,0.062153908463219054,0.1331670908968095,0.03514584809351243,0.036800324475638246,0.01716798512740051,0.03288391772702884,0.04966973794384002,0.061527936505307634,0.0008845808681659031,0.0707447643350058,0.034529460157361476,0.14851600936750775,0.042041927166171264,0.007717722385414254,0.01941677010123361
"FL-SD006, USA",0.009399075978595189,0.002116009914157588,0.07873158754183733,0.015420693532254292,0.06659857443216767,0.11781930210887726,0.1650124507006456,0.046025306551815005,0.018113578576547076,0.011479227575687386,0.047571952942473475,0.051579217578811946,0.04342685241273331,0.001622553056705818,0.058188107281588394,0.06350217107348603,0.12297516690131707,0.051429026935859656,0.00996596486589659,0.019023180038543107
"FL-SD002, USA",0.010577739930243434,0.0027451053880082244,0.11227569670530255,0.019116327680334673,0.08968332460970052,0.06964939730310221,0.11563717934120439,0.03257393154019056,0.034624149177139914,0.012008788789019774,0.04778492830648767,0.050493913995961065,0.059271117448988574,0.0009512483501472137,0.06368095219381659,0.0914847851368387,0.11762922957399637,0.04020185878408826,0.008480598891530687,0.021129726853898585
"FL-SD011, USA",0.008491007956097545,0.001479229095232353,0.08006203954925672,0.02801844291471341,0.09880429052663542,0.07296218319857768,0.14717746174638008,0.03546527435917386,0.02482940367490778,0.010683675635357102,0.04940864297757916,0.057246305527347295,0.05561028169826812,0.0005998448693265057,0.05445903766412207,0.04942558734566869,0.15053801880961523,0.041176375996837725,0.01610263168628924,0.017460264768613905
