longname,Architecture and engineering occupations %,Computer and mathematical occupations %,"Life, physical, and social science occupations %","Arts, design, entertainment, sports, and media occupations %",Community and social service occupations %,"Educational instruction, and library occupations %",Legal occupations %,Health diagnosing and treating practitioners and other technical occupations %,Health technologists and technicians %,Business and financial operations occupations %,Management occupations %,Construction and extraction occupations %,"Farming, fishing, and forestry occupations %","Installation, maintenance, and repair occupations %",Material moving occupations %,Production occupations %,Transportation occupations %,Office and administrative support occupations %,Sales and related occupations %,Building and grounds cleaning and maintenance occupations %,Food preparation and serving related occupations %,Healthcare support occupations %,Personal care and service occupations %,"Firefighting and prevention, and other protective service workers including supervisors %",Law enforcement workers including supervisors %
"CA-HD034, USA",0.023917439774949978,0.01969735386422214,0.006530494639067434,0.015208576138164643,0.021450853668887455,0.06835523722366409,0.004499675819316273,0.031039990421581964,0.021013649438255632,0.04000871989700987,0.0888626604865658,0.07042667040533661,0.005272079146289227,0.048436780732723575,0.040556579965579154,0.0473590348606345,0.05360613474983074,0.10709893374689322,0.0961756774256617,0.043328341836967814,0.04868139205145152,0.04054202759447743,0.027238935603204745,0.015397467455976494,0.015295293053287891
"CA-HD027, USA",0.00732598244291194,0.010095822293625132,0.005728507010722759,0.008343412819062862,0.013156626199257575,0.05944790453313785,0.003796803679106283,0.020325560805217472,0.01973702414931019,0.02801168390582349,0.06502378565830089,0.06280836420050825,0.12921676510879862,0.03518105352809783,0.053198456090720395,0.06459807528528085,0.055407989741058566,0.10008962298781651,0.07990347392982801,0.04344629481286424,0.048418498434226465,0.04494360743406691,0.019839534903881295,0.01049122743881686,0.011463922607558652
"CA-HD011, USA",0.014528960894316972,0.02311028060086206,0.010694965160595786,0.01821294115752732,0.01924504895053067,0.047168734791901305,0.00588437488007688,0.037530894274706274,0.025567439978681474,0.04959499949974791,0.09145702283724846,0.06883141456067601,0.008105781609515665,0.03479215942015953,0.03949561381051236,0.05099176552924747,0.04166094564391913,0.12329672964247566,0.10122049540711084,0.03214087554013177,0.053815283752491866,0.04472221216817311,0.024852689767351797,0.018119766886147748,0.014958603235892017
"CA-HD032, USA",0.023983405082643544,0.020855680208777358,0.012403843580516547,0.01364898049140205,0.025017498951251445,0.08291637441821573,0.006920222717974511,0.043348931626595484,0.01854169958139044,0.03897726057558167,0.10844529386493858,0.05571575719984395,0.021236265658321964,0.03375434737895802,0.03677008491713008,0.03747866899089223,0.03891272137718649,0.11350295857239862,0.08846026146247635,0.02905847613535169,0.04692282624572427,0.032089021934180985,0.03171177244500597,0.01507504084533423,0.024252605737907967
"CA-HD017, USA",0.028263939592635876,0.1032476453028067,0.022789802725674956,0.05337017711588201,0.012791115197199878,0.04586656023480424,0.026642086338185423,0.0350742417884387,0.010427255925663886,0.09681151417480525,0.16370179972335472,0.022874034511150103,0.0010384948331330775,0.009489231697836149,0.014991484692070487,0.022124477483127424,0.021583589669644944,0.07501134160670152,0.08276306870939676,0.031712982456505126,0.05267192292279729,0.0295939659218791,0.02401017956928573,0.010340107696954854,0.0028089801100656497
"CA-HD006, USA",0.021393834852274588,0.04987293856711939,0.016634525280183964,0.024317078669915265,0.018919064840870886,0.05859223122990631,0.02324844013276109,0.04217565065218424,0.015257772126323916,0.06750053640402091,0.10101269450494303,0.04435225342944584,0.002909282249187426,0.024754373497627945,0.03601171844419846,0.030844761215643415,0.040129166403501434,0.12237758657576611,0.09135111145967342,0.03181444872916335,0.05392945768324473,0.03785654879395545,0.026405665627631192,0.01203973078331033,0.006299127847147252
"CA-HD016, USA",0.04471364146471592,0.0999666034575887,0.022546716555948462,0.02774620639773053,0.013351967231342304,0.06102116980723462,0.02007866351448785,0.05377435054958383,0.01019867752241316,0.1009849046988562,0.1993661290367223,0.017672801633535136,0.0008846436928016209,0.011928172000102391,0.010979228874986844,0.01706641146437211,0.012071004876097842,0.07679551457190052,0.10306802140598348,0.013327392428612637,0.02750738480683062,0.01656386416352401,0.02239611898810144,0.008919520604630792,0.007070890251896682
"CA-HD042, USA",0.028768219718913777,0.03941736598307439,0.015254644737175294,0.05135928512792188,0.01620617631588924,0.059520328445396516,0.0291266066139894,0.04762331417949351,0.01378926704416014,0.08672693517193257,0.15841350185460248,0.03238005185976228,0.002651647171692292,0.019755025789283898,0.019329168386647444,0.025263938789792315,0.015343483282124372,0.10006735635569193,0.11078235220295914,0.016865698949330876,0.0411631532824337,0.021623978901300314,0.03101255836792955,0.011301232792982962,0.00625470867551977
"CA-HD047, USA",0.009245228777704246,0.01615070868978262,0.007505974825997226,0.02383513279170012,0.017347367782743074,0.05981502855924241,0.007926278738992728,0.04823689175959591,0.024957899053065936,0.04345342809270156,0.10294666838760741,0.05293729474539343,0.003984179516333297,0.038541388047777646,0.03681822179408367,0.031274314966764714,0.03406465770143892,0.10895742167101916,0.10919822049813684,0.05175482952697856,0.07174321484418704,0.040296283197616536,0.03257529592564622,0.014057424495987953,0.012376645609502664
"CA-HD020, USA",0.027732657115775255,0.05912731491238425,0.014263093628952459,0.019538895192448957,0.015689090133920596,0.042901163278321185,0.008091171148653412,0.03138403845629842,0.01985505190447708,0.06426415168913521,0.10170584026760736,0.04916155082799362,0.002072768896003465,0.03141309659697295,0.0395306400117508,0.05725222751888215,0.04243178653697088,0.11068848900101189,0.08614948672707443,0.03672375453894927,0.052502496979156536,0.044934376893897524,0.02451686583448486,0.012925349684984056,0.005144642223893496
"CA-HD052, USA",0.016459828930675255,0.022683764907696934,0.00930490626970717,0.09338499687322488,0.017233223297592942,0.04952999060195941,0.015651056735680752,0.028719548161312034,0.013663819881187896,0.044856002765421246,0.09488155269740005,0.051964100676245344,0.002941811020525449,0.02461887304792334,0.036589037232305256,0.05354293654910744,0.035672828092817875,0.11220237624070872,0.08546367178586162,0.040726698232973105,0.06450076808421197,0.04443685544376352,0.027308430654686765,0.010357495491217042,0.003305426325794044
"CA-HD010, USA",0.02186007992697878,0.04124126878885631,0.010535720051133495,0.013558159627615576,0.01752121723326245,0.04902180661166106,0.010232068157978771,0.03822916733716887,0.02044135915856524,0.06000644396494243,0.0858401790097032,0.04468351045109525,0.004804179918128613,0.02680022436534014,0.04343633850601996,0.04317655273281587,0.04301723803330983,0.12700871170830105,0.09124921932714518,0.04211123475303418,0.06266364265245941,0.048646166049897493,0.032461901461264375,0.012363812554428795,0.009089797618893766
"CA-HD040, USA",0.02448834569621728,0.032121777196533925,0.010808853581997914,0.041317673513186305,0.017751247516151564,0.06686198593086272,0.014079640141123154,0.047421425041978084,0.02006922573352543,0.0650727315775683,0.12349395719400803,0.03537636658169299,0.000940004930776616,0.025401031822482073,0.023471443781731334,0.04143815683599233,0.030246181179740865,0.1126564695667712,0.11074897134047763,0.02607275116369637,0.042614605075101744,0.03189365339541281,0.029490381581198197,0.013750301231160077,0.012412818390613119
"CA-HD033, USA",0.005219345190166765,0.00845562646090056,0.0055358811482968005,0.009891104878173376,0.01914689200685426,0.05371312674079802,0.002494394142907313,0.02014152905755504,0.018047753720297984,0.01992081565274312,0.06903947341907085,0.03817907769177271,0.15062628467656516,0.04267299455790065,0.06859990312448323,0.06004796925837486,0.03974875685591929,0.09897603976867021,0.08444334129425247,0.04361471791744163,0.046895874222023626,0.040581824540000346,0.02362430129398826,0.010192718561950384,0.0201902538188934
"CA-HD080, USA",0.02200260675266934,0.023399527703325252,0.00870357006159511,0.014511680402380243,0.018978810657906322,0.04280252364772114,0.007002084238215808,0.032645792268711823,0.018824920118333806,0.04777891549775434,0.07700348456257793,0.06359109660643994,0.003173257925483293,0.03065647272094996,0.03499659205866536,0.0568223031458309,0.038481532328990424,0.11956706956494347,0.11037035540647397,0.05750303556750197,0.0663806645623354,0.04559269100528822,0.02467595630736729,0.016862673582096227,0.01767238330644263
"CA-HD044, USA",0.018693026155291153,0.034591245908122716,0.010829680615055515,0.11992882846689368,0.01830767312051624,0.05350603387661993,0.025400144223066988,0.04467133507745735,0.014684522026769424,0.07845979700388502,0.1351491994023135,0.02795684029857831,0.0011017295446533808,0.019215743717430987,0.01384464055770346,0.026823941313415995,0.02444694607143361,0.10727689109911143,0.09105684933078706,0.017912191112189845,0.04151627393567667,0.03230153398705104,0.030494575263224865,0.008687759179425523,0.0031425987133261108
"CA-HD001, USA",0.015414558462819274,0.02091730769545297,0.012841909533172501,0.021681815221753428,0.017681404400462584,0.05486785812607783,0.007850792149305069,0.041459775948583015,0.022194825822462943,0.04054841380518154,0.1161455804446206,0.0601863454068705,0.011764447364008954,0.03657372313833122,0.028248853449651008,0.03382438363186709,0.032542432018115866,0.11085371450093315,0.09798054955394055,0.047263018160400946,0.05913222060936088,0.04532632733554683,0.030857272276613668,0.019830064160236065,0.014012406784231338
"CA-HD078, USA",0.04398246392907777,0.06556764914964425,0.0286603172708059,0.035314064693401266,0.018029164402262668,0.06371560477997783,0.01802866998307701,0.05017090221413442,0.0186424485998088,0.07891122886258102,0.11736564712006571,0.024873663256218002,0.00098800010472561,0.01725858660508962,0.02166392206094519,0.031036451322005585,0.024474811701259397,0.09171817874124201,0.09278911441976187,0.022950706664701327,0.06021919408701413,0.024833701726357727,0.031053127137302905,0.010558780468463133,0.007193600700076684
"CA-HD015, USA",0.021120009009585314,0.03231983243150425,0.00991795833270642,0.019326108978546662,0.0195978827560115,0.056043781022182104,0.009495159793158722,0.03272500324204698,0.01775521709349294,0.057948573414273605,0.11274611769205072,0.05770225608801328,0.0032606097792539316,0.03021875803795567,0.032870237285733385,0.036452940783324506,0.03562359165927756,0.11346722870386682,0.09647310146882776,0.04936661600743785,0.05511965697487893,0.04345497847488998,0.03199142207441846,0.015084277238382392,0.00991868165818028
"CA-HD074, USA",0.02344664928925784,0.030343626122757435,0.011696377915291496,0.024291965043658766,0.015391919729669818,0.05503310810311972,0.014670218039698849,0.03369136038632426,0.016318475884169462,0.062343524891692016,0.11779107329253885,0.04952914085258211,0.005130735887668714,0.02138400144532373,0.027993914154696518,0.04989164535617586,0.026484893277363024,0.10514358353513338,0.12592881253518892,0.04330005691907151,0.060727194894146394,0.031026079620399813,0.032087620176631255,0.011318170740060496,0.005035851907379771
"CA-HD064, USA",0.014019014757253069,0.015618591696482024,0.005853672193347105,0.02056346816016953,0.019589805201712374,0.05308828683754397,0.006506377237587834,0.024668147362783787,0.017917837659856366,0.041581991751547295,0.07865050326713169,0.05516422722909203,0.0034385207289591418,0.03383631329413539,0.05462092766349105,0.0818417185916608,0.05451117189982735,0.14244766923846872,0.10452926484659711,0.03299096963100961,0.04844917978906436,0.044138518027234,0.022508493986186862,0.013907266748097464,0.009558062200761133
"CA-HD077, USA",0.04433382070684905,0.06361907731737695,0.03785161682546224,0.034934415602966944,0.01406785875945271,0.05948955469236676,0.025168457344485026,0.062179463061074004,0.00934622825245536,0.08956017245662498,0.1686090440744114,0.02003811011650576,0.0010544362914756062,0.011429428800343507,0.014059810099152234,0.017593261717941507,0.02003073167320792,0.0711438017780474,0.10746033648130073,0.016516935537713755,0.054855722637528144,0.015013474398323255,0.02827164442536766,0.008723990140326309,0.004648606809240712
"CA-HD002, USA",0.01727851779045465,0.016321052396052606,0.01554465395618383,0.021831110297426737,0.021317859690505845,0.05436117102964716,0.008433717994490135,0.036859193530289276,0.016719065145996817,0.04415939244144419,0.12485842458344652,0.061152473419146876,0.022421194157531788,0.02754011889697943,0.031827217787142675,0.04624114669581372,0.028133370245096826,0.1033408860542107,0.0957653478283606,0.04471849635111275,0.06435025351456636,0.0462083426413915,0.029587268678542136,0.011662484533287028,0.009367240340879747
"CA-HD043, USA",0.00882213563631597,0.012468085533568884,0.0032156369110389106,0.02385458783934915,0.014145507273663553,0.041148922475186644,0.00623850751571333,0.020374835817478693,0.020429842037997772,0.03186961539576084,0.0654091337470023,0.08758573912116961,0.005692353663800616,0.0349326197531565,0.047741632975442275,0.08223286905094632,0.047098660065539456,0.11711639524813763,0.09776660128483182,0.07460055116433212,0.056553650691441935,0.05351157774944179,0.03253837899564542,0.011293919000448247,0.0033582410525900444
"CA-HD054, USA",0.010975113739261081,0.017065523679592288,0.0044480958105884046,0.04786736072066592,0.015308409810399654,0.03806989333788444,0.01075138425109899,0.021407708212435816,0.01162597344274961,0.04332039442384169,0.06979161795903382,0.07145781185735668,0.00235875250637226,0.020813244581152093,0.04355825461838453,0.06811403926350879,0.038866000100844095,0.09580819640771603,0.10523937700363727,0.0727008608802171,0.09722961700643294,0.047450700900852516,0.028579344551762403,0.014960347148266367,0.0022319777859453253
"CA-HD079, USA",0.016003763699021747,0.023855809038068252,0.006963417594616883,0.018083928639942893,0.02337744479039024,0.050703682623326266,0.010282037356182322,0.020308796484203345,0.02154988596158652,0.042903155320736644,0.07468338388515063,0.06187474607308142,0.0022564775167981605,0.032749158495420795,0.039313230962716245,0.057761837290721575,0.03640847423490884,0.11597179394957047,0.10282418997155895,0.05481869512484758,0.07699112866663034,0.04836628494487011,0.03588543708892224,0.017712104984297004,0.008351135302430623
"CA-HD008, USA",0.017914440194427974,0.018277625993339278,0.013975485753253823,0.01995436748287227,0.027005929418836092,0.07885720340613143,0.014400082467193799,0.05717516715421723,0.019197697181234097,0.05159436259956301,0.11285031266858159,0.03976396898695368,0.007629960482940094,0.030392512334425213,0.023049661219959827,0.03206138988486082,0.031008712807514473,0.11149328668667484,0.10615169889716847,0.0372563560866547,0.052403729477053886,0.03813271903370677,0.02700140967461294,0.015206137027541311,0.017245783080282233
"CA-HD057, USA",0.0065015784271228545,0.010722923133230769,0.0041376476867469435,0.026728679187764996,0.014292764623144223,0.04033286375765587,0.007384529566382797,0.010176300934662317,0.012343748780674683,0.026338672170434094,0.054330350543980985,0.07946705302576137,0.006635717067223099,0.027415000668312442,0.0688742246205383,0.09449572503485772,0.06187591694917768,0.10922577181881266,0.09659846545325991,0.07965638424109865,0.06928386876181514,0.04324079478643999,0.025368683373295453,0.022129021087039846,0.0024433143005672025
"CA-HD019, USA",0.02444494945800148,0.07236182148548931,0.019588563546958013,0.041286707116361086,0.015112091422784147,0.0499825032234176,0.022167907459866954,0.050065983694497364,0.01678280285793356,0.09725854965229663,0.1392529836302804,0.019053870943240583,0.0009818299035624077,0.013571431095540473,0.018254732597850758,0.022101377789327005,0.029017003415525638,0.09807336865759528,0.09913463026965633,0.02421300319908647,0.05124928281861598,0.03237558015261475,0.028487815801305744,0.009973306957414068,0.005207902850778128
"CA-HD046, USA",0.018133958655623474,0.02977593738869601,0.008931347096731452,0.05806187773238138,0.015352669420114875,0.04928197579717161,0.019197643696064356,0.03787541799706094,0.018089540991343807,0.05737976954999706,0.1066269090835891,0.05563431509220465,0.0025107960906295495,0.02420011318299709,0.027103496249738835,0.03997928791779108,0.03152146123194093,0.10940948746794504,0.10266737713007508,0.0539576581491374,0.05322724263566091,0.03540938243819749,0.03237677138475714,0.011073572349516298,0.002221991270634502
"CA-HD065, USA",0.01156907947311182,0.011732010187034705,0.003402932256142859,0.015881305288719335,0.019044972526589814,0.038802283214066556,0.003876178741975375,0.019720708420824837,0.015557721442929122,0.02912787368600619,0.06121216182287684,0.06935424439898533,0.0049772283994213165,0.03396090974662754,0.07709781100678655,0.07800720752901316,0.059463536537254245,0.13102484913451468,0.09312017715317628,0.06302329376274586,0.05326253091112843,0.049899825940462744,0.028265818050678945,0.02181725870014382,0.006798081668783678
"CA-HD073, USA",0.04408977980854234,0.07776415048874381,0.016926879646168805,0.03687397207376872,0.015215614808932765,0.06313658051205802,0.017770004622655718,0.044946299860778624,0.01444195190174843,0.09821614854282654,0.1515640075373486,0.02077787430355796,0.0032782421577783162,0.01124822805889051,0.013981409789079201,0.02661679241010539,0.01690195778568095,0.0895038327130464,0.11200282265370105,0.022545483527066628,0.04741631406133992,0.020042251862440522,0.022962455644377468,0.009085858078798977,0.00269108715056447
"CA-HD029, USA",0.010694288399620076,0.010947735546543295,0.006553621732543603,0.011299037898416846,0.013590336577112718,0.04309483287356028,0.004079901007873314,0.02291574113803479,0.012795717919856715,0.03408763342657386,0.08410175938190302,0.06738132699893855,0.11875015387749968,0.03304787159192417,0.05510048873689465,0.04858825652121398,0.04155680465863681,0.10393573970988362,0.09101011176884974,0.04600486328478912,0.04932632004450096,0.046822522267007324,0.020671706005193642,0.010507664011872867,0.013135564620756395
"CA-HD005, USA",0.026836932657170732,0.043931210064818954,0.010688058545380826,0.023469890895166958,0.01779413044663121,0.05824618253540257,0.01338742804036588,0.05647878350201336,0.020323405342913062,0.07798203532440488,0.1416033088258005,0.036323469202708035,0.0024868704008957697,0.02489806449700304,0.02015583037833722,0.027783007678037742,0.02395741251831806,0.10686691016444382,0.10883833451933596,0.020866984164469367,0.04734091582110504,0.027927167056655062,0.030696544895578437,0.015625403200140324,0.015491719322902905
"CA-HD025, USA",0.0455351002233161,0.06229475235172701,0.0099695241698442,0.015327920783338786,0.013647761385597517,0.04636085588624485,0.008455143777729487,0.026632090631669828,0.013163893826206639,0.05381601345605383,0.09893986456542538,0.060450860938762785,0.004969774681453812,0.025091728778201372,0.028104532223518167,0.06975799707099054,0.028079510103337417,0.09746260014054263,0.08271095189610247,0.0516105083081081,0.060979890636138706,0.04642558381565242,0.03194252073463247,0.014740492802552326,0.003530126812853221
"CA-HD051, USA",0.01783868699568091,0.04156389117395214,0.01683230373578244,0.12750028657070167,0.014019305233733438,0.05629765304045353,0.0384500363064735,0.0494058634190918,0.007638421081827663,0.08761710714897868,0.16138611731824729,0.018230300725401306,0.001646523303648541,0.009051784675422453,0.009527088416097182,0.017996520877286797,0.015879692045777605,0.09044306009104265,0.09014279088535895,0.018874917623290133,0.04848823134290666,0.02014641581137709,0.03347950577411401,0.005955646535915115,0.0015878498674383485
"CA-HD007, USA",0.026315769544562027,0.04691849416166103,0.010376913910521908,0.019462924941586978,0.01517627463889866,0.05227287700728604,0.011571094756771216,0.03699539929178913,0.01970911770741515,0.06525739585515941,0.10590292990804294,0.05121518652774802,0.0018168388085368899,0.030200973318398255,0.03295077160432866,0.03061222464328906,0.03516589638380435,0.12943245542423137,0.10668454070850603,0.029668877164753863,0.058221230699766056,0.03570191277864208,0.025392367520911365,0.013526657314683457,0.00945087537870592
"CA-HD031, USA",0.008087869125973689,0.012607009901715432,0.006046125002690305,0.01122727004303695,0.020712306295602934,0.04804784505379603,0.005200526021385491,0.018617740222173634,0.01613513557594014,0.029186991345044107,0.062426300190064184,0.05414581606534665,0.08119235334209234,0.03193230007514004,0.06339412795277008,0.06047939185181994,0.04352041955169583,0.11209289949349456,0.09214149592025468,0.05442651071513073,0.0594951290673334,0.06372910857720725,0.024395981206597278,0.012735018995639844,0.008024328408054407
"CA-HD003, USA",0.012895999608347291,0.018746673194980936,0.010669018111806376,0.01550122799338788,0.020980045543547206,0.0643196897038411,0.0047605712686005575,0.03572231997636089,0.020348522216250036,0.0368474488880693,0.0930131771465871,0.052357126584874215,0.03657968225493786,0.03455113303502635,0.04265625709682473,0.05135867306132947,0.03896801597690554,0.11665922338328144,0.0937155651560473,0.04218115756778246,0.06409427669882482,0.047723810531074294,0.02445423109462266,0.011918629963889588,0.00897752394280085
"CA-HD072, USA",0.035744464324742514,0.03805446406961211,0.00923802766190779,0.03507975237915885,0.015895381016892345,0.05711960872793079,0.021905926032042753,0.04783597282878119,0.01372453525760204,0.09110265273493448,0.17604710587316663,0.02556799236887432,0.0015707094662374833,0.015250985044684912,0.0180533831954424,0.02882629788103887,0.019142058338554216,0.0949052205714408,0.12432009444115778,0.018294223420046204,0.04298737257697529,0.02483308933997787,0.02860175566665447,0.01077893688311408,0.005119989899029755
"CA-HD058, USA",0.014627152552763641,0.017973663448250375,0.0041121808640790175,0.014413669009370224,0.0164314775299193,0.04709083468268485,0.005839487169884841,0.02294089634256424,0.01773826823426297,0.03415035811593453,0.0726712215033841,0.07789285350317603,0.005504990771987554,0.0353934214676429,0.07488858999516976,0.07829304355734372,0.049521287322077376,0.12923114281930312,0.09273532341568103,0.04497575106257839,0.05474287321342161,0.03882302287186163,0.026374259050094707,0.012157827944711685,0.011476403551852447
"CA-HD035, USA",0.0069646187073698455,0.009804354394769683,0.00429041265524505,0.007458222697543168,0.01574567321776613,0.044338128789987045,0.0037451170060031434,0.0141719360788201,0.012412329710500141,0.01835050063338886,0.04614548045237521,0.0678891264644399,0.15318051035182995,0.03630738051137576,0.06833605978599812,0.051902654452317974,0.0536096098814059,0.09858595430303495,0.08648401375376373,0.05068525599706459,0.05978706203262186,0.0479933094476415,0.021876473165922453,0.010022713602232412,0.009913101906582468
"CA-HD071, USA",0.030147563415387473,0.03466984643421765,0.009159885838297084,0.02369970278945399,0.01703993930390972,0.061670077425845626,0.013532983597823423,0.044183610242337336,0.01611776881703551,0.07595275936262147,0.1466471023067664,0.03346493658141739,0.0017960251061253493,0.023425639771911304,0.022769789876980855,0.03318871046797519,0.023133952063929392,0.10724710130580115,0.12468119972762459,0.0211081803750394,0.05173522782292546,0.026132434290987328,0.02869689739476368,0.014490656706651613,0.01530800897417171
"CA-HD021, USA",0.03367484119678952,0.08895762597064427,0.029846644052082476,0.025782017408687193,0.011255101270364741,0.04771319497116814,0.017716908551611146,0.04044387170366759,0.01087461837552049,0.08023216959983698,0.15942413390683194,0.0385322339324918,0.0027350864599163856,0.017145681144715146,0.021111277311812025,0.026686061303982187,0.02820859874494845,0.09210251012917131,0.08077120928861978,0.03782808538918716,0.04636093073915784,0.025110035425063792,0.024454742044126777,0.007867747003284301,0.005164674076318566
"CA-HD056, USA",0.019311465297851424,0.02181456826188364,0.006175048393433816,0.021039318774685314,0.017577981390728834,0.04984170198736431,0.007464477838156572,0.032779043955486586,0.016948508531338745,0.055533659816188206,0.10121099464917578,0.043690814679252184,0.003431400390487149,0.025734937702843037,0.04948720488267039,0.06722821577526858,0.04550020495592456,0.1405214672992485,0.1091591713598134,0.03013600808746487,0.05339180084554915,0.039175599849845345,0.023640929052455087,0.012546753384048634,0.0066587228388360654
"CA-HD061, USA",0.01525732369564757,0.025328679921149958,0.006566474835467365,0.04858770298706779,0.01821246516186801,0.04796912166407941,0.012627551627463637,0.023953045526760124,0.015776746965443213,0.05176006975373779,0.10742490932116786,0.04488197362872205,0.0017191131668085806,0.021412782708605003,0.03984704734892677,0.0419116986203957,0.048855473567895796,0.12168005152591017,0.09432333123297565,0.05514975803471567,0.05567409465029311,0.03744657202615763,0.03380979140468403,0.02370552648110531,0.006118694142951778
"CA-HD050, USA",0.014008705014774915,0.0190165604270134,0.008729070999622739,0.01284930724811419,0.01929645889824842,0.05579777689862431,0.005750355320050801,0.04851085297229767,0.020954719660811676,0.03688541405823344,0.07724696906036799,0.05752478065890146,0.002730775597505746,0.03529221249007336,0.0906510160257135,0.04841800947996689,0.0563655310731698,0.12418951140785642,0.09795297580157986,0.03087243098834225,0.048513481868586,0.03556982330717773,0.028273972104378032,0.013707051452452683,0.010892237186136662
"CA-HD045, USA",0.0070078991370852925,0.01278098456428829,0.0053958869227483846,0.011351019547340267,0.01748394836555558,0.04768058820098814,0.0042180291451881895,0.02539594522386571,0.02006272743544981,0.030501258040635394,0.06322351770464074,0.07245553813627631,0.004415792434717335,0.03952654616439422,0.10857764745253444,0.06515371634580673,0.061909588842157734,0.1197830741864445,0.09015958350629615,0.04269555436579555,0.05387325233687573,0.04218672262122695,0.025151339042021516,0.01782666005908234,0.011183180218584719
"CA-HD013, USA",0.01444294873189919,0.023979346428918694,0.007206098532560202,0.011859074089520728,0.018488723731940982,0.04970338013371347,0.004989833290231047,0.03200810781928017,0.019301911794016163,0.03667328877866896,0.07536154267250134,0.06535315828050996,0.03315065976074578,0.034271312997886785,0.07067912448696281,0.05930109740272412,0.05489654701858193,0.10946609585155696,0.09063933016082866,0.03736619172032626,0.05865310574482245,0.03994238175002249,0.027164434108781874,0.015559619270795516,0.009542685442203566
"CA-HD012, USA",0.01940773781658283,0.034351826219211706,0.013478384666240783,0.036791922147895506,0.020158245167758135,0.059315997375716065,0.0199099925303003,0.045800491869925755,0.013459734418997856,0.07040123667829805,0.15209146915261773,0.049662705422657105,0.00800841597193525,0.01672942853218686,0.020872549215680915,0.02936180877655649,0.023649995071990948,0.09328657111288383,0.11329625051252548,0.03678051597886212,0.047253535994346584,0.026981978273277512,0.031099145555595967,0.010290579784185152,0.007559481753770867
"CA-HD038, USA",0.023451875439114547,0.020918111239047354,0.008271196817751302,0.018181655838976803,0.019044698780993942,0.05072733047873167,0.008156666068239605,0.026861989059331178,0.014648361348135686,0.04186568631899825,0.08127564978079983,0.05287730529628511,0.06844543545428307,0.03692891180125749,0.035430966872232676,0.06280747025523147,0.03499299130626973,0.11170014074267233,0.08980866349249936,0.05139593160570035,0.05793369916709709,0.0385939653419068,0.026702299272685286,0.012266085970617792,0.006712912251141303
"CA-HD018, USA",0.027321731326720874,0.050360381974123555,0.01993744946149515,0.048956624859467314,0.023860388949736352,0.06428079235310168,0.020089245404896313,0.03383655223087248,0.011352138737919593,0.06973031951791726,0.12770420573102328,0.04437457215403347,0.0030117291357303747,0.01581964473955954,0.03190487100100814,0.0361082361912583,0.035881070183348414,0.09379232180956115,0.07821592866908761,0.03627525775347946,0.05266938425249785,0.030590285812295333,0.025902779654341124,0.01487996096558976,0.00314412713093569
"CA-HD068, USA",0.017250830685380823,0.020881448398991843,0.005899960409742616,0.021029018868733883,0.014780092636775578,0.042452832475271124,0.007303949228731359,0.021283228950986256,0.01652490316689138,0.042883876054441536,0.07453529113900055,0.06599088316829521,0.009834812493801531,0.02948096944671366,0.04592699219510588,0.08579777128208815,0.035543390555299946,0.12066847939940481,0.09400398542281954,0.07846123196154768,0.07486459676560764,0.030319452790016074,0.029454174915118005,0.010276874641180895,0.004550952948053882
"CA-HD041, USA",0.026889761033717083,0.029691677259026366,0.018246239369506846,0.040985809710078466,0.02444238576294203,0.08973295543793144,0.020909901616142944,0.04883629779096966,0.018926086637303694,0.0686767963802985,0.13691139280581271,0.03245789668112937,0.0015856801571109992,0.019676814068345462,0.022843731315682934,0.026532372622363822,0.025819321574619067,0.1002391582894509,0.0963834406295166,0.0337685031855636,0.04308139932183883,0.027349788913936118,0.023348694541961035,0.012002418642734762,0.010661476252016888
"CA-HD039, USA",0.010685064082213782,0.01468284001501856,0.0034739798312574005,0.012767588112395797,0.01688491929369694,0.048590815082856606,0.003387848099903923,0.0193737692566449,0.020622144748337377,0.023412719371344863,0.06100904110416081,0.08113441158834168,0.004570662794368661,0.04329757489415399,0.06844530479387455,0.06406518108460284,0.06535274357600467,0.10805444288491688,0.10840431019402404,0.05144690144520182,0.05046672045099829,0.06560668485815957,0.027177736962738612,0.01620936907166831,0.010877226403115177
"CA-HD063, USA",0.02011107310421501,0.025653011376495543,0.007124221999331114,0.019698450636841645,0.019973394379142324,0.07145904289472678,0.008407310220863823,0.041020618337241514,0.023756386793513228,0.05475654672269868,0.1162901963630756,0.048518027087896175,0.0031076201811095303,0.03141528968384758,0.03829581319694283,0.041700752422223784,0.035433128025133154,0.11702137717936188,0.11578513216201439,0.025922582090524098,0.04822252594070333,0.02816266521884494,0.02386608539170965,0.015633158888556188,0.018665589702987283
"CA-HD048, USA",0.015982247056881727,0.021128460165853107,0.007307148351781507,0.018599402314043695,0.016757037902955244,0.05045514467195795,0.005442354412796322,0.03052797038438398,0.023528098380016408,0.0470331201765332,0.08384018807044699,0.05453797008382573,0.003635169989781912,0.031237715294749967,0.05044637089161355,0.06752409354204639,0.042059236884374886,0.13945522837266228,0.10072114219163311,0.04097516632983368,0.058059592126996934,0.04329775896235729,0.028843684018519947,0.01145938214270765,0.007146317281246568
"CA-HD036, USA",0.008914248604791954,0.00923183005725009,0.004900407555536353,0.008577040563396561,0.019540681079278324,0.050599249518584785,0.006212472129836691,0.020318218899504532,0.01550704536366425,0.03074856598285194,0.07052729273440589,0.06945854154814694,0.04781137930812604,0.04175653575727548,0.04454966273355923,0.03620966279638974,0.03899646121287074,0.1032466376458885,0.11092947778090358,0.06854042651331962,0.06517504708246234,0.05515367923181881,0.03068577778381257,0.01977472495198836,0.022634933164336644
"CA-HD069, USA",0.0218807313358271,0.02860152694720201,0.009959938931350418,0.035306829738132255,0.019499365873540456,0.058535637525633295,0.011095033504960614,0.036359890397471825,0.018225524367117645,0.059205800461764,0.10113330891835973,0.04092023893715504,0.0022325262938688575,0.02296286006821689,0.04494578570579584,0.046372815242582306,0.04148750843404247,0.11903746080064588,0.09349308432447118,0.035228359331872086,0.06192529952873119,0.04156853997014533,0.02763254068893839,0.014032142519973638,0.008357250152201593
"CA-HD024, USA",0.08407175739883006,0.16957155395185067,0.016354257036189968,0.01945282429545539,0.008819578106074862,0.0390661021631842,0.006839023922571494,0.0322785275250382,0.01437011113410926,0.07190510903776312,0.11709283796190885,0.02527288818834379,0.0013486066139938482,0.022153271274660675,0.02287054922325524,0.05150617734531747,0.02113913661013487,0.08236158960936883,0.06745794043801577,0.021394668108144464,0.036229519420822406,0.033517789240542994,0.021042315799425185,0.010194887303942935,0.0036889782910554704
"CA-HD009, USA",0.01561919640878004,0.01611519788615701,0.007261308636887044,0.010857600004932756,0.012834431892521151,0.05535320095978643,0.006021639007947783,0.03187991365816426,0.020216343876224604,0.04236829724748222,0.10114586399192813,0.06870582119321884,0.04000876585765991,0.04234040307278719,0.050964005142976276,0.06026476516014727,0.04860976743639162,0.10691204256195139,0.09264703612906502,0.034702008458044956,0.047720507361072105,0.03532597770173821,0.02332286897550433,0.015087486029350762,0.01371555134928053
"CA-HD053, USA",0.013389179622300641,0.015976439046971564,0.005241504266382999,0.014181783578694783,0.017761394918225377,0.046277198636547986,0.005192454789894227,0.024678756759860532,0.016453407030982335,0.0419784286892819,0.07233248340752979,0.06287555644544272,0.0058801700753946615,0.035799075929368276,0.08590927540676359,0.07769591437980598,0.05091570666914335,0.11782739845891622,0.09675956888040409,0.04372796994614784,0.060574393563249784,0.041849033293681025,0.023384403734718413,0.013446227109363235,0.009892275360928722
"CA-HD030, USA",0.021944015986341416,0.030079737278125185,0.015521305557671356,0.026509583427245142,0.01746736357995463,0.07307186759123478,0.009387509005106678,0.04461284159362392,0.01687140084640631,0.05513540295010677,0.12545903003217837,0.05039738205234959,0.013794918180568366,0.022996794542711706,0.023426545780236736,0.03331372616982341,0.023054844521731514,0.09636780507718302,0.10366411660121173,0.04145053899334817,0.07457458050884949,0.02988526075174779,0.028720648593720612,0.00966430136369036,0.012628479014832895
"CA-HD037, USA",0.023370610160828316,0.03003931791395638,0.013179852016793897,0.020896854795753067,0.016639681094489028,0.0666857511113079,0.00907298280223485,0.032611775007103536,0.01577377600090487,0.04273218450289806,0.11020799433774192,0.05025456755211836,0.059835027044844086,0.022372102169363434,0.029858183035143177,0.035603065063018705,0.02894865107836264,0.10222261141616198,0.08973299098801074,0.05140011363603056,0.06438221963018569,0.039309765927953176,0.027493906803350576,0.010302435449674682,0.007073580461770318
"CA-HD014, USA",0.029041048774192058,0.05075229975008963,0.035834308119373895,0.04271622169997591,0.021180854355701856,0.08436234388262462,0.021850850536454313,0.034929774168167074,0.012097550195396448,0.06277312288424967,0.12635508148180374,0.04199223955759846,0.0026170222478490114,0.01601295762870633,0.026654938223932067,0.026334625131051993,0.034240583319378556,0.09254518088333641,0.07882828841381402,0.040709288473946635,0.04763487078376655,0.02789903958033681,0.028579781725047406,0.0100802748310041,0.003977453352202391
"CA-HD004, USA",0.017491154566152908,0.022039425642092457,0.022246399558639975,0.019648139024628836,0.016473432602521352,0.07629966000767659,0.012455420128024091,0.03840072078720347,0.014561062818821236,0.04942029130860254,0.11643540531002108,0.048502571068727386,0.028904852015914227,0.029548031796447983,0.038062783686705536,0.04307270199852189,0.03252815539493622,0.09749969745250135,0.0848673870357468,0.04014544640438378,0.06474889060137848,0.037774667451501466,0.030079190467667064,0.010297591918052422,0.008496920953130675
"CA-HD075, USA",0.03327079694487304,0.039933759607116516,0.013221647102030961,0.01959425525470058,0.01356789440402314,0.059240366531589685,0.012281033958182043,0.03656425041659889,0.01890253334335379,0.06522890011568915,0.13158210047108335,0.056017323904297464,0.007504421880781239,0.031817709902913924,0.02211565290820358,0.038257926345886366,0.027956978291095492,0.10323162184228779,0.10350987005424986,0.032199953121157,0.04839961485944989,0.02693812477131577,0.033970418233998545,0.013649094528116053,0.011043751207005965
"CA-HD055, USA",0.02089065415963756,0.040158408682703435,0.01339997333592623,0.0798665502432148,0.01991912160127639,0.062326417092445685,0.023987611324608808,0.03674889229367288,0.011938036791029285,0.07065115664155315,0.12257325681091796,0.03299769250307412,0.001868328623694122,0.013306157346699335,0.017477673738485938,0.026883457006743307,0.030703737341412043,0.09989554299290741,0.09119078937577901,0.04453315441377743,0.0585659218184799,0.03246959064758971,0.03060179994234212,0.013084212739055745,0.003961862532973523
"CA-HD049, USA",0.02232626198603682,0.03455947856328042,0.013135303144836321,0.02630504458105417,0.014106930552310597,0.0537069966758109,0.013705119994443068,0.04418877026190427,0.017246371672379714,0.0693499016729408,0.10776951964083734,0.03189196455186064,0.0022327833087978258,0.020115753156901006,0.031189846270426633,0.050792077365984865,0.036012492721311996,0.13248482121142113,0.09673208372987165,0.023532982428587115,0.06342488593795984,0.046276285653818174,0.03623925146410563,0.008164640378909219,0.004510433074209701
"CA-HD023, USA",0.06272855802748306,0.12937880918867395,0.040635766198263534,0.03055525149103391,0.011673562532778235,0.07975273897161013,0.02136398950643269,0.04439711721815964,0.007318695795360654,0.07923519187920841,0.1853395208076374,0.019335454778767577,0.002730852441506475,0.008622727676157842,0.011853450293854192,0.01573112116448316,0.014401619892962786,0.06590209182240318,0.07337538323911201,0.017583699009757158,0.03007525738815868,0.01756095678364458,0.020572601631120915,0.008072185214100495,0.0018033970473294002
"CA-HD066, USA",0.04430252672611374,0.04428507673814636,0.009472946340828771,0.04327268055810088,0.01784478428501139,0.06075893988282814,0.021765300541386427,0.05220257661164949,0.014475588168317541,0.07903259297234695,0.16845997444422564,0.022546636098474584,0.0013377656590214464,0.018306818110894425,0.025448296963461053,0.02471136244136098,0.028817985127190988,0.10664677175560969,0.10302837842377031,0.014323959376158147,0.03495600676370066,0.022229974361895825,0.024115202484637735,0.011115148800740233,0.006542706364128691
"CA-HD028, USA",0.05194795908390633,0.07480268328734653,0.017063559946556162,0.031024973329566392,0.014987509100030971,0.07401272484573072,0.015231675506257642,0.03951524991152335,0.01295776368699474,0.07491221664042275,0.16806267361456634,0.034797475093480246,0.004537012748950052,0.017259957036407626,0.01650307286636337,0.02351608381748122,0.016728846842714303,0.09017934381000176,0.09074654197081558,0.021933754219861285,0.043413439219399094,0.022892956683090805,0.026231811808244628,0.01066713340425001,0.006073581526037995
"CA-HD067, USA",0.025728585695505735,0.03369196146690961,0.008613410715269889,0.020768262721599224,0.018495828760940164,0.0513353003789317,0.008355543155499261,0.042816629494162574,0.02129832250438523,0.05798748234080388,0.09256457115660006,0.04959425979589026,0.003171960942573034,0.02565691815805023,0.036218973069676336,0.06411658553798152,0.03165165263991998,0.12388233443748442,0.10199409147233746,0.03526981534588943,0.05853419204368166,0.03709518508173336,0.03378492076315112,0.013002707640481736,0.004370504680542106
