longname,Silent %,Boomer %,Gen X %,Millennial %,Gen Z %,Gen Alpha %
"CA-HD034, USA",0.04986189965966816,0.2164131469924358,0.17442600948897755,0.2055583166963198,0.21261549548757422,0.1411251316750245
"CA-HD027, USA",0.03961393033636248,0.16012769479699204,0.17381973466828127,0.22016827765684938,0.24359599229898954,0.1626743702425253
"CA-HD011, USA",0.05785016652465977,0.23198824242225372,0.18801787800040834,0.20909987454440995,0.1910634547500422,0.12198038375822605
"CA-HD032, USA",0.057457377064654445,0.2079753534996512,0.17552739482230362,0.20954934569363548,0.20558905776175337,0.14390147115800203
"CA-HD017, USA",0.0645542064062666,0.2062666230982426,0.20933061469171602,0.32414191984946666,0.11821853845347234,0.0774880975008357
"CA-HD006, USA",0.05292526889078424,0.200255856134052,0.1818384503681045,0.25607208844665175,0.18367999028517457,0.12522834587523285
"CA-HD016, USA",0.07615042839251868,0.22606088044762343,0.23047134056375457,0.17006850205369814,0.18076341930181553,0.11648542924058959
"CA-HD042, USA",0.0752656955316148,0.2574013303445172,0.20367251152554106,0.16697977911772008,0.19408430489717465,0.1025963785834322
"CA-HD047, USA",0.10543450548449432,0.2678872656770498,0.1714635645353759,0.1726881650978346,0.17168884807126975,0.11083765113397562
"CA-HD020, USA",0.059964769838561575,0.2269105491177201,0.2027095071986669,0.23022956828993943,0.17220132849757802,0.10798427705753401
"CA-HD052, USA",0.05850888442636554,0.19144058596370164,0.1998570908537629,0.27441816389419593,0.17312523430423024,0.10265004055774378
"CA-HD010, USA",0.05108758340604136,0.1969851404919442,0.1953900920498611,0.21174518405797207,0.20818005014843344,0.13661194984574773
"CA-HD040, USA",0.05595579867519098,0.21333442514230394,0.20972875833456386,0.1990698784626417,0.20322116812041988,0.11868997126487955
"CA-HD033, USA",0.04003247698835337,0.15876413566996392,0.17347704601605454,0.21507041272458996,0.24867731847847566,0.16397861012256262
"CA-HD080, USA",0.05058046131933819,0.1870271159009532,0.18971951621016486,0.22882101892067788,0.22111044366037816,0.12274144398848773
"CA-HD044, USA",0.0660392605013775,0.2224706965905963,0.2125411291993737,0.2512821512597271,0.1487571527395363,0.09890960970938915
"CA-HD001, USA",0.08663943271122948,0.3029734826336022,0.1725018371514039,0.17859768756706618,0.16048064745819568,0.0988069124785025
"CA-HD078, USA",0.05355605912710064,0.19546249756038916,0.18232215514206165,0.29301706377473424,0.17144028149915352,0.10420194289656082
"CA-HD015, USA",0.05493502963964378,0.22191666182552644,0.19914579636380875,0.2095481694163037,0.19338026027063007,0.12107408248408733
"CA-HD074, USA",0.06153274478569351,0.2190658063149691,0.17924871352298782,0.20812808724805398,0.2160411355908793,0.11598351253741625
"CA-HD064, USA",0.05258269774304249,0.18860640584683958,0.1957741073314998,0.2192846278968233,0.22081829558231245,0.1229338655994824
"CA-HD077, USA",0.07051624674442238,0.21327904938863088,0.19643900212757376,0.24871663110672546,0.17809707740081732,0.09295199323183018
"CA-HD002, USA",0.0722537343409754,0.2722862899183817,0.18640704464994579,0.1864188053744248,0.17521658700752435,0.10741753870874783
"CA-HD043, USA",0.044991204944312434,0.18776545978964124,0.20253992767690493,0.22955512445950926,0.2139112925608564,0.12123699056877574
"CA-HD054, USA",0.054328902824042125,0.17201148773116876,0.19333506023654348,0.2786125355560312,0.19225329872052993,0.10945871493168456
"CA-HD079, USA",0.04782448658226455,0.1849876209666305,0.17979195721521227,0.2449040488311121,0.21307005672455714,0.12942182968022353
"CA-HD008, USA",0.07830764242766147,0.24955450414947866,0.17327194317202277,0.19143007176155263,0.18579831569456362,0.12163752279472084
"CA-HD057, USA",0.02878989733950486,0.14774719095848154,0.1854285590965185,0.2408847918950683,0.2585372367073485,0.13861232400307813
"CA-HD019, USA",0.07430762409534666,0.2206236832900529,0.1909764077684264,0.2876939642959166,0.1418430273821332,0.08455529316812417
"CA-HD046, USA",0.06059914680783185,0.2092541394247232,0.20745904568400725,0.22601628874817206,0.17805521102214766,0.11861616831311793
"CA-HD065, USA",0.045589888243748385,0.18298985165070222,0.19289394235695215,0.2185189759068139,0.21779146037729877,0.14221588146448458
"CA-HD073, USA",0.04257821548278986,0.16935260002731856,0.2065585845405005,0.2510947844260754,0.20892870444042527,0.12148711108289052
"CA-HD029, USA",0.042633757853458465,0.1756382301820946,0.18941143600519536,0.2080265709877208,0.2339615205648933,0.15032848440663735
"CA-HD005, USA",0.08440773145557814,0.2546893795794564,0.1961579895047886,0.16947437506424123,0.18205774004105427,0.11321278435488118
"CA-HD025, USA",0.050728868315667794,0.19313339022045223,0.20383612500001932,0.2279752788059602,0.2138417180495806,0.1104846196083199
"CA-HD051, USA",0.06809750231697416,0.19886389559398704,0.1921591347840271,0.30413818554104805,0.16530030271401758,0.07144097904994615
"CA-HD007, USA",0.0604571763425841,0.21912385819052405,0.18991831559722802,0.2188949868249379,0.18709683830570611,0.12450882473901968
"CA-HD031, USA",0.04152085843382652,0.16161651448647565,0.16641040677408908,0.22707463823322996,0.24068009090536924,0.16269749116700957
"CA-HD003, USA",0.06659221098597104,0.2250737934871668,0.16330675625419647,0.19921527642984438,0.21838741692981672,0.12742454591300467
"CA-HD072, USA",0.09411769687023834,0.26379646084954816,0.20565810585071634,0.18645837001594448,0.15412382216320356,0.09584554425034919
"CA-HD058, USA",0.039177588852161986,0.16354439976548274,0.1918872248190941,0.2297920325935489,0.24000622024515783,0.13559253372455446
"CA-HD035, USA",0.03100346624466065,0.1407550967451819,0.17120514047468838,0.22987977591591954,0.2604615861423038,0.16669493447724568
"CA-HD071, USA",0.053453833871783304,0.21260905841833075,0.21117734488114429,0.18143597835997047,0.20648605376414333,0.13483773070462804
"CA-HD021, USA",0.06568226302415345,0.20832077506520835,0.20888527101410578,0.23530608446048687,0.16333725812684988,0.11846834830919568
"CA-HD056, USA",0.06637825288057315,0.227816720847246,0.20207284811913068,0.20220283310797582,0.1921489593526437,0.10938038569243065
"CA-HD061, USA",0.04550541431759148,0.18683465084674175,0.2028377066495658,0.24662914641643968,0.18980519638540963,0.12838788538425167
"CA-HD050, USA",0.03885283672037352,0.17379172012546157,0.19253227318540606,0.23630957005462,0.22406935214001192,0.13444424777412692
"CA-HD045, USA",0.03464696331833584,0.15878860044196963,0.18009418633438312,0.23122110360923412,0.244469615394686,0.1507795309013913
"CA-HD013, USA",0.04519535501266183,0.1736438915381028,0.18655436590935862,0.21097652955761254,0.23914971925344838,0.1444801387288158
"CA-HD012, USA",0.08433260900690287,0.26805188489849635,0.20075277861195676,0.16937029047001412,0.17697697030473292,0.10051546670789704
"CA-HD038, USA",0.0580784510913871,0.20643034022134546,0.18693580101994833,0.2150753269211152,0.20502290674847629,0.12845717399772758
"CA-HD018, USA",0.050251438864721214,0.19429612840418717,0.2009186447342127,0.2867255622429831,0.15588379398526028,0.1119244317686355
"CA-HD068, USA",0.03927085637321151,0.164072590795269,0.19129021081094638,0.24940973544593054,0.22848539768248521,0.12747120889215735
"CA-HD041, USA",0.0767980642819326,0.23755261763600027,0.20440057170548495,0.1964361795034137,0.17894422906833796,0.1058683378048305
"CA-HD039, USA",0.037434789550047205,0.1634718622054451,0.18110837985473777,0.2047667580805227,0.25309882879359236,0.16011938151565494
"CA-HD063, USA",0.05332157191898613,0.19216333637754257,0.19804720846873225,0.20220585682127049,0.2206436219848691,0.13361840442859957
"CA-HD048, USA",0.058101757140652466,0.21154950924753577,0.19921905111683733,0.212628811766662,0.20859917106954506,0.1099016996587673
"CA-HD036, USA",0.06568333501360331,0.21145092954553532,0.1828956395829496,0.20529799396413645,0.20540174792234359,0.12927035397143175
"CA-HD069, USA",0.04827328888173546,0.20647750705024384,0.19984884951264606,0.2438222198729911,0.19344524897952342,0.10813288570286007
"CA-HD024, USA",0.05507950903310367,0.19833556457019966,0.21163528725407932,0.24974662485613466,0.1628348727869153,0.1223681414995673
"CA-HD009, USA",0.06085770768967685,0.22066461014222244,0.18724350023711908,0.20085600424776426,0.19822529380412285,0.13215288387909443
"CA-HD053, USA",0.041088206466183164,0.17729826221592557,0.19564538306781698,0.23039743783997313,0.22346988285387792,0.1321008275562232
"CA-HD030, USA",0.08298983675010962,0.2618500396763398,0.1654145159226291,0.18377228742880924,0.21035189264452991,0.09562142757758237
"CA-HD037, USA",0.06650684537627904,0.20337760665538748,0.1653758863053942,0.18878191699263855,0.2547525599270992,0.12120518474320145
"CA-HD014, USA",0.05793635937606535,0.21751623600908723,0.19273229747445786,0.22295905145904715,0.20480761333611455,0.10404844234522789
"CA-HD004, USA",0.06832291390811032,0.22542511839175158,0.17448353258611252,0.1881114662603445,0.23318535545255298,0.11047161340112811
"CA-HD075, USA",0.06729557886966052,0.25084562571618024,0.1939815503065732,0.1837883315310461,0.18327785723583798,0.12081105634070201
"CA-HD055, USA",0.061186752018759,0.205338805515966,0.19912183452369528,0.28144676396101737,0.15207683246115272,0.1008290115194097
"CA-HD049, USA",0.08174142449223008,0.2329363419324243,0.2070767968018974,0.2017324702237166,0.17366322656078845,0.10284973998894302
"CA-HD023, USA",0.07627573710950636,0.21994270237710384,0.21102691382269478,0.1961912763855163,0.18477348834419258,0.11178988196098615
"CA-HD066, USA",0.07510936609279267,0.24309845852706036,0.21462871476621379,0.19276382866682604,0.15667966214722226,0.11771996979988499
"CA-HD028, USA",0.06162193505655903,0.23136121711366747,0.21424552614130501,0.17458201630482223,0.20753922413488451,0.1106500812487618
"CA-HD067, USA",0.06262909277524562,0.20576986295143798,0.1920821971800076,0.21526300988472954,0.20180681722862934,0.12244901997994995
"CA-HD026, USA",0.050400523481734655,0.16845325709194248,0.1951862500854401,0.3089574067618901,0.15621890844065023,0.12078365413834238
"CA-HD059, USA",0.06493215215439782,0.23542671367695622,0.20761480562511048,0.188534753693408,0.18930163937675656,0.11418993547337089
"CA-HD070, USA",0.06833537819784992,0.21946738232522223,0.20768456992433795,0.19807068041481493,0.19657266930340775,0.10986931983436715
"CA-HD062, USA",0.03875839277569403,0.17286258113510097,0.1992742722419491,0.23271384235056794,0.22649048901441296,0.12990042248227507
"CA-HD076, USA",0.05872410874166852,0.20650828655928138,0.20496979726306686,0.20081967747714152,0.1950174981116509,0.1339606318471908
"CA-HD022, USA",0.049804402276858076,0.18900434027861007,0.1808298152513046,0.2121016062513641,0.22369543469371345,0.1445644012481498
"CA-HD060, USA",0.03800156848826937,0.1658404269994322,0.1836531800354083,0.22267197262804642,0.24726589453526931,0.14256695731357433
"AZ-HD002, USA",0.05090972067296754,0.20361647137959657,0.19076852746235773,0.25164922725283045,0.17403308922244,0.1290229640098077
"AZ-HD021, USA",0.055573794872210765,0.1933874616660003,0.1684226648174678,0.2081448288667732,0.23172628922024285,0.14274496055730515
"AZ-HD004, USA",0.08803246370978654,0.2752572290328075,0.19385676193589158,0.20031684074688555,0.1463837526450471,0.09615295192958181
"AZ-HD008, USA",0.044570589670749665,0.15209517874027015,0.1442361080138409,0.3136416244795268,0.2602749022984288,0.08518159679718353
"AZ-HD018, USA",0.10475465666058736,0.2737748920842091,0.16504598865374687,0.1939774601318399,0.16845095028266138,0.09399605218695554
"AZ-HD025, USA",0.07310162015543732,0.19714880790832118,0.1782268699274874,0.20419462272703215,0.2064064460628842,0.1409216332188378
"AZ-HD014, USA",0.03386279038127418,0.15786245042404656,0.23270565537354576,0.18837934451409963,0.23724617775648563,0.14994358155054827
"AZ-HD027, USA",0.05361117760953031,0.22933928767112907,0.19096565331455853,0.2027984207645071,0.20428087047766008,0.11900459016261508
"AZ-HD007, USA",0.10192102643199229,0.29664442551665554,0.1450025849147303,0.154416328054535,0.21180050907812006,0.09021512600396674
"AZ-HD029, USA",0.09251838863453492,0.22083117115875872,0.1925981534321056,0.17871654474098048,0.1976501640410016,0.11768557799261867
"AZ-HD015, USA",0.04888531204379851,0.19579593546434307,0.19839990850396236,0.19469886876895734,0.21633596489242274,0.145884010326516
"AZ-HD017, USA",0.10610625838869418,0.2899533017669944,0.16872979271848615,0.15812629063784187,0.16977502896414773,0.10730932752383546
"NJ-HD027, USA",0.0678234501347709,0.23773163746630727,0.2147742587601078,0.17597708894878705,0.18648079514824797,0.11721276954177898
"NJ-HD019, USA",0.05577277199001085,0.22002202995064282,0.20753979264939587,0.218411825542971,0.17918674166939938,0.11906683819758007
"AZ-HD005, USA",0.048385950939045456,0.18999840182362854,0.19486133795764154,0.26534872904688506,0.18371295092297515,0.1176926293098242
"AZ-HD012, USA",0.042155798614010184,0.2144485263421558,0.205189112465559,0.24461467813308843,0.18041245720965182,0.11317942723553477
"AZ-HD020, USA",0.053131473588278445,0.185297889141966,0.14946679691233916,0.21215843945287716,0.29390098105972207,0.10604441984481708
"NJ-HD025, USA",0.06487596193003153,0.24365115683500355,0.216903939242547,0.17587838433539188,0.1932046701624313,0.10548588749459471
"AZ-HD022, USA",0.027856527173177353,0.13488897885287573,0.18480850920196484,0.23894271582459495,0.2489718920966613,0.16453137685072583
"NJ-HD022, USA",0.06156130191440634,0.21743843237156102,0.20416116610501187,0.20961884798204955,0.17870744885004872,0.12851280277692254
"NJ-HD035, USA",0.05263448088660047,0.1892296534437201,0.19601996802062965,0.21073302315323378,0.20928674128519745,0.1420961332106185
"AZ-HD009, USA",0.04635511184772966,0.1738631005679685,0.17585201022324487,0.2399091448749586,0.2195227190431971,0.14449791344290128
"AZ-HD030, USA",0.13625915714029058,0.34342690058067826,0.14809896247723836,0.14758820159487332,0.1381409852494294,0.0864857929574901
"NJ-HD023, USA",0.07814040914033328,0.2586291185866368,0.2074907913923752,0.17074065020777315,0.1888670673218756,0.09613196335100599
"AZ-HD001, USA",0.12514122141306772,0.36634560638319597,0.14905039859518834,0.1340621730115458,0.14275884214164775,0.08264175845535443
"AZ-HD013, USA",0.0716836532905062,0.20601732967409786,0.21650160212501082,0.19820887502378745,0.18754043009008278,0.12004810979651488
"AZ-HD011, USA",0.029241725231018617,0.16440207749763738,0.19301198292533364,0.22991831065142707,0.2381644126662766,0.14526149102830663
"NJ-HD024, USA",0.0640388297336334,0.27581371132981763,0.2108427664505727,0.16578213697893923,0.18258120318430687,0.10094135232273017
"AZ-HD026, USA",0.03418275236967565,0.1472216662276287,0.18349805809147468,0.21382027899832723,0.26291422051307856,0.1583630237998152
"AZ-HD003, USA",0.10636998817088987,0.332926999053434,0.20657888977214958,0.11557079685807337,0.15134141392697564,0.08721191221847761
"AZ-HD016, USA",0.06754008891390918,0.22001651230361285,0.18262234701983437,0.2046718521544708,0.2081976332463304,0.11695156636184233
"NJ-HD001, USA",0.08189998908727661,0.25819083834898887,0.17679451341845256,0.19056133370268705,0.17693721826286232,0.11561610717973256
"NJ-HD033, USA",0.05897807456968279,0.19111114933286322,0.22076788455501997,0.24297711138153,0.1699855091782371,0.11618027098266691
"NJ-HD005, USA",0.058711471787251876,0.2111140744127371,0.186522904204925,0.213404283240836,0.20015832497258945,0.13008894138166055
"NJ-HD031, USA",0.05065486832857823,0.20616500028994328,0.195645894443348,0.2319208781387405,0.17534822526630528,0.1402651335330848
"NJ-HD003, USA",0.0644253732625466,0.2491452330635878,0.1969872686974898,0.17758964314554232,0.19875693692764979,0.11309554490318369
"AZ-HD010, USA",0.11864765278928141,0.28419565982314005,0.16805747861669676,0.1684040505391463,0.15717496275609064,0.10352019547564488
"AZ-HD024, USA",0.03218358059708247,0.14103364782098188,0.17848456107192381,0.22362001221453517,0.26120218286469105,0.16347601543078552
"NJ-HD018, USA",0.06111482204638098,0.22785856198403726,0.20790514849450212,0.2067190764909396,0.1662855821601069,0.13011680882403315
"NJ-HD006, USA",0.07341085671067106,0.24188239136413642,0.19337011826182618,0.20489119224422442,0.16526574532453245,0.12117969609460946
"NJ-HD015, USA",0.05964816068414153,0.22875553765606121,0.20645924199449875,0.1751056117771056,0.21352859015775358,0.11650285773043932
"NJ-HD004, USA",0.060678427445240476,0.24047111590444153,0.2022871033733063,0.19748093367229028,0.18376430509548142,0.11531811450924
"NJ-HD034, USA",0.059989429175475686,0.20646033341420303,0.20012217100474822,0.2277102900911517,0.1783176792707864,0.12740009704363497
"NJ-HD036, USA",0.054611740275314076,0.20206233587010355,0.2020162064290743,0.22751170665456086,0.19556804024424215,0.11822997052670509
"NJ-HD017, USA",0.04991186965306737,0.18676325179484976,0.17981600103176992,0.21120760070504277,0.26062078156571084,0.11168049524955935
"NJ-HD029, USA",0.04119425711480147,0.17384383124326802,0.19794699207952485,0.24604084387017516,0.20754586392009447,0.133428211772136
"AZ-HD023, USA",0.05094933346067942,0.18854553271029223,0.18416129759692773,0.2025101475512598,0.23406945849309962,0.13976423018774117
"NJ-HD002, USA",0.07134152423660232,0.2605591961176333,0.18673698179815337,0.17661038854025266,0.19087869338757313,0.11387321591978523
"NJ-HD039, USA",0.08355450144884723,0.24563081033975495,0.22187808069014459,0.1352659863803497,0.20091437520664213,0.11275624593426137
"NJ-HD032, USA",0.03899828833985661,0.13378948119679657,0.1687693304114314,0.41597220698027293,0.12419314493211207,0.11827754813953024
"NJ-HD008, USA",0.07731985438003806,0.25520785188086575,0.2028164238823164,0.18091115099158797,0.1833272319272978,0.1004174869378939
"AZ-HD019, USA",0.11675485288706157,0.26027209307931026,0.15912483016356077,0.17366847922732365,0.1702303840925503,0.11994936055019344
"NJ-HD009, USA",0.1524558501132401,0.34219585300294647,0.15881264696029276,0.1390088148991027,0.13143196740001006,0.07609486762440777
"NJ-HD040, USA",0.08522430881585812,0.25827247435228656,0.2083072509128847,0.14790905929403583,0.18567640410363415,0.11461050252130064
"NJ-HD007, USA",0.06960976739916332,0.24412377984009512,0.2104335966357902,0.18127652877894396,0.18163061011273776,0.11292571723326966
"NJ-HD013, USA",0.06809437288413367,0.2716044695976655,0.2152849958177383,0.14826566168035532,0.195116647976319,0.10163385204378822
"NJ-HD021, USA",0.07158567147438706,0.2386349695939433,0.23042007675995865,0.14054257724189903,0.19775766285203555,0.12105904207777642
"NJ-HD037, USA",0.0791728575247963,0.23787797106403868,0.20386660179962218,0.201569957792592,0.17268659136830017,0.10482602045065065
"NJ-HD011, USA",0.0814773210328205,0.247626715782618,0.18753136541651835,0.18881969491447678,0.18073831623637546,0.1138065866171909
"AZ-HD028, USA",0.1738825537460847,0.3185771532260472,0.1619884618857602,0.1272076853035857,0.13249170952716957,0.08585243631135271
"NJ-HD028, USA",0.04661980612835362,0.1914493722272811,0.20850397656674038,0.20579910375856206,0.2054940766425486,0.14213366467651425
"NJ-HD020, USA",0.05193279908161688,0.20343069077422346,0.20498046228227035,0.209581208468552,0.2039075435459302,0.1261672958474071
"NJ-HD016, USA",0.05812548946732681,0.23550181185871485,0.223298865984399,0.16162045210188886,0.21908225705828477,0.10237112352938574
"NJ-HD030, USA",0.05678439335702371,0.16445626949017333,0.13719722242367105,0.17708862136485604,0.232363659438683,0.23210983392559287
"NJ-HD026, USA",0.08806549666082403,0.25225089303543297,0.20832908078365245,0.1713607419404939,0.1815357990725744,0.09845798850702225
"NJ-HD014, USA",0.09563171501927842,0.24815043432364492,0.20651619655940529,0.1812798010430924,0.16467173004839733,0.10375012300618162
"AZ-HD006, USA",0.0490432359506289,0.202552056691847,0.1734201635249815,0.20665258163603295,0.22954971229999024,0.13878224989651958
"NJ-HD010, USA",0.0873090719855006,0.2728964316797215,0.19803721748180847,0.16713983472854027,0.1789497097431204,0.09566773438130871
"NJ-HD012, USA",0.0638303473653332,0.25844637625956135,0.2044473441564467,0.1775860457701068,0.17974559957814026,0.11594428687041158
"NJ-HD038, USA",0.07299653265653294,0.24527433389502445,0.20175932348375497,0.17865100538434547,0.18995267338181088,0.11136613119853131
"TX-HD095, USA",0.04122936718390343,0.16589507928762345,0.1848728818660145,0.23205272968233334,0.2216324608398286,0.15431748114029664
"TX-HD144, USA",0.029224379485773274,0.15554015493738468,0.18687308834067812,0.21185111136671553,0.25825993489727433,0.1582513309721741
"TX-HD077, USA",0.07897325660059565,0.21498742939841162,0.15089298408489357,0.1977369338635547,0.22454208184675165,0.13286731420579273
"TX-HD020, USA",0.07284182526154692,0.21447395202858024,0.19792789034461175,0.1967625706897586,0.19614298390206975,0.12185077777343276
"TX-HD122, USA",0.054446878810025384,0.2014438960006616,0.22176487190804767,0.18609179682128404,0.1995651864882643,0.13668736997171696
"TX-HD078, USA",0.05512593355474119,0.18592706413054103,0.19431804028761282,0.20632511559690525,0.22660699481132632,0.13169685161887343
"TX-HD047, USA",0.04356688878768488,0.20258578751439443,0.2526175624110289,0.20880763156453538,0.16861427039121996,0.12380785933113639
"TX-HD148, USA",0.029430551682736433,0.1696818536772551,0.196930145826915,0.24885037782201094,0.2241157141411931,0.13099135684988933
"TX-HD136, USA",0.030582543900536347,0.15056227784248208,0.225397734298099,0.25817721344340033,0.20397799241763043,0.13130223809785177
"TX-HD049, USA",0.030806452310344595,0.13758080998522887,0.16980136641501412,0.32929944964445584,0.25480727744467435,0.07770464420028222
"TX-HD051, USA",0.025526037065192252,0.13371048086430326,0.18704262634664676,0.3340235394652908,0.21058214446082904,0.10911517179773778
"TX-HD046, USA",0.023489363671279784,0.14090539395335225,0.2206553216544561,0.27947110310178774,0.18803872739169863,0.14744009022742544
"TX-HD118, USA",0.04888902445618031,0.1919873537843338,0.18259284828537695,0.21934632971869425,0.2152748060570813,0.14190963769833342
"TX-HD074, USA",0.048120130099068556,0.16753940373992907,0.1772164988662287,0.21209159166865577,0.2408395347091799,0.1541928409169381
"TX-HD121, USA",0.05562016612718599,0.20264128505202306,0.21021235371197045,0.21639687333764324,0.1938962397751358,0.12123308199604148
"TX-HD135, USA",0.017972685021760193,0.14710510125746615,0.21200218016650912,0.22706127806006043,0.23783769858649634,0.1580210569077078
"TX-HD117, USA",0.03342141869276405,0.14617344394482534,0.18273616646228205,0.24438337469024807,0.22957663029326714,0.16370896591661332
"TX-HD014, USA",0.036184846662519844,0.13423193616918658,0.13347176222749485,0.2207562737669616,0.3606774044142399,0.11467777675959714
"TX-HD019, USA",0.08295536430622656,0.29272675311946583,0.196257800447252,0.15340626891500234,0.16912269894910212,0.10553111426295109
"TX-HD018, USA",0.054119963670285785,0.22034101290931665,0.1927692102525908,0.18468749488048472,0.20856718446804107,0.1395151338192809
"TX-HD017, USA",0.059031316825549095,0.24424925555089233,0.18765113815776324,0.1751603813178248,0.21135359833723044,0.12255430981074006
"TX-HD085, USA",0.06763142564117079,0.2298692800739583,0.17953634128780566,0.16605495184327074,0.22897227382055993,0.1279357273332347
"TX-HD127, USA",0.03789014885686825,0.19377889575348156,0.2164125019550994,0.19785076393526707,0.2112427883882679,0.14282490111101576
"TX-HD007, USA",0.06576773542534353,0.22644262635655849,0.1760681815933441,0.18861232848253415,0.21139063937556266,0.1317184887666571
"TX-HD125, USA",0.04201652925431288,0.18028030747172077,0.1818319221042196,0.23532202574922959,0.21793280912341134,0.1426164062971059
"TX-HD131, USA",0.030875046571695472,0.1650683749267733,0.19864658779691594,0.22517470351493207,0.2293771343252514,0.1508581528644319
"TX-HD048, USA",0.04458927922206081,0.21337273586704283,0.20636271935452588,0.2711420426814047,0.14716647607610892,0.11736674679885685
"TX-HD012, USA",0.061053903300667046,0.22006096266374114,0.18720406016494193,0.19486161615845815,0.2288199978322237,0.10799945987996805
"TX-HD003, USA",0.048954848949845885,0.19849609500925403,0.21940106522591293,0.17498244148365202,0.21755360221962,0.14061194711171507
"TX-HD090, USA",0.03674017372020212,0.16543218363130321,0.17684058694890104,0.21741102508055993,0.24868683942239841,0.15488919119663533
"TX-HD063, USA",0.034887234695433075,0.197921380413108,0.21930232275783407,0.23321254727533283,0.18718221056497983,0.12749430429331235
"TX-HD061, USA",0.031149320741845263,0.14778250253499456,0.26415645934079607,0.18787925829485574,0.21146702968010267,0.1575654294074058
"TX-HD065, USA",0.033000161528647806,0.19673721458436255,0.23216198627659554,0.2306102562093379,0.1884789495286905,0.11901143187236554
"TX-HD139, USA",0.039255884116421266,0.18952849529842694,0.18426158956014563,0.22117804252313936,0.21243816825345155,0.15333782024841536
"TX-HD050, USA",0.026244354193704404,0.15209885630811132,0.1905781635641127,0.3308847100216006,0.16848768255556165,0.13170623335690929
"TX-HD129, USA",0.05475910080762012,0.22192287021576923,0.19258032856961285,0.2112064094130944,0.1965705279892099,0.1229607630046935
"TX-HD119, USA",0.047929027505771576,0.1963620434273344,0.18497016538966138,0.213025039760219,0.21431786258621854,0.14339586133079504
"TX-HD052, USA",0.03131884757086116,0.18078666005226876,0.22935582666369334,0.2159080069092223,0.19399311605898462,0.14863754274496976
"TX-HD141, USA",0.02966389614775657,0.14491296261198625,0.17600612786632838,0.23566817056211908,0.24224228479069607,0.17150655802111361
"TX-HD045, USA",0.03123490553532244,0.15472547665826492,0.17373134943993188,0.2285000088634366,0.28012401734483433,0.13168424215820976
"TX-HD079, USA",0.04906753097036602,0.18076844174938247,0.17221738668583295,0.21784132545970417,0.24754630396338365,0.13255901117133073
"TX-HD073, USA",0.06564003641736557,0.2677913630274594,0.20030191411105042,0.1672385490004975,0.18356987364522478,0.11545826379840236
"TX-HD147, USA",0.03649613871156332,0.16028487261086047,0.16745203646521495,0.2796657125968959,0.23020679771242042,0.12589444190304505
"TX-HD067, USA",0.04680959787820447,0.18046443862814054,0.2188824276277351,0.2162468791439026,0.20756802741615313,0.13002862930586434
"TX-HD143, USA",0.035272021838068934,0.1623373801425626,0.19544632700946432,0.20183862067259561,0.24505010889933004,0.16005554143797848
"TX-HD075, USA",0.02666401996887625,0.13076690747756298,0.18475058918666795,0.2304183433957431,0.25048532228938,0.1769148176817697
"TX-HD120, USA",0.04438536125389758,0.18685356154042057,0.17643007224395496,0.22920272912637288,0.21191179411180244,0.1512164817235515
"TX-HD015, USA",0.0428928397123706,0.20064351598595326,0.2120330314067096,0.20900812621976786,0.19461384880961982,0.14080863786557882
"TX-HD056, USA",0.06409359172138286,0.20717354819180278,0.16795087092382657,0.19145068883877842,0.24069605682769696,0.1286352434965125
"TX-HD009, USA",0.07375897166579139,0.2598344461950134,0.18677070047765523,0.173651436716933,0.18950158801610523,0.11648285692850176
"TX-HD026, USA",0.03486572712478444,0.17100994411242265,0.2505884309896318,0.18204927813136032,0.20845860311526548,0.1530280165265352
"TX-HD116, USA",0.050349866619519464,0.1537180428545742,0.15645716090117426,0.2767255997193698,0.2448207813883551,0.11792854851700717
"TX-HD053, USA",0.09803133990390167,0.28290765221844544,0.16677126690130592,0.16531021082386493,0.17753086543723734,0.10944866471524468
"TX-HD024, USA",0.0524434294369577,0.21371204930972088,0.20417226211280246,0.19320700749199318,0.1965857769499264,0.1398794746985994
"TX-HD149, USA",0.044492401473468245,0.17429966632587393,0.2001003924659172,0.2279262196842094,0.21655420954989701,0.13662711050063425
"TX-HD066, USA",0.034244650860650004,0.19523292070334605,0.2389145189846857,0.20452104453290046,0.2054055238519411,0.12168134106647657
"TX-HD115, USA",0.034351696845894196,0.16516519814108055,0.20833161397746883,0.2971404750778887,0.16061836364368326,0.13439265231398448
"TX-HD076, USA",0.03526370239131312,0.19184777501973507,0.2133117998368368,0.1998662156658172,0.22620866727529224,0.13350183981100572
"TX-HD138, USA",0.05186740200070844,0.2059083497444777,0.19724288450645702,0.21664211358328467,0.20439866392004913,0.12394058624502294
"TX-HD023, USA",0.05034541307063757,0.2282919110496654,0.18776092368314404,0.20585456199952423,0.2004771519660753,0.12727003823095343
"TX-HD028, USA",0.044538137893100106,0.19536375000614162,0.2134664953135647,0.18928542670454704,0.2145870867326243,0.14275910335002226
"TX-HD027, USA",0.03225975929891881,0.2140268946850372,0.19924926911055738,0.2051008231309282,0.21157844571279702,0.13778480806176144
"TX-HD123, USA",0.057730654071791086,0.19024030826158336,0.18823172761700163,0.24337945641032724,0.20206312182563801,0.11835473181365869
"TX-HD134, USA",0.05277719066768224,0.20545717147243867,0.1790213572918835,0.29972807646983946,0.1548647045272441,0.10815149957091215
"TX-HD132, USA",0.03197894881973324,0.18709767425605728,0.2047229084071936,0.21644459660876875,0.1945058329431359,0.16525003896511137
"TX-HD043, USA",0.06113652268278583,0.19966733942534914,0.1764013833811702,0.20411464619316627,0.2246675929776164,0.13401251533991218
"TX-HD002, USA",0.07140466763801864,0.23951892334385344,0.18369879164500003,0.17960057869238175,0.19837204153816848,0.12740499714257766
"TX-HD137, USA",0.030333411899221074,0.12559763382392405,0.18074921294998827,0.31174199852998496,0.19305396328833743,0.1585237795085441
"TX-HD004, USA",0.05537080787820304,0.2110386558786608,0.19182373865707253,0.1957803489051022,0.20700515881854756,0.13898128986241384
"TX-HD093, USA",0.019970651845951773,0.15091216512423675,0.21998620085307735,0.24072157982001183,0.20880294118171894,0.15960646117500327
"TX-HD150, USA",0.03137586082132895,0.16156764348457306,0.20482661916911224,0.2393170090353093,0.19905194506373852,0.16386092242593792
"TX-HD059, USA",0.06616090331686662,0.21227531238324546,0.16692785088629666,0.21013740711528084,0.22535182033293205,0.1191467059653784
"TX-HD001, USA",0.07852848085058436,0.24093744558370123,0.18100013315988406,0.18595777807368863,0.1891689798928575,0.12440718243928421
"TX-HD099, USA",0.04664699610822763,0.2008589772252663,0.19507124287612435,0.2345413813960733,0.18652920560970548,0.13635219678460295
"TX-HD124, USA",0.03299240006608531,0.15168464678793467,0.1763614254399748,0.23021068872723222,0.2529640794897553,0.15578675948901774
"TX-HD089, USA",0.03414165966570473,0.18450801882248355,0.24183969617155973,0.1750280181591031,0.22943717202506575,0.13504543515608317
"TX-HD068, USA",0.08613567183649805,0.25985650094216556,0.1777276209802663,0.1698952229101526,0.18869711966537595,0.11768786366554158
"TX-HD142, USA",0.023572404369005314,0.15223532009289947,0.2081705784161616,0.2384314906668055,0.23220412715452862,0.14538607930059927
"TX-HD035, USA",0.03679977807066345,0.12712671399409087,0.17243712006394227,0.18343172375245428,0.2824987914253839,0.1977058726934653
"TX-HD128, USA",0.045814860021465946,0.1927935149512948,0.19097828975594608,0.20359089149084234,0.21922771143597147,0.1475947323444794
"TX-HD064, USA",0.05054719067742378,0.19676859705013247,0.16715943493179175,0.2137779216472337,0.2688040072669811,0.1029428484264372
"TX-HD130, USA",0.041655649486735266,0.1870939700647155,0.22034050149376394,0.19404400726139506,0.2054116475427553,0.15145422415063475
"TX-HD080, USA",0.04670385664305694,0.16561715418267853,0.16961702460969075,0.20297427279924038,0.25329768528639934,0.16179000647893405
"TX-HD008, USA",0.06879239433139457,0.2283676792902241,0.19081313025764166,0.19744583958853518,0.18712953796613604,0.1274514185660685
"TX-HD010, USA",0.04663694782534684,0.20397480636649928,0.1990701336283939,0.19585177461911651,0.21925802195931568,0.13520831560132776
"TX-HD044, USA",0.05530743087892514,0.20624005666051787,0.19610247519780968,0.20302118955374557,0.20444827349270867,0.13488057421629307
"TX-HD146, USA",0.04706982330935469,0.17211251679058975,0.1839400998690146,0.24480348840301125,0.201983794422324,0.15009027720570584
"TX-HD105, USA",0.029950975164788562,0.14458269150183561,0.19757681816869246,0.2570308126549021,0.2138046929812439,0.15705400952853732
"TX-HD071, USA",0.06512149414638255,0.20061799882085404,0.16003221595216036,0.20887728459530025,0.23789269771751032,0.12745830876779246
"TX-HD106, USA",0.039463496127785505,0.16413810955852726,0.25165775594491663,0.20363193150988623,0.18857522241070662,0.15253348444817771
"TX-HD033, USA",0.03950035769227153,0.19323624342574625,0.21157814582290865,0.21309274040564358,0.20927672310404,0.13331578954939005
"TX-HD016, USA",0.05421804020184064,0.22685555817591654,0.18953604795566337,0.19520932412697722,0.2001736557704548,0.13400737376914743
"TX-HD101, USA",0.020963236908552393,0.15514601612642787,0.2036431270869901,0.21503867585266054,0.25700993613684137,0.1481990078885277
"TX-HD030, USA",0.07542944462008641,0.23203182632521868,0.16868479291811572,0.19003056170302454,0.19873010854673834,0.1350932658868163
"TX-HD133, USA",0.061599579468443674,0.18992542021879746,0.19524104792669655,0.25993775155716653,0.16503431821257994,0.12826188261631585
"TX-HD034, USA",0.06363037073527254,0.21229261772241842,0.17944644680841734,0.19973013161076703,0.20395973722568933,0.14094069589743535
"TX-HD097, USA",0.06135713539224903,0.19543567529555791,0.16441860171906345,0.2238072855501789,0.22305393703836254,0.13192736500458827
"TX-HD041, USA",0.05413369899700585,0.16089781117599494,0.18807627988811934,0.21171158227905962,0.23826613851229966,0.14691448914752053
"TX-HD058, USA",0.05426119274727163,0.213956560969322,0.1910769528228925,0.19501912004812236,0.21040646214660136,0.13527971126579016
"TX-HD006, USA",0.06612961140982702,0.21116699319400226,0.17848624242917605,0.19545702848217697,0.21525457541076026,0.13350554907405746
"TX-HD013, USA",0.07318649271476027,0.22905784846796762,0.16718184715864448,0.17945929235282038,0.22402584775580026,0.12708867155000692
"TX-HD145, USA",0.0428381830121617,0.19253032680238039,0.1811808211286486,0.2653463703565206,0.18688294378800055,0.13122135491228826
"TX-HD126, USA",0.0472465434300653,0.2105554486866721,0.19054563181092252,0.20354685440124115,0.19856101592610603,0.14954450574499295
"TX-HD096, USA",0.049984207111277004,0.21437417360871183,0.21658917059935498,0.17320616731350386,0.22671542972169062,0.11913085164546175
"TX-HD092, USA",0.031320705846863084,0.15384728294997474,0.1847860303054085,0.2802883918510864,0.2088598882994797,0.1408977007471876
"TX-HD021, USA",0.06958675239613162,0.2314080945731889,0.18827765928701698,0.1880001839813831,0.19006642972683885,0.1326608800354406
"TX-HD102, USA",0.03676198477584994,0.1669747940569414,0.19322898833905056,0.24738556831166747,0.21018189852239857,0.14546676599409192
"TX-HD082, USA",0.042319613325530483,0.16544747166048943,0.16969027028198627,0.24441337754947223,0.20841732232264776,0.16971194485987384
"TX-HD084, USA",0.04762630555410875,0.1499582966695856,0.14524037156595182,0.2130036331460494,0.3263164829127508,0.11785491015155361
"TX-HD032, USA",0.058979214009748294,0.21808666330976065,0.18058578542997722,0.21000614022750508,0.2073753626745756,0.12496683434843311
"TX-HD087, USA",0.05386954764892282,0.19395589204823377,0.1743369983624338,0.20818889432381277,0.21401076114927373,0.15563790646732312
"TX-HD108, USA",0.07551470066972793,0.2238358479463345,0.18735645834847586,0.22869498082265324,0.16867332710610947,0.11592468510669884
"TX-HD025, USA",0.04951594390003474,0.20104711380251314,0.200400515800533,0.22162139566660152,0.18871535234550088,0.13869967848481665
"TX-HD062, USA",0.07169683038171398,0.2470294946093826,0.1783490357324009,0.18349143652669408,0.19617746408953066,0.12325573866027778
"TX-HD091, USA",0.0479229327379189,0.20551028961372708,0.19521432751599596,0.21138314211846215,0.20989600954526558,0.13007329846863036
"TX-HD036, USA",0.05458559901444237,0.16278976526502115,0.17507067376908647,0.18138328294220207,0.2611556439409816,0.16501503506826623
"TX-HD057, USA",0.030423573377695416,0.16984966199676674,0.2313143237072495,0.22164120609640361,0.2022346675639427,0.1445365672579421
"TX-HD072, USA",0.06573283999093861,0.21277008878005632,0.17327213298669916,0.2070096331215413,0.21533208918997637,0.12588321593078824
"TX-HD022, USA",0.05341222270488954,0.2064212231276392,0.17730755239529217,0.2208802946924454,0.20720187289398279,0.13477683418575087
"TX-HD039, USA",0.05366082635628827,0.15325759528645458,0.1694195759834913,0.18648997174942514,0.2663997730486921,0.17077225757564854
"TX-HD140, USA",0.0289910774838476,0.15520160732675436,0.1837153214285127,0.216694455537259,0.25416191962311263,0.16123561860051383
"TX-HD038, USA",0.047837214587117656,0.16640025305784553,0.1811410349355588,0.18452436309734727,0.26022974700842594,0.1598673873137048
"TX-HD005, USA",0.08093430279837854,0.261809370455835,0.17516632875744745,0.16451303234485568,0.1899523594522953,0.127624606191188
"TX-HD088, USA",0.05936263948290832,0.19746277775991253,0.1699413662625548,0.19857220953789756,0.22503242542153049,0.14962858153519631
"TX-HD083, USA",0.06200785931447892,0.2140311451691219,0.17546084832798198,0.1980662129950112,0.20705388404688185,0.14338005014652422
"TX-HD094, USA",0.06562344738128358,0.22186988558568133,0.18942644000493497,0.2047178336939571,0.18517966669927424,0.1331827266348688
"TX-HD060, USA",0.0609444273736886,0.24154997585707388,0.19462490672051272,0.17987028664237742,0.19560159782274703,0.12740880558360038
"TX-HD070, USA",0.0591174593640848,0.20526488130079776,0.20608484864422702,0.22652918214295495,0.1875996094136884,0.11540401913424711
"TX-HD069, USA",0.07005900892919466,0.22448628941758886,0.1689029923272284,0.19442878390060297,0.21840283930134288,0.12372008612404224
"TX-HD104, USA",0.03815821999368601,0.16508565415977985,0.19648801128915253,0.19920471299066975,0.24666433751709024,0.15439906404962153
"TX-HD011, USA",0.07079006143315462,0.2315339007107393,0.16890636130407538,0.1777865853985121,0.2306287391474342,0.1203543520060844
"TX-HD040, USA",0.03998757934865811,0.1356073375228622,0.1726596884020367,0.20975545929176678,0.2554368575220945,0.1865530779125818
"TX-HD055, USA",0.05014280328774495,0.1734749064102559,0.168833056862566,0.23449610841455384,0.21753459506978448,0.1555185299550949
"TX-HD086, USA",0.05759769392487917,0.20546067318320727,0.17519885563189494,0.2124558399618544,0.21015843429636533,0.1391285030017989
"TX-HD054, USA",0.03296263612761193,0.1586482441812289,0.16703866924448668,0.23332629390577397,0.24759075913643824,0.16043339740446017
"TX-HD113, USA",0.040790628195718534,0.19534964647984462,0.1923284471899641,0.20030787285994567,0.23202445849627287,0.13919894677825426
"TX-HD112, USA",0.06481150248197333,0.23093167144643134,0.20642662839491693,0.20306187668134834,0.17225411343547845,0.12251420755985158
"TX-HD029, USA",0.03733909195098036,0.18115492821256085,0.2056066165508075,0.2091665272028351,0.22178846753622028,0.14494436854659595
"TX-HD031, USA",0.05891610377108492,0.19166391753692397,0.17594790894882292,0.19533603378995928,0.22617315731692147,0.15196287863628744
"TX-HD037, USA",0.06827373783032313,0.18972400657574887,0.1731141430004391,0.18528508616371245,0.22955375160231178,0.1540492748274648
"TX-HD098, USA",0.04395446192462635,0.23147677191085042,0.23041086381615805,0.16998742914806575,0.19954474906376513,0.12462572413653429
"TX-HD111, USA",0.04421651154219593,0.2086466417309888,0.18975225721177155,0.1958146147313867,0.22694153480929605,0.13462843997436105
"TX-HD042, USA",0.042352856641686386,0.15000244356140197,0.18461055227236808,0.19844777673196448,0.2538653623782764,0.1707210084143027
"TX-HD100, USA",0.03019066733476284,0.17068126765480027,0.1720101162404021,0.23861361034019962,0.2261561644204405,0.16234817400939452
"TX-HD081, USA",0.03857606254678533,0.15774210540907704,0.16537192603066345,0.23634700158030442,0.22546785328121102,0.17649505115195874
"TX-HD114, USA",0.030877356594657165,0.161929170783464,0.1836609424785725,0.3470297493958328,0.1660073168063485,0.11049546394112505
