longname,Architecture and engineering occupations %,Computer and mathematical occupations %,"Life, physical, and social science occupations %","Arts, design, entertainment, sports, and media occupations %",Community and social service occupations %,"Educational instruction, and library occupations %",Legal occupations %,Health diagnosing and treating practitioners and other technical occupations %,Health technologists and technicians %,Business and financial operations occupations %,Management occupations %,Construction and extraction occupations %,"Farming, fishing, and forestry occupations %","Installation, maintenance, and repair occupations %",Material moving occupations %,Production occupations %,Transportation occupations %,Office and administrative support occupations %,Sales and related occupations %,Building and grounds cleaning and maintenance occupations %,Food preparation and serving related occupations %,Healthcare support occupations %,Personal care and service occupations %,"Firefighting and prevention, and other protective service workers including supervisors %",Law enforcement workers including supervisors %
"CA-SD003, USA",0.016144379192666838,0.025205850556683396,0.016376560623551046,0.020029089548895228,0.018669001906485898,0.06267243580567226,0.00898382951132241,0.03920375693705451,0.020596413842811058,0.05203509991161819,0.10560815924064253,0.05939189679226585,0.013378804315799216,0.030717093985899967,0.036937489200660076,0.04498627903849674,0.035406626169659366,0.11256718072103321,0.09495739219472697,0.0334904104749831,0.06035377324337069,0.03826841826750288,0.026833950412286388,0.014074236813122986,0.013111871292789273
"CA-SD023, USA",0.02117639734218207,0.020837333394121783,0.006548936198461318,0.02325901724958696,0.01671793185298741,0.059334926403771825,0.006365471388963422,0.032515407982277054,0.02089689474533913,0.04090153652959692,0.0915824200618658,0.06709551196008681,0.003111372064905839,0.03775338578055693,0.04639307849405747,0.051980730978309096,0.05213007739322763,0.10630338805676576,0.10639024217839572,0.039315561511955636,0.046237553728961045,0.045636904139433415,0.0257297928948103,0.015850533303052555,0.01593559436632821
"CA-SD004, USA",0.016008238018509008,0.01853068398365148,0.009845936770212125,0.014746862528787005,0.01617708979880696,0.055724576601759605,0.006474245983989187,0.03486792820364992,0.018857261943055856,0.04203956857630427,0.10516980466960328,0.06328874386670044,0.02527025663569439,0.03605025210398785,0.047636021630276915,0.05481179919942541,0.03980071108016636,0.10396925802600054,0.09653681113680948,0.046571826368648435,0.056122198247395845,0.03432072347151455,0.030245100164343664,0.01545161291373659,0.011482488076970982
"CA-SD010, USA",0.07521660339727054,0.17428997302543953,0.01654415929173113,0.018457062021724032,0.009933797530183324,0.03971972941032017,0.0072947166588319705,0.03026675433868208,0.01447611458738675,0.0679453659233987,0.11210629480633012,0.028986145260592476,0.0017235346461040816,0.022559105541787083,0.02361263684182469,0.047689747864827166,0.02641162938343832,0.08352823062618847,0.0685288760578394,0.02566793396500736,0.03937906400410842,0.03284969337289083,0.019871791395590956,0.010030010412856892,0.002911029635645363
"CA-SD039, USA",0.02847266731621594,0.039514843732853605,0.016254115785682727,0.027199413303720114,0.0204599355222185,0.05924300093396695,0.015784104680227794,0.040187161983386475,0.019548699620923045,0.06466845150457615,0.10727352027839238,0.040264210966978436,0.0017665617285983239,0.023781721061008662,0.028333274845372434,0.039765585338399766,0.03127624090646661,0.10327389189420745,0.10111599325600343,0.034022036522801946,0.06769743133438823,0.03434938805782908,0.033651878437022824,0.014444865027691236,0.007651005961067862
"CA-SD024, USA",0.03074087175862501,0.04390934788066005,0.01434645033875174,0.09295005630805148,0.014615473899872757,0.058727162914342386,0.034802372041985545,0.05384302984706767,0.009817891925297806,0.09170155306346768,0.18149908212760452,0.016032161440812428,0.0012747241396519058,0.010990372448447425,0.012369681744776696,0.018217996094308787,0.019913125039598564,0.08997334134276135,0.09930629539471252,0.012154992062274762,0.03514609270505951,0.01721413611618884,0.028553740356498953,0.008192836448246832,0.0037072125609348182
"CA-SD025, USA",0.02649713930579823,0.03459415188536869,0.01667652263272801,0.04415875245756856,0.019050958539412445,0.07037693066925955,0.01940423611804487,0.05220195270873741,0.017724301669663562,0.06847865659747776,0.1260419547012572,0.028700349580420968,0.001575638121090264,0.01903817337515776,0.020578381270912792,0.03400020661867142,0.02851544638907155,0.12011051177703395,0.09687242193842281,0.024314217799957846,0.04954231821702255,0.03731774510243654,0.02925067190781322,0.00908655429826251,0.005891806318409526
"CA-SD033, USA",0.014460778849046478,0.01868601856059652,0.006533233663765465,0.023329920344279588,0.018208526107614916,0.04920762497808216,0.007406487668328176,0.023610200864102916,0.016324250260126936,0.04226363003821911,0.07420548334167844,0.057311816532344136,0.00381477052695626,0.029292011288771496,0.06288564990098656,0.08047249790398163,0.05420114421398917,0.1253805839430868,0.09880946472931679,0.04335766936148871,0.05909599150490966,0.043060740137709747,0.025197080901293488,0.01574950435914762,0.007134920020177103
"CA-SD015, USA",0.0523189552035413,0.07243767623810206,0.011860504994266786,0.01904034652164826,0.012824009226186955,0.05602850186678837,0.010601793605541318,0.031182972113635254,0.011943039095468086,0.0641827350026399,0.12897348839642403,0.05177620936209188,0.005093686752346935,0.022158702318822644,0.023823993739723562,0.04707669798344816,0.02388007686575249,0.09498506361751181,0.0851662608898201,0.03961452094337735,0.05128665425111226,0.039347700891933256,0.027476699981681247,0.012117632386159816,0.004802077751976035
"CA-SD021, USA",0.0240393305158454,0.026230934371615156,0.010720311850291498,0.019392091992042025,0.017927518604125284,0.058771212420843266,0.008687454440212322,0.030675727582022968,0.01502725638688795,0.044247363847942194,0.09739469030331684,0.05221570298234851,0.0611005263984995,0.02909134415972999,0.03189035007548366,0.04785337504554316,0.03160740433986372,0.10793531624034425,0.09048444732982604,0.05013109042285776,0.06076715846904242,0.03780320303053269,0.02734527569498338,0.011282824285920675,0.007378089209879443
"CA-SD005, USA",0.024250880558207094,0.04749440562561377,0.012872467185556975,0.014801779976792955,0.014818854704210849,0.05278467209163139,0.006695437339146102,0.036935837338082804,0.01681157117811425,0.05166799139642259,0.10888398231026891,0.054948623084005,0.02677418174473821,0.031175840446940203,0.051328975733911125,0.05142581431304709,0.0432274756660159,0.10229024461807164,0.09088059658277337,0.031027941182623486,0.048739257182577544,0.03262660765294944,0.02478619284129238,0.012971358188453854,0.009779011058553076
"CA-SD011, USA",0.026345104346621507,0.08772877093615887,0.021178637129876863,0.04730359516768761,0.013957240198422304,0.047937047181177146,0.024395733565227746,0.042602763392242324,0.013617116360591298,0.09703374451675721,0.1514209256100319,0.02095052919970117,0.0010100821068635413,0.011542463652765044,0.016635070541489792,0.02211358191778141,0.025318218406011787,0.08660403120384916,0.0909895537188204,0.027940511973796437,0.0519533906816419,0.030990903539494172,0.0262599291458234,0.010156627399545473,0.004014428107621345
"CA-SD037, USA",0.039153837646059085,0.059645824761388175,0.01411844130716027,0.03379349194906159,0.015529636117340739,0.06364955777110266,0.0178452021683945,0.046041676023754495,0.014761819131856696,0.0910406461603242,0.15500748132066788,0.024988276534061674,0.0027502509912004417,0.01406409676539308,0.01721441937917191,0.026635230627473156,0.018749993232477346,0.10176589490056107,0.11282071786561373,0.020684952881247536,0.046058756402770296,0.021207239876982805,0.026414547058356625,0.01015073584746529,0.005907273280114938
"CA-SD013, USA",0.05066819112508674,0.11264419528514659,0.034378400264412814,0.028006139676905024,0.011873155381957034,0.06202307856658482,0.019918151183121357,0.04337353921443901,0.00891588425697334,0.08053992809559178,0.17562416540369333,0.028413431177238213,0.0026750038646544162,0.01291321248310437,0.015439720601987348,0.020470505030662896,0.020686136868426117,0.0770645239357304,0.0781276097314315,0.02615959225319523,0.036592909579970245,0.01968385558805202,0.022720359019465928,0.007579231897767343,0.00350907951440218
"CA-SD022, USA",0.014813506621944096,0.0187639119306776,0.006231150612188655,0.015479458295947962,0.017203757471076695,0.04806780648951699,0.0052132376143369736,0.025225054734737695,0.020255802515060164,0.04341282861699571,0.07798757868207937,0.05969781110284758,0.004719353232430118,0.033742324204442634,0.06866448450209361,0.07411400120881295,0.04611704924139299,0.1276103069535191,0.09889599708311501,0.043044666712548585,0.05914475600536804,0.041735690444697986,0.027024173339665385,0.013709383323744728,0.009125909060759132
"CA-SD014, USA",0.007607493533486196,0.010588240200218627,0.005786408547413876,0.00947545410765414,0.0165447809362708,0.05309124801506884,0.004609820267624903,0.018075549118692736,0.018192508499656587,0.028319142119084168,0.06156228095396163,0.05900077409511439,0.11392889723842439,0.03406075954497177,0.0594246172359577,0.06240304918173877,0.048722271024582424,0.10519818417519362,0.08428722834083796,0.0496110635335111,0.05224497613494547,0.053792876144448,0.022203837641004986,0.011579412765305263,0.009689126644831793
"CA-SD017, USA",0.018537839328572902,0.025755351026039108,0.014342136343592118,0.023680001411513128,0.01652706304559276,0.06421561646654553,0.007339332314367547,0.03436226552268539,0.015127562879043899,0.045191358609154526,0.10939015071976593,0.05218775126988179,0.06165265970506536,0.02571259986376777,0.03688695675459181,0.03924055279931957,0.02994334984568242,0.09749445668246152,0.09573691303739765,0.040513434731768876,0.0633212925109411,0.034710767750507646,0.025465272228173463,0.01076202365917558,0.011903291494392773
"CA-SD002, USA",0.018258803417217844,0.024340282420648146,0.014360049873701299,0.029170140271390546,0.020377471131893626,0.056721260690120706,0.014373222588390359,0.041427913864451875,0.01490662776160585,0.055453991643685176,0.13836908790469452,0.054490974924420565,0.016966361186195787,0.02320344910962784,0.02716581941574969,0.037897832665188605,0.026993848168580047,0.09621882668748569,0.10403482291501931,0.04285514061576767,0.053215382690831106,0.038962196879394534,0.030748397331248147,0.011402325681324106,0.008085770161367026
"CA-SD027, USA",0.02325462285234453,0.03779750684310261,0.01111923892887833,0.074475690860083,0.01752640860751527,0.0570111746116432,0.02267251376965551,0.04557688485447173,0.016605709895807796,0.07898253726697992,0.13574064035455766,0.032812224571523774,0.0015022064986085779,0.021692083913668007,0.01866382563028332,0.02933381537157209,0.02309200119240876,0.10645126478478367,0.10561500577979767,0.02063926178453037,0.04488236054819456,0.029226711911588706,0.031207950832959734,0.009845368838996171,0.004272989496045114
"CA-SD009, USA",0.02741440534500779,0.05138095719757938,0.013681309256085038,0.023136610806666263,0.017842020032771848,0.05443416667887192,0.015107581711362603,0.03774351270882174,0.015331475305065493,0.07687740500849088,0.1410988650917128,0.04412294387175516,0.0021691548305614273,0.022947134225386294,0.02768699275821911,0.03283199850025187,0.030154304532073066,0.10389667784396334,0.09767190313857001,0.0337910863882207,0.04653020385362481,0.03625796157457695,0.028669128014431222,0.012576949439343484,0.0066452518865866075
"CA-SD030, USA",0.01845540871420027,0.020892007932936302,0.006064051843940136,0.02058826948823715,0.020135473740946958,0.05394008077255321,0.00746533034532786,0.033600701303648804,0.018565050057924602,0.0519092699133864,0.09548315846041011,0.0433614188073868,0.00277924338550084,0.02975295163596933,0.046618412546382146,0.06521262426491106,0.04806267439558397,0.14294982288718344,0.10885918758558925,0.029523864097869296,0.050886822895681826,0.043028216761585504,0.022167690177993523,0.012114974535066065,0.0075832934497853475
"CA-SD036, USA",0.03169924372943655,0.032789822496936225,0.008890447947003104,0.02638117001932654,0.015890662116590484,0.055247901684710436,0.017281569337659796,0.0477367178556996,0.01811422165836489,0.07452787603863083,0.13213392143409,0.035361576869758216,0.0022191818814789486,0.02093226036092407,0.02488029245852574,0.052852965383217765,0.02300498108269571,0.10544527490023366,0.11788947383924707,0.024081930373833656,0.05020956664698558,0.0310502842336587,0.03515131971398145,0.010947570653858499,0.005279767283152657
"CA-SD028, USA",0.01565646398056111,0.031016270943025386,0.009827458048859542,0.06136554414969341,0.018036104083826245,0.056367654960335946,0.019750706473335048,0.027539822534831348,0.012849668746887059,0.057462737917647555,0.10377378251007995,0.04778331922192021,0.0032769558593936502,0.018116965430266495,0.032870241828905064,0.04906626770620205,0.04035876641712293,0.10218881489525751,0.09198935689223472,0.05536747267934179,0.06040692363522429,0.03513326132989994,0.029371880079685986,0.01674374342568492,0.0036798162497778623
"CA-SD038, USA",0.03487653338454678,0.04768692093228029,0.020577882909536667,0.028271127653245916,0.014864862364705047,0.05543782561082304,0.018572657135279128,0.04426346810950396,0.013186099737071674,0.07798995044587115,0.14860902026811176,0.0340558934556209,0.0034617092701709354,0.017742463490126502,0.01991619845278852,0.035953464568921754,0.021393996893628826,0.09568375914187811,0.11537234878482902,0.030290711808453656,0.054025813465063084,0.0234850649036171,0.028987159056129617,0.009212990934964256,0.0060820772228321746
"CA-SD018, USA",0.017163085987452288,0.01838038424233727,0.007612818350150653,0.012768893296680052,0.019582015160979883,0.04696206496182434,0.007608859522587612,0.027289864385979145,0.017074416183479605,0.039324895329925044,0.07539763987164524,0.06508570036150295,0.02223238501771612,0.03480063234391809,0.03807015495069409,0.04868868214823047,0.0377116545451612,0.11050722165458668,0.10874314219480503,0.06548095308646447,0.06769083719688886,0.04881047004292465,0.026153646272191015,0.017436609925128358,0.019422972966746898
"CA-SD006, USA",0.02645380946405784,0.045901623081791076,0.010546217871450974,0.020427453517881417,0.01666047648398192,0.057591059035924305,0.013064494401320728,0.04705613424943007,0.019973304266009496,0.06998739087281483,0.11971841061995891,0.04216983244336352,0.0027306766722578787,0.02736062036319501,0.02832446006001121,0.028597187916512667,0.032726678537712516,0.11932969279663433,0.10551708300987342,0.026366554401129443,0.053563572710228935,0.033833513309075254,0.026176714063643677,0.013808827005523456,0.012114212846217224
"TX-SD030, USA",0.02287200913018531,0.055563648129633846,0.007374791651229855,0.017578777939291308,0.013054598198503846,0.06704558876681876,0.006714474128983445,0.04096936680484378,0.018960242223175553,0.07185465592759364,0.13237571996311748,0.04386585057354776,0.0032467574491606573,0.030750560860886685,0.02993752471056642,0.04458607799138091,0.033746866616922146,0.10562955102186564,0.1092594326106796,0.025758591740466567,0.051434889735484025,0.021335712368165727,0.028191952279659625,0.009796032432741056,0.008096326745096414
"TX-SD009, USA",0.025005314550412643,0.0337658856911067,0.00567584539261433,0.015642824140730295,0.012772847491999398,0.06241759267210329,0.009650674371184803,0.0331863209476318,0.015812050291962237,0.06732145043064323,0.11898059737694802,0.05486046677900454,0.0010120046247634846,0.03404007595415332,0.044489769757416184,0.048760752900374876,0.044699231005418096,0.12193822623959527,0.10660533305216346,0.027761306364237338,0.05166840527277246,0.019290080786372347,0.026246926977815575,0.011038461640283515,0.007357555288292736
"CA-SD016, USA",0.006142968489189017,0.008922182019890857,0.0047626238934103445,0.008757588045941223,0.01772230929752159,0.048243512867185964,0.0029404729011502356,0.017545026680953077,0.014839045412204986,0.01880120361423451,0.056855736032059935,0.05335808142583077,0.1512437299182956,0.0391847932826798,0.06930134493529287,0.05619814941309877,0.046787237329021444,0.09967296412688484,0.08508587452881056,0.047079651838014124,0.05469363645379471,0.044514434368896676,0.022522913997716696,0.010115831769683434,0.014708687358237944
"TX-SD016, USA",0.015523676305608278,0.03578318866891569,0.005432690164568532,0.01742392172511281,0.010098732607649426,0.04206039837461023,0.012665643326151253,0.028826427112142613,0.01253133924355656,0.06181811887118247,0.08753891525403906,0.10875622527247476,0.0007480901608279709,0.03359367951855648,0.05190236564084894,0.055938038345631824,0.04000076211686523,0.11087778277490189,0.09417357567187118,0.053936547424315,0.06007990813901204,0.025272818530506856,0.02048896438070071,0.009823264773634361,0.004704925596315743
"TX-SD023, USA",0.013262590467032173,0.0271305579330452,0.006264134918492522,0.0201050716058651,0.015036014135153548,0.05305587992883805,0.011040457605522797,0.03132851029909474,0.016326137102893733,0.0644712770826602,0.09046609966704997,0.07532363931726865,0.0017327803421470736,0.02685578169462474,0.057256920065559616,0.053135892929370265,0.050836216576432336,0.1291913084431233,0.09282485313972019,0.03880834271957632,0.04950303367871623,0.032641438377003305,0.02369428024006008,0.012999297999628467,0.006709483731121528
"TX-SD008, USA",0.0341392349976081,0.07521516548342398,0.006347265952609333,0.020888541874803483,0.012179613929655818,0.06419511278471485,0.01038065677138564,0.03842477971041718,0.017288467760113432,0.08726897505177289,0.1464531154624985,0.0377368870780457,0.0016228119514553998,0.025579459743836946,0.022392305091391645,0.03006929710085313,0.025735839343106557,0.1017294337729019,0.11106391004166506,0.025525436253123254,0.044537322306318655,0.01916542997867738,0.02457391105459312,0.010974946710099399,0.006512079794928857
"TX-SD003, USA",0.017254937017126742,0.010595666684768742,0.006841193936764336,0.008996190987372057,0.017367463017985904,0.06094727183829612,0.006635768720499285,0.033253146658227005,0.022311556365187817,0.026916238739015507,0.08360280260691146,0.08888069814086318,0.008606075788329058,0.04335146717809396,0.045683733374322,0.07669009170315323,0.04349437768670792,0.10815571081498686,0.10298993518608485,0.040598900981445606,0.055819902464393056,0.03691497158570413,0.018911001145038887,0.012535839715600298,0.02264505766312181
"TX-SD024, USA",0.019253844853221996,0.046579234045841966,0.005725801603305654,0.017524579709320212,0.017647115346200126,0.06842039335626607,0.007394795667845096,0.0379452331616168,0.0224365023408863,0.05044740674513242,0.10952025942379766,0.059327040103316936,0.004084123962678576,0.03701258648996802,0.03152828209520799,0.040544455605437006,0.037847141371497806,0.11598594438259013,0.10119463117932646,0.031077644573895485,0.05709224957616982,0.028812117849092336,0.026630809897217726,0.00998055365788832,0.015987253002279198
"TX-SD012, USA",0.02322021923710503,0.06475313858323614,0.006777408874956521,0.01910243580012662,0.014273607747270576,0.05724182867937347,0.01592043878996535,0.04012915392568255,0.013540161024700856,0.09222984098823686,0.15415196435403652,0.031370755838662036,0.001362388203985174,0.025341114218945592,0.028869661751541154,0.03415946945716144,0.033893310888755565,0.11366269795774259,0.11239700644784599,0.021356567417532203,0.04225527691559355,0.016703622946402426,0.023064103222048472,0.009098823205224864,0.005125003523868433
"TX-SD022, USA",0.016252142658636077,0.022819667370650793,0.006876316784526632,0.013065660255561804,0.01772293450062233,0.06424052120844836,0.00884985749220833,0.03292622225360274,0.018806884138959038,0.04990279146205054,0.10318764735816016,0.06129629900349968,0.0048667230229562704,0.034722418418814925,0.05143637749048247,0.06356705655195245,0.04713160926314512,0.1227477500635706,0.10142604391233419,0.030506502825377372,0.05166105872703038,0.027946318824514954,0.026597933344928246,0.010391494172271122,0.011051768895695242
"TX-SD006, USA",0.011653325148120591,0.012342201404073393,0.004614861673913502,0.008726738970897978,0.010538754449137105,0.03409893717348989,0.006459555147783895,0.015325258914182483,0.012571861131651808,0.027848055618264558,0.06085709804843654,0.15414329155777037,0.0016639552305049003,0.048687112328494264,0.056245904401754906,0.08379308367365614,0.054235709677778715,0.10233350438838507,0.0919427595963477,0.06293706926699424,0.06746556783923699,0.03002880431083175,0.022435812231616743,0.01265507936227252,0.006395698454403921
"CA-SD007, USA",0.028158155744978444,0.050547150845011074,0.027676952192813468,0.04591924798222329,0.022555901150951546,0.07406032331421379,0.020946146286871612,0.03436717214412622,0.011714678931668365,0.06634115617275307,0.12703196145287776,0.043215439282984804,0.0028196795548796143,0.01591468792973074,0.029351149434945153,0.031352095904834856,0.035084527547488885,0.0931880231833472,0.07851551037336786,0.03843483320469714,0.050221834000350934,0.029281732200251133,0.02720793929720455,0.0125435912221944,0.0035501106452341656
"TX-SD002, USA",0.020425659676521275,0.03924835646184454,0.005888439960201912,0.016567818048592624,0.013753835611741635,0.061279971314663256,0.010077344742827354,0.036491074282116974,0.01799730152932581,0.06081092403592267,0.10762962826039306,0.06469599855700879,0.002836385156257409,0.037749476064080315,0.034653498641655726,0.05029601057381657,0.03678274347171796,0.12451673273134145,0.10071967957706589,0.03325906390226884,0.04693431771131669,0.0273974557352348,0.028094847014154847,0.011655858675137522,0.010237578264792081
"TX-SD014, USA",0.03827314710181423,0.07788052292032151,0.013889300782391648,0.04157249481802466,0.014547612550050422,0.06756675573177101,0.021688027685861165,0.03628991498414896,0.011551164182610192,0.08439903223698958,0.14079844713276538,0.040752335612995856,0.0009139520912201235,0.017287838063529824,0.01855665380999797,0.02686088381627375,0.02770000106358679,0.09361374085772499,0.09615474149686411,0.028605747563705774,0.04668181838304095,0.016911299220452,0.024461390639705077,0.008383427002912119,0.0046597502512418735
"TX-SD004, USA",0.024996700968399625,0.025397462421764393,0.00955495310737463,0.015778293953372435,0.013742892358911182,0.06975264890198772,0.008018134780661242,0.03321670142648422,0.01932163582438517,0.05650430021145091,0.1198862994177281,0.0628513577962243,0.0016337717969287784,0.03924697157452731,0.03475491793307552,0.04884549631579453,0.04851396933983137,0.10899978682269752,0.10762685712715159,0.031688541303772265,0.04930869634364835,0.023024024177487327,0.02581653634741604,0.00965830183620252,0.011860747912723029
"TX-SD007, USA",0.0357487687003949,0.036600819198300556,0.010401372052729658,0.019314722991283718,0.014590518292244807,0.0718431558368496,0.011711113794353361,0.03831347292915676,0.017054700706609773,0.0789254912521147,0.136371193686387,0.038418522327954834,0.0009019820582093174,0.030336261170963337,0.025610838116017106,0.04270158454267111,0.04069290744191349,0.10916825329026612,0.11669997939913018,0.021053530033930304,0.04510352972100485,0.016567025519739067,0.024519309138117295,0.008352147786388134,0.008998800013270102
"CA-SD031, USA",0.013295913627829207,0.01699714023187248,0.004515047739710689,0.01245175070491819,0.017610797969932174,0.04565105299969651,0.004648369145083971,0.02515181052962763,0.018514182983293614,0.03395539935840423,0.06874674422138273,0.08160059257500846,0.005048170361924496,0.03638562147908765,0.08233223871748403,0.0695642516058911,0.05519516356692604,0.12718131696199114,0.09281540682843792,0.04451358313663104,0.055178785146111395,0.04098131687875959,0.024929110087856827,0.012526371556087153,0.010209861586051368
"CA-SD040, USA",0.04450849784313142,0.059992137506486784,0.024465022036695015,0.02160481183459145,0.012259441156282726,0.055838042361653926,0.011440942548812297,0.03874743626590875,0.01782566215009987,0.07017814384077793,0.12439280478141045,0.04553015910786077,0.0065333286440929375,0.026167907291218553,0.02567521024798437,0.03906694783858398,0.024092760379887987,0.0961774492620766,0.09302207646362491,0.03649761620350805,0.04898966547543195,0.02959744799245753,0.030549735211575835,0.009609820396716677,0.007236933159129455
"CA-SD019, USA",0.010236510261699574,0.017763289656630273,0.007970572664199517,0.019500444212892726,0.0208171772285851,0.062087668561948986,0.00650500539738722,0.04656125921262107,0.022583736178561867,0.039647183419749175,0.09533068285443852,0.056680077195462926,0.00411910182507296,0.04004882202015982,0.04353465637815295,0.03603649622049808,0.04028119637520726,0.11161451346538039,0.1038345647690768,0.04921348854467502,0.06408623028647975,0.043388652272441035,0.030853339143155262,0.016279033701655194,0.011026298153868571
"CA-SD035, USA",0.012565972235035049,0.013651522199166058,0.00430265112218074,0.01811004217768432,0.0183738646750303,0.04152349755484617,0.006014960311576331,0.021141613702439978,0.01688771625465012,0.03225571197034441,0.06499394813624008,0.06259188587444942,0.004211187956712589,0.03057405736613758,0.06838347377183064,0.06619952429233067,0.05931644417629096,0.13364658897405596,0.09273552341047801,0.06454359326895129,0.05977457150119676,0.04841257963875735,0.03021405335525841,0.023168164337077444,0.0064068517372794145
"TX-SD015, USA",0.033470992597847894,0.031928996227398,0.014627457018986885,0.018911308429603483,0.011098140293533197,0.05627668842928305,0.023053032459130218,0.04384698366381687,0.014874685026303527,0.0718533785135853,0.10919644197360176,0.07384065174615079,0.0007460822126606316,0.026053644542187507,0.03643919381575297,0.047596645773209226,0.038412984840629064,0.09723843890504966,0.0985583224844108,0.0388790496887248,0.050823546191565316,0.022954027737610152,0.024091357878370988,0.009921962823450337,0.005305986727137565
"TX-SD013, USA",0.01808279076254117,0.02308454731432472,0.011885423525397492,0.011744322459397532,0.015608622425977542,0.052359332458321244,0.008340466914637992,0.040743497542048285,0.02039713896676778,0.047274114587694586,0.07401537994864774,0.08907237017436435,0.0016237626662681819,0.0334940741428501,0.043153318971754215,0.04627018344160248,0.04719246399449773,0.10543895573623485,0.0917023414275834,0.06635692880288419,0.06521773894190903,0.03737424778296494,0.025999598217675814,0.017954868460693017,0.005613510332961703
"CA-SD026, USA",0.01268907310185628,0.019452930306547184,0.007618425601249337,0.08094598173288656,0.015401506830577364,0.04253430390062194,0.01575430214494762,0.02457652881133003,0.01156063704889254,0.045247783585416465,0.08587651885311563,0.06304132900708027,0.0027527494864680872,0.02055050505914732,0.03819508216633929,0.057785200139685126,0.03424047203038837,0.09991854168447036,0.0941652538801005,0.057784469812625104,0.0830740871483009,0.043217549716627474,0.02950670914743341,0.011517295721677409,0.0025927630822154897
"CA-SD034, USA",0.017086607832112292,0.021457973383002427,0.005900136590771096,0.019714316359868523,0.016375997816363203,0.042155136942162046,0.006188398045312218,0.02336784238065579,0.0178646226223544,0.04455947619186468,0.07404376132455745,0.0641842832068355,0.007417166400143405,0.029468014310299592,0.045650138956646505,0.08624982587764565,0.03765545827552929,0.1254168748792885,0.09752354069401367,0.06391395666584082,0.06929867240316184,0.03626674615316489,0.03143876265149025,0.011759446913187388,0.005042843123728692
"TX-SD018, USA",0.02744501156614795,0.02952299768588305,0.008698380064636003,0.014535654006536185,0.014267763768160293,0.0630255619480117,0.008341088570487591,0.04415870249208815,0.021406218892788653,0.05967885072396499,0.10933853022789372,0.05681435458189169,0.006356316325091243,0.03455201583529565,0.03298032623020206,0.052670081555525564,0.03959128982482034,0.10724280294844046,0.11330170367297385,0.03192779551941176,0.04625641790822883,0.02785048126897197,0.02788581898115716,0.009194630151678875,0.012957205249712212
"CA-SD012, USA",0.021613719312240435,0.021510191177953813,0.012691342906349013,0.016058519250283763,0.02654499839571855,0.0822713118165396,0.01060945245523421,0.050658850982818984,0.018967770491679675,0.04454442695580193,0.10811265492556327,0.047178305605496774,0.01594775833783539,0.032132991418009745,0.03205025076645827,0.03625903364532699,0.03741409667968169,0.11254420451277632,0.09931073554988147,0.026962458198393793,0.04824530696627703,0.03468990369721959,0.02906539219167985,0.013565481529626604,0.021050842231153326
"CA-SD001, USA",0.01339121127568202,0.018427129955137872,0.010970412347613333,0.017986905442834232,0.020396465044378958,0.060204396467885855,0.00634020069872321,0.03754158863263809,0.021529705593569495,0.03794014306634257,0.10030790597125952,0.055696471968866276,0.0275774404760672,0.0370426562483728,0.03812346148857053,0.0452274711634261,0.03710997850761406,0.11650016782351579,0.09348646327971712,0.04181087069148309,0.05864061853970755,0.04957858915432816,0.02619086121808243,0.015437630280577304,0.01254125466360623
"CA-SD020, USA",0.01250945021652737,0.019181083577185374,0.005234195217026556,0.04369645117883828,0.015640372952803735,0.044068273423426396,0.0090499491852178,0.023591625675220072,0.019404708258186583,0.04167034740030451,0.0781188849708509,0.07457894177382422,0.0043588665593011595,0.02991280941743486,0.03894171835689349,0.0664647444201315,0.040115024070451796,0.11535713876356189,0.09559806185926774,0.0683929419802163,0.05754624657814427,0.04802011249190303,0.033075075330958936,0.012214610784574042,0.0032583655577490215
"CA-SD032, USA",0.02313328808629675,0.025742387880452182,0.0077950238926662,0.02028261216159466,0.01829937987819652,0.06681688059604105,0.009261218371029183,0.04515946852030778,0.021565698666552304,0.06255813791969234,0.12376014880295089,0.04450496455792496,0.0032706230259591136,0.029259304198363405,0.03178849230004547,0.03889197300280754,0.03127834090625263,0.11208589170216975,0.12011147199513378,0.024523713008803977,0.050905575028354584,0.028689992284961587,0.026984896463002124,0.015922466327394576,0.01740805042304669
"CA-SD008, USA",0.02110913992398393,0.04542473145540061,0.013910567174790226,0.019871023305184747,0.018249455709480226,0.05248475461732308,0.016137776872798316,0.038957305650792314,0.018416769237922074,0.06337459120319104,0.09098917960407216,0.04579287491569017,0.004139795726062138,0.026254193571831768,0.04016299344101791,0.03824751910475902,0.04075728103186645,0.12473988387938736,0.092931044230585,0.03718014555719361,0.05800290600530561,0.04237134804592052,0.0300691572370068,0.012877860743290715,0.00754770175514423
"CA-SD029, USA",0.009696860029092232,0.014596437814251578,0.006081965328575766,0.012424418091218404,0.01856291025845469,0.05141199973693487,0.004755631192864082,0.031437509802000635,0.01947875180712939,0.03608480270005815,0.07204723970270653,0.06522812423987173,0.003735156393607914,0.03702543005057609,0.10016417554558704,0.058844212709027746,0.05836257716931925,0.12123252873132527,0.09394024221371758,0.038466619207672505,0.05313255621499733,0.03968228496234151,0.02661723794196066,0.015520778884910783,0.011469549271798088
"TX-SD010, USA",0.015301107263079735,0.022148622739538715,0.004859625677134521,0.012625928746461776,0.015515449134626713,0.06459381949244568,0.007690953989552659,0.03235839785859593,0.018951493483364282,0.04239384923176022,0.09941710496747594,0.07076859235650321,0.0027223779122269452,0.03623558915438152,0.07480203237224965,0.05911210346402042,0.04380543428848488,0.11398327005938526,0.09954758666815178,0.03511328196105959,0.04881358497654059,0.03127111506436573,0.027746995507189284,0.010099493146487797,0.010122190484917077
"TX-SD005, USA",0.022236097561693733,0.04313087218324437,0.011130395242208362,0.017271741544114445,0.014280796441061635,0.0805129387164974,0.006855510320968221,0.03571625731502877,0.01925487318338016,0.048842392852740765,0.11009689004884939,0.060869941591717706,0.005769500136477636,0.032469366435678375,0.03133049109532877,0.0434773963328391,0.03707099309586,0.11671219664661371,0.09665752127880523,0.03194204278342925,0.0503920448143793,0.028244749209778028,0.02826623303711721,0.010036984272665774,0.017431773859522586
"TX-SD026, USA",0.011793166000147263,0.03156389166100838,0.006981738896156444,0.01720381538656382,0.016148528534083734,0.0567284059593416,0.007849712043184832,0.03457891241409875,0.021256860315375978,0.0468495303156608,0.07874340977814073,0.07090158942397635,0.001411764816394638,0.033742818302033954,0.036908335842921504,0.041206822231555654,0.03908985930030494,0.13581022876750215,0.1008851862188979,0.04880203089308341,0.0774834335169864,0.03883396984700934,0.025405889956796733,0.01139753793493223,0.008422561643842533
"TX-SD001, USA",0.012822848529165865,0.010349621029671243,0.004190261323563544,0.011060892308537002,0.01689331679523623,0.06410176420234046,0.006266674320112006,0.045828331557234876,0.024752240504528428,0.03354455178678832,0.08723679843071094,0.06915054243793846,0.008417957977593708,0.04239925528649258,0.04991626964418966,0.08037365451183082,0.04607540473831456,0.11026950942247268,0.10417004624511157,0.036439550676206856,0.05382451814490468,0.0358655422757187,0.023354654833774656,0.009481121362845684,0.013214671654716478
"TX-SD027, USA",0.008539428462457605,0.009505922520371461,0.005687195471928409,0.009456334643328396,0.019699159056592946,0.07754636166838147,0.005400356862134925,0.026224604712355958,0.02082957675489949,0.027650754828621192,0.07459316857429782,0.08113311402157043,0.01195341290848462,0.036372555643927384,0.03470663861519219,0.04596215495670849,0.04553082923916181,0.10462136784656739,0.10636031880035968,0.05619358012233302,0.05812351575994927,0.07767970120366056,0.02388851276345525,0.013349297595764498,0.01899213696749579
"TX-SD020, USA",0.010290242922073782,0.009308078512018415,0.00587849423003106,0.011793689822988234,0.017953302874169547,0.07149584707058718,0.007070743463420514,0.037159884539872366,0.02191801935131434,0.029902411987619754,0.07823567742438503,0.0851556725784843,0.007657152704876688,0.03797743350092583,0.03638488325241458,0.04697151939323204,0.042733994141590646,0.1083613124311062,0.11761806491099631,0.05366977300607991,0.060043331279001765,0.05388953513714892,0.020029621240348176,0.012194417314054209,0.016306896911260162
"TX-SD029, USA",0.011833376387368214,0.01627507663517536,0.005959989116112028,0.011144697648539769,0.013026898181126923,0.07866645183633515,0.007064971613543079,0.03538671845397042,0.019568502185340772,0.0369169246537666,0.08254563409883099,0.062273753251676466,0.004027413001185317,0.03951411519818614,0.03428869659794366,0.044733721298568584,0.055359854438784335,0.12645991726945982,0.10631742873651762,0.03736405089027555,0.06209434971802677,0.04276099199878865,0.024068078448584326,0.017275495086519856,0.025072893255373558
"TX-SD011, USA",0.037403837390474225,0.029448520243425876,0.014723635726011545,0.016069837794428433,0.010962373009872158,0.07491041245860867,0.007334738049371359,0.054489537508492114,0.02310990134298786,0.06001714566041927,0.1178096093814348,0.05645091651261079,0.001850446159673532,0.03466070081748291,0.029499346476818324,0.05725441266096676,0.0392623261167439,0.10296013145283092,0.09514894431008829,0.024411004911685696,0.046175373758712356,0.021155014051044814,0.021170587760839417,0.01229322400820082,0.01142802243677526
"TX-SD025, USA",0.024778754080846278,0.041713557233217506,0.008191374666886351,0.023278220719573896,0.017236564503885745,0.06709565935463864,0.016766193461334847,0.057782718842079014,0.01806589426558352,0.0824394614368921,0.15393374188687092,0.036558175072306215,0.0010550513597320863,0.025039262596032175,0.02481711088605356,0.024394033693475533,0.02871523334905328,0.1050808150888386,0.12115927735971466,0.022238750927997344,0.04289032031299267,0.01742347504595354,0.023389380613005332,0.009193687630076093,0.006763285612960087
"TX-SD017, USA",0.047642850912133106,0.039166121527259685,0.014985876133423035,0.01826067510908929,0.012022564074374704,0.06696032804765473,0.016463846586125444,0.04052004186287977,0.017152997148017938,0.07410665923313327,0.1356668869515354,0.05295877256198105,0.004357026042625141,0.028692475358355143,0.02636790677585281,0.04509606533614895,0.029733884836535288,0.09315324728110203,0.10728816208161616,0.02449326041254051,0.04419656976824087,0.022379613790599825,0.021140095437114554,0.00941961160527651,0.007774461126384919
"TX-SD019, USA",0.012720369885531506,0.02862962595430263,0.006799498220321551,0.010336167377003058,0.013895492143645577,0.06544395999477536,0.004563368491984846,0.036632065999628274,0.02220437135138199,0.044153750574136535,0.08095355926115431,0.0732758937516862,0.006588893892635739,0.03785017962800486,0.039764992275221935,0.048587864813283616,0.049515174096281735,0.12086729096441097,0.0978409633840535,0.04149997005976038,0.0658748103845933,0.03971434832767124,0.025135223134504642,0.010788835922345088,0.01636333011168113
"TX-SD028, USA",0.010849507053293253,0.015382682861429325,0.005974339825470169,0.01272934730588682,0.021641682224619724,0.074373439139388,0.006342931818343135,0.04002353877543595,0.02549835488950931,0.03603357727521158,0.09663716104050993,0.06496179383530855,0.011896850485955202,0.03903317101457943,0.039235671879661094,0.05104647108150988,0.040102441247040814,0.11676372235582859,0.10205073310597505,0.03778901359059933,0.06226866563249232,0.03690461239388078,0.025539778800317117,0.010593386412677918,0.016327125955076634
"TX-SD021, USA",0.01325714842329524,0.022784763738235736,0.006033641730488778,0.01649051851438312,0.012890510008588072,0.06386152263402409,0.006164392727809558,0.021658349807391983,0.01650215006957911,0.045836668683043875,0.089310869274691,0.08095442194682448,0.003357968303201225,0.03544512335962365,0.03953982074731569,0.04110326841352732,0.04950666192500935,0.11836527605578184,0.1121381951229095,0.046615410648329074,0.07289946203702055,0.03520154948349026,0.021000490635124082,0.012741513562158123,0.01634030214815446
"TX-SD031, USA",0.018889179795495325,0.012857805117661048,0.008685563853066009,0.010326116981286165,0.014668898907819168,0.05849304506356843,0.006475741191334613,0.03126899066349925,0.01660249373683414,0.030750162734223187,0.10111620064228977,0.09423212265476565,0.014913900985532868,0.04791952402341451,0.041150741131285085,0.06837239355020021,0.05660748985763458,0.10417872661371098,0.09873823929977446,0.03916670469803494,0.05664832353725353,0.026215222315365713,0.018913199607035882,0.00995140792125345,0.012857805117661048
"FL-SD038, USA",0.01462548821768563,0.02107347321996224,0.007176104830184351,0.017398935934141505,0.013800003711022564,0.06248694875414288,0.029346035334083927,0.047119064098070984,0.016598399751858464,0.06351156154168587,0.1365163072150436,0.04733237977454627,0.004613283783454156,0.0376766918176913,0.02460148881410637,0.02141604943072133,0.04268097153637376,0.11679402243050957,0.11813484743769362,0.041988723090449175,0.039564767862199986,0.024702214685323933,0.026842449159508154,0.014670259523208735,0.009329528046331532
"FL-SD024, USA",0.01238168144440481,0.01688253544281737,0.0050082804012053905,0.017288150664365103,0.01588472655214253,0.03699414929630829,0.011979726496898414,0.03140739601282444,0.021706757658234863,0.03975052145888863,0.08679572115323426,0.0848116788506184,0.005467686573346036,0.03441245963691133,0.03583895501455544,0.03247984640551201,0.04339625996489105,0.09724797778510967,0.10923471700914757,0.09069373176615957,0.06738364530843229,0.04516739611451783,0.03441474863731109,0.01812573561616414,0.005245514735999331
