longname,Silent %,Boomer %,Gen X %,Millennial %,Gen Z %,Gen Alpha %
"New York-Jersey City-Newark [Urban Area], NY-NJ, USA",0.06719897082512587,0.21971335086189425,0.19638546890280364,0.2159312315337056,0.1827267142082088,0.11804426366826178
"Los Angeles-Long Beach-Anaheim [Urban Area], CA, USA",0.05770643862769177,0.20216443065942952,0.2005685422131702,0.23041500639930673,0.19487047455774023,0.11427510754266153
"Chicago [Urban Area], IL-IN, USA",0.059065062558997024,0.21481441555106365,0.19553008680602257,0.2147397911076378,0.19551460801152373,0.12033603596475509
"Miami-Fort Lauderdale [Urban Area], FL, USA",0.08435657554989061,0.23043137241000977,0.2055742096324457,0.19704173534027974,0.1733061563124269,0.10928995075494743
"Houston [Urban Area], TX, USA",0.03834495703031617,0.1779466424119835,0.1984931116668632,0.2265962433335424,0.21349934138448226,0.1451197041728124
"Dallas-Fort Worth-Arlington [Urban Area], TX, USA",0.04111821283676938,0.18419845661310247,0.19826175043634345,0.22610759199741212,0.21212232520894164,0.13819166290743098
"Philadelphia [Urban Area], PA-NJ-DE-MD, USA",0.06513605305667722,0.2280959378754218,0.18836994462139275,0.2117658846364071,0.1898610548645606,0.11677112494554048
"Washington-Arlington [Urban Area], DC-VA-MD, USA",0.049809898785461854,0.19727899853058048,0.20591719027141756,0.23152105249580904,0.18812663921118714,0.1273462207055439
"Atlanta [Urban Area], GA, USA",0.042109966197008374,0.1945568214641426,0.2095419424278725,0.21902545412675128,0.20712108591283596,0.12764472987138925
"Boston [Urban Area], MA-NH, USA",0.0637683244303229,0.2208700408097628,0.1918542273114622,0.2235422548004047,0.19425595021758832,0.10570920243045913
"Phoenix-Mesa-Scottsdale [Urban Area], AZ, USA",0.0655017408252267,0.20981088341282284,0.18955747562043607,0.21086437813538506,0.20153307750716132,0.12273244449896797
"Detroit [Urban Area], MI, USA",0.06520154000889353,0.23584972318265196,0.19255029140708346,0.20042381242932708,0.18740677994035584,0.11856785303168821
"Seattle-Tacoma [Urban Area], WA, USA",0.050862592441847314,0.20031614904783443,0.1996726447706883,0.25366185397591035,0.17669949304074317,0.11878726672297635
"San Francisco-Oakland [Urban Area], CA, USA",0.06405155368809287,0.21584948679058352,0.20360742033052714,0.25402261750724175,0.16015369905534738,0.1023152226282073
"San Diego [Urban Area], CA, USA",0.05671783982936881,0.1997962042853321,0.18912261881445844,0.23825760000023302,0.19754544248061698,0.11856029458999073
"Minneapolis-St. Paul [Urban Area], MN, USA",0.05422079474427546,0.2117900727684077,0.18844626225100292,0.2268351531858126,0.1895696199029035,0.1291380971475978
"Tampa-St. Petersburg [Urban Area], FL, USA",0.07940492383585124,0.24550708071732108,0.1950797944047839,0.2028407456256664,0.16994002505652514,0.10722743035985234
"Denver-Aurora [Urban Area], CO, USA",0.04706084795403326,0.19477307236431557,0.19898031710412709,0.25560138278568034,0.1843506454852652,0.11923373430657845
"Riverside-San Bernardino [Urban Area], CA, USA",0.04113262615378887,0.17359560094956653,0.18968654543556185,0.2242262849558214,0.234094056023446,0.13726488648181542
"Baltimore [Urban Area], MD, USA",0.061095230053918786,0.22023988972662506,0.18751321515769714,0.22259373528122126,0.18813149843403223,0.12042643134650544
"Las Vegas-Henderson-Paradise [Urban Area], NV, USA",0.053851008251418024,0.20795498420558242,0.20017316468393573,0.22166692972772903,0.1909272763092547,0.12542663682208002
"St. Louis [Urban Area], MO-IL, USA",0.066394634215061,0.23540543657298676,0.18498874986204009,0.20643041813320742,0.18819669908228995,0.11858406213441477
"Portland [Urban Area], OR-WA, USA",0.053340687513561434,0.2086511917398521,0.2071798707095208,0.24008114492035043,0.17724579732436085,0.11350130779235423
"San Antonio [Urban Area], TX, USA",0.04640623228618742,0.17929302010817802,0.1867745100032474,0.22963095905716702,0.21859963898260382,0.13929563956261626
"Sacramento [Urban Area], CA, USA",0.0592602833919128,0.20886624884728253,0.19139693862398985,0.2191478493558036,0.1936679329275227,0.12766074685348866
"Orlando [Urban Area], FL, USA",0.05177834350625151,0.19768512601165486,0.20095032511971758,0.23242215969517818,0.19893006710780284,0.11823397855939502
"San Juan [Urban Area], PR, USA",0.09892713822999134,0.24356239061500623,0.1940541438782286,0.19060563151568008,0.18729768705202643,0.0855530087090672
"San Jose [Urban Area], CA, USA",0.059005666304741314,0.1959992841741879,0.2070712158820617,0.2382125624696808,0.1834682309562834,0.1162430402130449
"Austin [Urban Area], TX, USA",0.03640026050706202,0.16824339307649128,0.2096144027680494,0.27034143885067063,0.19208944891413804,0.12331105588358851
"Pittsburgh [Urban Area], PA, USA",0.08185721180395333,0.25783109399202025,0.17945613003587285,0.2061592711551063,0.1708784456994554,0.1038178473135919
"Cleveland [Urban Area], OH, USA",0.07634963338267052,0.2506443580401036,0.184166541471439,0.1958839060829518,0.1811942952839788,0.11176126573885625
"Indianapolis [Urban Area], IN, USA",0.0492040666760354,0.1976352030528579,0.18946610519223434,0.22278280098168102,0.20328192008656384,0.13762990401062747
"Cincinnati [Urban Area], OH-KY, USA",0.05799114934238296,0.22411879322760692,0.18373398168302088,0.2088030787993172,0.196189672164489,0.12916332478318307
"Kansas City [Urban Area], MO-KS, USA",0.0571708485461649,0.2135539176332634,0.18795850549878218,0.2184680217614882,0.1910858348343834,0.13176287172591783
"Columbus [Urban Area], OH, USA",0.04523614599940828,0.18900214603741936,0.18871058286723627,0.24280831794864458,0.19929229315083805,0.13495051399645355
"Virginia Beach-Norfolk [Urban Area], VA, USA",0.05351204051910838,0.20754855597668118,0.1749627429730795,0.23105636355195192,0.20814366211512733,0.12477663486405172
"Charlotte [Urban Area], NC-SC, USA",0.043125518664808814,0.18571763710518568,0.2110949847985862,0.22996908232845242,0.20044245798646207,0.1296503191165047
"Milwaukee [Urban Area], WI, USA",0.06129720805392399,0.21835830218982566,0.18053682558343218,0.21500897666621238,0.197787057694241,0.12701162981236483
"Providence [Urban Area], RI-MA, USA",0.07000046983348779,0.23711748758280396,0.19001006566824472,0.20503679893747084,0.19151930513278867,0.10631587284520416
"Jacksonville [Urban Area], FL, USA",0.05442339814335467,0.2181790388994058,0.19187291063848946,0.2202318178752632,0.18791840229491852,0.12737443214856847
"Salt Lake City [Urban Area], UT, USA",0.04078042117167135,0.16936898509551318,0.18430417936634988,0.24158041812027023,0.21781938994523758,0.14614660630095783
"Nashville-Davidson [Urban Area], TN, USA",0.04762033058011896,0.19885509127572526,0.19341846441508767,0.2445556992360976,0.19008105727808203,0.12546935721488847
"Raleigh [Urban Area], NC, USA",0.04362310557083899,0.1898244027449664,0.21764199630890657,0.22121271063582895,0.20329292385005768,0.12440486088940124
"Richmond [Urban Area], VA, USA",0.05700432388803561,0.21843381479214546,0.1917668258478446,0.22058983992413236,0.1919727026368733,0.12023249291096855
"Memphis [Urban Area], TN-MS-AR, USA",0.05077185470199265,0.20716609540398706,0.1849812213210729,0.2133100215566104,0.20634773000596515,0.13742307701037182
"Oklahoma City [Urban Area], OK, USA",0.05205924086100861,0.19790024197185524,0.17600684523863985,0.22874102518701492,0.20405952181810239,0.14123312492337894
"Hartford [Urban Area], CT, USA",0.07424725554254265,0.2343943243852451,0.19104763132656044,0.20090470058560697,0.19190254441958235,0.10750354374046246
"Louisville/Jefferson County [Urban Area], KY-IN, USA",0.06221982842973094,0.2306380077572393,0.18638992745111652,0.21278778039998572,0.18703517525172883,0.12092928071019873
"Buffalo [Urban Area], NY, USA",0.07599263090265591,0.24557783361107402,0.17499092264406702,0.20752527092936376,0.18518727009597336,0.11072607181686592
"Bridgeport-Stamford [Urban Area], CT-NY, USA",0.06984147666001052,0.23151052232068114,0.20704560181956053,0.18063074599479292,0.20002160550437145,0.11095004770058352
"New Orleans [Urban Area], LA, USA",0.059993504171588184,0.23377512237633508,0.18239212381620298,0.22763959810468934,0.17444645701584627,0.12175319451533807
"Tucson [Urban Area], AZ, USA",0.08092245549637012,0.2335536062519599,0.16250635299038158,0.19267762322627352,0.2202565895871298,0.11008337244788513
"El Paso [Urban Area], TX-NM, USA",0.0509078870288186,0.17550196063125123,0.17477158630188527,0.21502998798129005,0.23937832845972792,0.14441024959702695
"Honolulu [Urban Area], HI, USA",0.08000366580871039,0.21840846759983468,0.18382948685305076,0.21829245960868837,0.17844277222635305,0.12102314790336265
"Omaha [Urban Area], NE-IA, USA",0.04946735215149393,0.19595691949225993,0.18254785371601764,0.22270057545220903,0.20571602928697238,0.14361126990104714
"McAllen [Urban Area], TX, USA",0.04898653362880244,0.1481600939766452,0.17538389892389977,0.1945250502112624,0.25980981664485214,0.17313460661453808
"Bradenton-Sarasota-Venice [Urban Area], FL, USA",0.16013084769173275,0.33425243031639457,0.15824289808384817,0.1378506069991302,0.12990338216691633,0.07961983474197802
"Birmingham [Urban Area], AL, USA",0.060127516743625806,0.22326718374179944,0.18848957578969336,0.21008080215127742,0.1904030698750833,0.12763185169852065
"Albuquerque [Urban Area], NM, USA",0.06476964106058271,0.22948957758628022,0.18284601416483104,0.21431000085904528,0.19667550574097634,0.11190926058828433
"Tulsa [Urban Area], OK, USA",0.05773528452184826,0.20779965845456191,0.18077641975101316,0.21376384925013114,0.20204953416416196,0.1378752538582836
"Fresno [Urban Area], CA, USA",0.04928419471340375,0.1764974723563514,0.17043099793311653,0.2254119483414009,0.22491422515466003,0.15346116150106712
"Rochester [Urban Area], NY, USA",0.07328579745325592,0.2379449828491798,0.17758397443627616,0.20722431724025064,0.1935389326950094,0.1104219953260281
"Charleston [Urban Area], SC, USA",0.05296980742675109,0.21573387259653942,0.1882903747892431,0.23172953689231107,0.1872532942104152,0.12402311408474018
"Dayton [Urban Area], OH, USA",0.07046388105655564,0.23268951586574899,0.17758135579037032,0.19940153302132987,0.19863244045286482,0.12123127381313045
"Mission Viejo-Lake Forest-Laguna Niguel [Urban Area], CA, USA",0.07321433920550412,0.24935036060182564,0.21356685920710816,0.18084968485509803,0.17067707015571146,0.11234168597475258
"Colorado Springs [Urban Area], CO, USA",0.04911611009841654,0.19428674119024553,0.17681134989398717,0.23507479640625875,0.21290080020141822,0.13181020220967385
"Baton Rouge [Urban Area], LA, USA",0.05073598124514137,0.20142438587985892,0.17452499122752427,0.21374653292716636,0.2246136140654652,0.13495449465484394
"Allentown-Bethlehem [Urban Area], PA-NJ, USA",0.07451978644637443,0.2305348214629302,0.18552223492011408,0.19471976883426537,0.20302188549595507,0.11168150284036081
"Ogden-Layton [Urban Area], UT, USA",0.04065211079723996,0.1626851826044641,0.1752972787254095,0.22283755832603466,0.23534738903848096,0.16318048050837083
"Grand Rapids [Urban Area], MI, USA",0.057159044889490626,0.19890776998729665,0.17098664751883222,0.23185451763015305,0.20448819015202738,0.1366038298222
"Cape Coral [Urban Area], FL, USA",0.1199359075657639,0.28703376603001696,0.17606890399986522,0.1661515100774487,0.15550342611546852,0.09530648621143663
"Knoxville [Urban Area], TN, USA",0.06634265678334016,0.22538312105204153,0.18424823903390514,0.20059283628516578,0.2099704999300404,0.11346264691550687
"Albany-Schenectady [Urban Area], NY, USA",0.06864185324712488,0.2323095332545854,0.17924228217618687,0.20254195698383345,0.21135011133452067,0.10591426300374869
"Columbia [Urban Area], SC, USA",0.05186242073395579,0.2027844225907697,0.18040144653878137,0.2148395364678932,0.23390797119202053,0.11620420247657928
"Provo-Orem [Urban Area], UT, USA",0.030732398584514115,0.11351101289041678,0.1469845483953407,0.2100790987960475,0.3178290696375465,0.18086387169613447
"Bakersfield [Urban Area], CA, USA",0.03970546695964508,0.1632773151195051,0.17489195107559777,0.21800247476831772,0.24105600656813658,0.16306678550879786
"New Haven [Urban Area], CT, USA",0.07473786415628776,0.23951640564727653,0.18328329223162015,0.1979764506808162,0.2051450017944291,0.09934098548957021
"Des Moines [Urban Area], IA, USA",0.049634713671999744,0.19067627098927326,0.19040795244981612,0.2301921283580892,0.19991898654919874,0.13916994798162308
"Akron [Urban Area], OH, USA",0.07026968688909649,0.2409560197312032,0.1797291224876414,0.19773135433018502,0.20169783013590295,0.10961598642597094
"Concord-Walnut Creek [Urban Area], CA, USA",0.07875331200139483,0.24134264610309436,0.21558064829446108,0.1752754546719308,0.17639005189494597,0.1126578870341729
"Temecula-Murrieta-Menifee [Urban Area], CA, USA",0.05154396463056788,0.18579291630305922,0.19526894605115247,0.20221732954408286,0.21655891143256503,0.1486179320385727
"Palm Bay-Melbourne [Urban Area], FL, USA",0.10022071284936783,0.2895648137618622,0.18167242384202423,0.1663914523590106,0.16684449695920126,0.09530610022853377
"McKinney-Frisco [Urban Area], TX, USA",0.03427254641944894,0.1453687198341268,0.2528837438215306,0.20182414453970882,0.21188130899899377,0.15376953638619104
"Wichita [Urban Area], KS, USA",0.05699037433271045,0.2094159229010545,0.17451681214940462,0.20815319410966213,0.21167570857069343,0.1392479879364749
"Toledo [Urban Area], OH-MI, USA",0.06474305206162084,0.23528165006601745,0.18146242589590814,0.20056607929615128,0.19254808433978046,0.12539870834052186
"Harrisburg [Urban Area], PA, USA",0.07237582897807794,0.23677310804946422,0.1899269169079641,0.20065364767263266,0.1829740827060357,0.11729641568582543
"Worcester [Urban Area], MA-CT, USA",0.06045257276073976,0.22129548974201377,0.1975678812221555,0.20332484019689404,0.20802988642809386,0.10932932965010309
"Little Rock [Urban Area], AR, USA",0.05687031984638949,0.21230574057560883,0.18274579712499392,0.2204499291915341,0.19318277875710071,0.13444543450437288
"Madison [Urban Area], WI, USA",0.05110515841217775,0.18631230187999567,0.173760231206575,0.24106949792995913,0.24089507499035523,0.10685773558093718
"Spokane [Urban Area], WA, USA",0.06121991160153709,0.2223023847172835,0.17781500532984212,0.2254894238566074,0.18892593018458853,0.12424734431014138
"Reno [Urban Area], NV-CA, USA",0.058717619568454935,0.22921844383213275,0.18752365281099265,0.21750105101442313,0.19070699486242482,0.11633223791157177
"Springfield [Urban Area], MA-CT, USA",0.07088689243858591,0.22959980417862774,0.18327310526349538,0.19321249052966527,0.2092144390888526,0.11381326850077307
"Port St. Lucie [Urban Area], FL, USA",0.1184357486348823,0.28433485212601417,0.17855355778212745,0.1603138094917673,0.16148001931666844,0.09688201264854035
"Boise City [Urban Area], ID, USA",0.05608808714790786,0.21475106991170784,0.19526875597482762,0.21713517162789545,0.20307826007009888,0.11367865526756227
"Augusta-Richmond County [Urban Area], GA-SC, USA",0.05797917814793886,0.21995530364159843,0.17984628707937841,0.21287622304106887,0.2013602805938766,0.1279827274961388
"Denton-Lewisville [Urban Area], TX, USA",0.0345314467711585,0.1826032489661131,0.2104740483615123,0.21915053176941465,0.23147934999966727,0.12176137413213424
"Bonita Springs-Estero [Urban Area], FL, USA",0.1845810942621779,0.32883612599978956,0.14233212190510589,0.13374301134695984,0.13407825270528936,0.07642939378067751
"Winston-Salem [Urban Area], NC, USA",0.06583344438776914,0.22829285666507038,0.19175249468863237,0.19084194330060353,0.20532900272391533,0.11795025823400912
"Phoenix West-Goodyear-Avondale [Urban Area], AZ, USA",0.03452301779697765,0.15610961100468512,0.19190768927044358,0.2234586702384571,0.2377727134733399,0.15622829821609668
"Kissimmee-St. Cloud [Urban Area], FL, USA",0.04882212366063485,0.19299356418027003,0.21793579292255041,0.2165572223902313,0.20206290419540535,0.12162839265090797
"Stockton [Urban Area], CA, USA",0.04771719872595846,0.18242453566802486,0.17765130691938877,0.21222779963387334,0.235080358195312,0.1448988008574425
"Syracuse [Urban Area], NY, USA",0.06863055416545884,0.23259874838212827,0.17453596777179245,0.20136938222045686,0.2047546566986305,0.11811069076153315
"The Woodlands-Conroe [Urban Area], TX, USA",0.04413059046755946,0.19225924034388828,0.20402803938547973,0.20793048012155,0.20474292425463597,0.14690872542688663
"Daytona Beach-Palm Coast-Port Orange [Urban Area], FL, USA",0.12001993857483345,0.3283762398444644,0.1683591289811372,0.1528504934910943,0.14520537390393673,0.08518882520453393
"Chattanooga [Urban Area], TN-GA, USA",0.07206262973063177,0.23177274311294727,0.18683039881988966,0.2112640583607039,0.18391924537996532,0.11415092459586214
"Durham [Urban Area], NC, USA",0.04835276166177945,0.18291368906740615,0.17846996641172352,0.24367086341204458,0.23290871812273498,0.11368400132431117
"Lancaster-Manheim [Urban Area], PA, USA",0.08345970582475248,0.23083738870447193,0.1769706134105907,0.1980469453215045,0.19250368597410727,0.11818166076457308
"Pensacola [Urban Area], FL-AL, USA",0.06867897640380463,0.23992665492607576,0.17041680464421416,0.20494650461345892,0.19917801507443272,0.11685304433801384
"Greenville [Urban Area], SC, USA",0.06688507718664985,0.22208147105780007,0.18845214413162356,0.2067348863722726,0.18945799238715497,0.12638842886449897
"Oxnard-San Buenaventura (Ventura) [Urban Area], CA, USA",0.054870388085116545,0.20428349361878878,0.18779748437260332,0.22050229874136804,0.20238375519896015,0.13016257998316327
"Fayetteville-Springdale-Rogers [Urban Area], AR-MO, USA",0.0465004890948147,0.16052894974220447,0.18079728917783375,0.2324968834907032,0.23404275905842564,0.14563362943601832
"Trenton [Urban Area], NJ, USA",0.0643361857113032,0.22204245044314935,0.20374923433407285,0.1937669721479171,0.20124375530763675,0.11486140205592091
"Scranton [Urban Area], PA, USA",0.08563920302718485,0.2439772053109031,0.17880475385142688,0.19379441321583402,0.18704493673833292,0.11073948785631818
"Indio-Palm Desert-Palm Springs [Urban Area], CA, USA",0.11830251701931688,0.2908146270442189,0.17414450094057501,0.17656004525898084,0.15249493765462033,0.08768337208228806
"Palmdale-Lancaster [Urban Area], CA, USA",0.04004064046856786,0.1858978062400328,0.18653468267915854,0.20622874017808157,0.23682949153769098,0.14446863889646822
"Modesto [Urban Area], CA, USA",0.05040393785364915,0.18845695675510615,0.1765826475019929,0.2189894786015665,0.22030255700128412,0.14526442228640127
"Victorville-Hesperia-Apple Valley [Urban Area], CA, USA",0.04408971762518866,0.17597284790186568,0.17959984346139873,0.20053924618270666,0.24019423965880585,0.15960410517003448
"Jackson [Urban Area], MS, USA",0.05318344679182756,0.19981070315335997,0.18554030415333894,0.21904597463303538,0.21152644150016714,0.1308931297682709
"Corpus Christi [Urban Area], TX, USA",0.05355191520301054,0.204404295928294,0.1827249526922545,0.21072486828809342,0.21289612842798689,0.13569783946036063
"Greensboro [Urban Area], NC, USA",0.05809786955303187,0.20200843713279984,0.18642557440179172,0.21120932139158452,0.2215479863581636,0.12071081116262838
"Fort Wayne [Urban Area], IN, USA",0.0557723830201811,0.2082467607687008,0.18130446070887293,0.20768106974374695,0.20551571263879062,0.14147961311970772
"Huntsville [Urban Area], AL, USA",0.06079152187986968,0.22060979455247862,0.19046318868263923,0.2101011171601259,0.2010119696918887,0.11702240803299793
"Fort Collins [Urban Area], CO, USA",0.05772452290254684,0.2037020539826101,0.17219692882299964,0.21933858780885176,0.2463976505583652,0.10064025592462639
"Antioch [Urban Area], CA, USA",0.04509670169202381,0.20862008412535116,0.1971080961738013,0.20530847068454303,0.2196324643729493,0.12423418295133119
"Fayetteville [Urban Area], NC, USA",0.04352787744426627,0.16636255184006804,0.15964994665240492,0.24356906520400637,0.23412969003098466,0.15276086882826975
"Mobile [Urban Area], AL, USA",0.06434254267172793,0.22762601698829035,0.18228824522613887,0.20202917927238037,0.19836001811413698,0.1253539977273255
"Youngstown [Urban Area], OH, USA",0.08548277177020552,0.26610297023753793,0.1805862806361316,0.1794620038995161,0.1811192628364734,0.1072467106201353
"Lansing [Urban Area], MI, USA",0.053663659932180495,0.20480024954165238,0.15732912064100038,0.20971570015655921,0.26697251344303197,0.10751875628557564
"Ann Arbor [Urban Area], MI, USA",0.04832804245023088,0.1854125265522538,0.16483963644188854,0.22104331091396623,0.28350275381410917,0.09687372982755153
"Lexington-Fayette [Urban Area], KY, USA",0.05101687045219319,0.19766631199385823,0.17787187651696335,0.22248146354147116,0.23320902835933513,0.11775444913617893
"Poughkeepsie-Newburgh [Urban Area], NY, USA",0.0720182358215175,0.2330022264431112,0.20020552570849975,0.1878321537973799,0.20677367469963315,0.10016818352985847
"Savannah [Urban Area], GA, USA",0.05640923414918782,0.20730761510390225,0.17968502465747863,0.2276770873766083,0.20529168490642816,0.12362935380639489
"Barnstable Town [Urban Area], MA, USA",0.11871037052725095,0.3449841915948499,0.1652671108558942,0.1478467342898466,0.1450552435002515,0.07813634923190688
"Flint [Urban Area], MI, USA",0.07069767280492918,0.2369718843230124,0.18261866141140337,0.19159802896312397,0.19519978139542088,0.12291397110211022
"Myrtle Beach-North Myrtle Beach [Urban Area], SC-NC, USA",0.09478069228383355,0.35036626410233257,0.17089521065622656,0.15494752704037693,0.14698557180782992,0.08202473410940046
"Santa Rosa [Urban Area], CA, USA",0.06659384769476973,0.23489216898027396,0.18979079780747596,0.20602464402310283,0.19345960052137487,0.1092389409730026
"Canton [Urban Area], OH, USA",0.08041803749349241,0.2568660249764329,0.1837097687511734,0.18071774274535674,0.1837085341953184,0.11457989183822617
"Atlantic City-Ocean City-Villas [Urban Area], NJ, USA",0.08559678377686523,0.2835004821244369,0.17829136844682048,0.17149626123269146,0.17159676881090724,0.10951833560827871
"Lincoln [Urban Area], NE, USA",0.052896456245485717,0.19031711724634157,0.16096467931187522,0.2139867151563482,0.25769811638586704,0.12413691565408241
"Shreveport [Urban Area], LA, USA",0.06392003026374925,0.2162189170105523,0.17008002219025029,0.2188102916629582,0.20018604548807556,0.13078469338441437
"Asheville [Urban Area], NC, USA",0.09135227104010975,0.2596649000175222,0.1913197849774849,0.20091029093966606,0.15873275626959565,0.09801999675562154
"Davenport [Urban Area], IA-IL, USA",0.0711882232465541,0.23076027396961973,0.1801482136792278,0.1968516367240859,0.1939897214026316,0.127061930977881
"Springfield [Urban Area], MO, USA",0.06880836181881815,0.2082387378461729,0.1698235078122947,0.20433055978994796,0.234563908108393,0.1142349246243733
"South Bend [Urban Area], IN-MI, USA",0.06371558785173327,0.2166466738397322,0.17653111301751848,0.19479844296405055,0.22472985561705627,0.12357832670990937
"Concord [Urban Area], NC, USA",0.051444197520547685,0.20090318358959977,0.21160268688822892,0.1981768715274434,0.2049626033707035,0.13291045710347676
"Santa Clarita [Urban Area], CA, USA",0.04416350316629647,0.19810091062669113,0.2136331656147697,0.2040852384674543,0.20845487944414148,0.13156230268064684
"Lakeland [Urban Area], FL, USA",0.07935676033957183,0.22519720183974407,0.18633750112956687,0.1891376935814954,0.19893705635161343,0.12103378675800831
"Rockford [Urban Area], IL, USA",0.06901203435633953,0.236847913923394,0.18211563102062028,0.18762717028570297,0.19885441245425411,0.1255428379596892
"Reading [Urban Area], PA, USA",0.06799565080853129,0.21788510899341199,0.1894004493947453,0.1907804323780121,0.2042317308868624,0.12970662753843695
"Lubbock [Urban Area], TX, USA",0.048590376620443396,0.16865671113310732,0.15201529042701079,0.21275279529509544,0.2884598797152364,0.1295249468091066
"Eugene [Urban Area], OR, USA",0.06394666297661514,0.22042414511152827,0.17111554148984667,0.2129105827686569,0.23578379352360931,0.09581927412974367
"Salem [Urban Area], OR, USA",0.05784277839093274,0.20344600795263176,0.17610495512559698,0.2223977867030151,0.20984987885673453,0.130358592971089
"Columbus [Urban Area], GA-AL, USA",0.050770343379938125,0.19728642014880352,0.1712552366852836,0.2325209023379797,0.2116230005323938,0.13654409691560132
"Gainesville [Urban Area], GA, USA",0.05629570825577057,0.20526319240700924,0.21265479371964846,0.18612324910675682,0.2112727662461742,0.12839029026464083
"Round Lake Beach-McHenry-Grayslake [Urban Area], IL-WI, USA",0.04743482939549048,0.22902554968919644,0.21352549489496833,0.18448338638723694,0.20779433768559408,0.11773640194751374
"Peoria [Urban Area], IL, USA",0.07410332505697975,0.2317899183011895,0.1817867805739969,0.19567364402976584,0.18321735492148136,0.13342897711658655
"Killeen [Urban Area], TX, USA",0.023987381698361593,0.13200648971110454,0.16531158226206843,0.2546097410626142,0.2597109722584111,0.16437383300744013
"Kennewick-Richland-Pasco [Urban Area], WA, USA",0.050713149204866456,0.1924948858132078,0.17300526737312383,0.21201996688123514,0.21771108352541008,0.15405564720215678
"Wilmington [Urban Area], NC, USA",0.06907154999709657,0.25221233085014316,0.18219935515679467,0.1945521583683613,0.20334344620714492,0.0986211594204593
"Montgomery [Urban Area], AL, USA",0.05762850587067642,0.20792986249237036,0.18476004110917293,0.2077887085466432,0.20648440970568147,0.1354084722754555
"Winter Haven [Urban Area], FL, USA",0.09406301372407247,0.24606857025489454,0.16905718436075778,0.19012846936749295,0.18256337868065234,0.11811938361212988
"Tallahassee [Urban Area], FL, USA",0.04783769973989454,0.18010464589049835,0.15247568740518866,0.20689396172685803,0.31215878860734114,0.10052921663021924
"Laredo [Urban Area], TX, USA",0.03840639984581212,0.14299089466469597,0.17732279169500847,0.20146262267990858,0.26283431358572623,0.1769829775288486
"Anchorage [Urban Area], AK, USA",0.039541823999647736,0.19118552359905264,0.1824491056403462,0.24438687002215914,0.20234647130956535,0.14009020542922893
"Nashua [Urban Area], NH-MA, USA",0.06099567914864467,0.24211633919873726,0.20789458354361764,0.1969715261396906,0.1874558165495229,0.10456605541978696
"Livermore-Pleasanton-Dublin [Urban Area], CA, USA",0.054496370385431064,0.2023538237248451,0.23092453536872398,0.21170578985306315,0.16743789820446198,0.1330815824634747
"York [Urban Area], PA, USA",0.06934233921912067,0.22686479826440403,0.18788735887928715,0.19730201513207957,0.1960792025307301,0.12252428597437841
"Gulfport-Biloxi [Urban Area], MS, USA",0.06071743117551146,0.22065968663824878,0.18232045318553564,0.20748847689068328,0.20511587493232675,0.12369807717769396
"Aguadilla-Isabela-San Sebastián [Urban Area], PR, USA",0.09479409766292475,0.2618701871435235,0.19907327462360266,0.17877841946127707,0.18536234013265968,0.08012168097601237
"Appleton [Urban Area], WI, USA",0.05890660493767149,0.21824356777455836,0.18888281964577538,0.2135981839243129,0.19142508277309117,0.12894374094459077
"Lafayette [Urban Area], LA, USA",0.05062313779076832,0.20945932112121787,0.1752515125342451,0.2375066258756055,0.19865341172709386,0.12850599095106938
"Navarre-Miramar Beach-Destin [Urban Area], FL, USA",0.06677928694940433,0.24127016998195636,0.1834800025553435,0.20915711620510474,0.1775779837255433,0.12173544058264767
"Bremerton [Urban Area], WA, USA",0.06538798467076301,0.23759757569808798,0.16954274199916017,0.21945884611699232,0.19128773780561464,0.11672511370938186
"Green Bay [Urban Area], WI, USA",0.061485408344620726,0.21793696973236995,0.1827438001864481,0.20941069896700162,0.20000226418886333,0.12842085858069635
"Rock Hill [Urban Area], SC, USA",0.055336813734889696,0.22308276331731056,0.20295452368510244,0.1988110679509095,0.18879705053465023,0.1310177807771376
"Roanoke [Urban Area], VA, USA",0.07817158748771079,0.248484412211348,0.182617926853186,0.19861127137226411,0.17772851055038866,0.11438629152510249
"Brownsville [Urban Area], TX, USA",0.047227950216729195,0.16299119041246174,0.18558932700767936,0.18318474978607574,0.25796063929677576,0.16304614328027833
"Fargo [Urban Area], ND-MN, USA",0.04994723994717555,0.17213753761260647,0.16377385858489316,0.23819110028657448,0.2470225616112029,0.12892770195754738
"Bel Air-Aberdeen [Urban Area], MD, USA",0.059066153561963895,0.236934982758231,0.2021701168407497,0.19646612478324854,0.1816909300459727,0.12367169200983426
"Thousand Oaks [Urban Area], CA, USA",0.0722943341863195,0.2669435770145232,0.20495513445762856,0.1571844069345009,0.19107711313141945,0.10754543427560839
"Gainesville [Urban Area], FL, USA",0.05110194481864011,0.17210481230393881,0.1438041410547233,0.2206274130580536,0.31605961610292665,0.09630207266171754
"Deltona [Urban Area], FL, USA",0.08359567962565895,0.24725203448021607,0.183476057789631,0.18786488987818312,0.18397690959653865,0.11383442862977226
"Olympia-Lacey [Urban Area], WA, USA",0.06727737017128084,0.2309283047628569,0.18058162991617926,0.2254446392460856,0.17544781634723366,0.12032023955636383
"Evansville [Urban Area], IN, USA",0.06913800588612974,0.2317177610926178,0.18413806084394718,0.1983680617069926,0.19769646750710032,0.11894164296321247
"College Station-Bryan [Urban Area], TX, USA",0.03459225543324463,0.13148950459670725,0.13107477147256694,0.22205873978148144,0.3620147983314117,0.11876993038458801
"Amarillo [Urban Area], TX, USA",0.0557893201605464,0.19110364209341624,0.17547132749076833,0.22621188639625042,0.2038821743736527,0.14754164948536597
"Portland [Urban Area], ME, USA",0.07621504622457434,0.25203132346542123,0.18229623324302355,0.23043967130752535,0.17168853208398518,0.08732919367547033
"Kalamazoo [Urban Area], MI, USA",0.055856630890319336,0.1871114534035652,0.1593982948178332,0.2105027857183955,0.2688048073492637,0.11832602782062293
"Santa Barbara [Urban Area], CA, USA",0.07420502880864836,0.2171487110380496,0.14750199549119858,0.1885669511633096,0.2861079256453924,0.08646938785340146
"Hickory [Urban Area], NC, USA",0.07836477052454288,0.2454040047736435,0.1967198120104256,0.17793784109657051,0.19241469060350208,0.10915888099131538
"Clarksville [Urban Area], TN-KY, USA",0.026518741766293232,0.12990196664699746,0.14842823505821898,0.28084257597272133,0.2431841761808903,0.17112430437487863
"Huntington [Urban Area], WV-KY-OH, USA",0.08023227631346454,0.24209903877537456,0.18430995169255712,0.18740960513097013,0.1937582400986591,0.11219088798897449
"Port Charlotte-North Port [Urban Area], FL, USA",0.15677556705043982,0.34720828699401224,0.1527395771285373,0.12715660832236422,0.13666669874693485,0.07945326175771154
"Waterbury [Urban Area], CT, USA",0.07172385778197199,0.23127486148018037,0.20394668898376372,0.18724021683056982,0.18784171128375265,0.11797266363976143
"Lorain-Elyria [Urban Area], OH, USA",0.07369036067069715,0.2604403949482563,0.19251419600202327,0.17363918746882126,0.18026875705051948,0.11944710385968255
"Hagerstown [Urban Area], MD-WV-PA-VA, USA",0.06412814504631413,0.2098446374347471,0.20006061044313686,0.21149506475815175,0.18661112182173364,0.12786042049591664
"Spartanburg [Urban Area], SC, USA",0.05973298017343891,0.21123318540326771,0.17441416883542168,0.21613560252707426,0.20865224581901376,0.12983181724178375
"Sioux Falls [Urban Area], SD, USA",0.04833385210241106,0.20034043942521562,0.17246337200904707,0.23534613918131123,0.19834022967327014,0.1451759676087449
"Cedar Rapids [Urban Area], IA, USA",0.06747586922777485,0.21353251300384618,0.1852058533334424,0.21090273973129456,0.1986151802403821,0.12426784446325985
"Waco [Urban Area], TX, USA",0.05543693908234538,0.17926267377128513,0.15349683784489296,0.19828117440886261,0.27952069154105275,0.1340016833515611
"Galveston-Texas City [Urban Area], TX, USA",0.0571925638748576,0.23487929046692244,0.17903979972957954,0.2087407795662157,0.19553222213194166,0.12461534423048322
"Erie [Urban Area], PA, USA",0.07246807897964613,0.23825738023111093,0.17196147265850362,0.19506189257140144,0.20616160887938034,0.11608956667995761
"Ocala [Urban Area], FL, USA",0.12274402286660956,0.271567217691769,0.16082104713718046,0.1683460981022727,0.17201687049535916,0.10450474370680911
"Nampa [Urban Area], ID, USA",0.05215934725216319,0.18645204477019842,0.1697357197069887,0.21250758217250743,0.22714279843229843,0.15200250766584386
"Salinas [Urban Area], CA, USA",0.041581248994726455,0.1553512322258258,0.18063623269031637,0.22275180280678097,0.23745440555857192,0.1622250777237784
"Murfreesboro [Urban Area], TN, USA",0.038639062035314954,0.16764879623909063,0.1818502303413618,0.22813562995362,0.2627471736074785,0.12097910782313419
"Gastonia [Urban Area], NC, USA",0.0608935788948755,0.22302992133050023,0.2032105394113452,0.20056823106294636,0.18663446992063987,0.1256632593796929
"Frederick [Urban Area], MD, USA",0.05300464074065364,0.210353570288261,0.20273370509764266,0.21594433072585223,0.19156228254823654,0.12640147059935392
"Vallejo [Urban Area], CA, USA",0.06024211178556118,0.24769900861438793,0.19804552378382292,0.1961308234370155,0.18952357929439972,0.1083589530848128
"Vero Beach-Sebastian [Urban Area], FL, USA",0.16409988700714184,0.3543167869448943,0.14683910205679337,0.1277114452042472,0.13141041431331024,0.07562236447361297
"Hemet [Urban Area], CA, USA",0.07361066319972749,0.19573373828961388,0.173767047706557,0.19475029637096075,0.2266608894061927,0.1354773650269482
"Danbury [Urban Area], CT-NY, USA",0.0644913201092417,0.24149575744064578,0.20730274546453295,0.17954276046430678,0.1988350724916327,0.10833234402964022
"Medford [Urban Area], OR, USA",0.08340554404468245,0.24248597317930629,0.1724097670843999,0.20153147634131596,0.1844499118086877,0.11571732754160773
"Spring Hill [Urban Area], FL, USA",0.1228143147259046,0.28245768987613473,0.17054346472841445,0.17034643142683686,0.15805061394410405,0.09578748529860537
"Santa Cruz [Urban Area], CA, USA",0.06419040503630061,0.2510587428921077,0.17964263353519772,0.17387899171525334,0.25277338304995445,0.07845584377118602
"High Point [Urban Area], NC, USA",0.06638866006909248,0.23190592470072816,0.18657286424173064,0.1875542943304249,0.1982992519112868,0.12927900474673706
"Fredericksburg [Urban Area], VA, USA",0.05064764785029087,0.20494481097719972,0.1921092710507851,0.20760419251332637,0.21097304936214992,0.13372102824624787
"Norwich-New London [Urban Area], CT, USA",0.08030971020867504,0.23967056382276944,0.17364818665854503,0.20442332120637152,0.20973461665400162,0.09221360144963736
"Muskegon-Norton Shores [Urban Area], MI, USA",0.07006393539755226,0.2453060297522088,0.17786857662000496,0.19440940114376912,0.18705377064208858,0.1252982864443763
"Manchester [Urban Area], NH, USA",0.06180188266120406,0.22038352953674542,0.18994474962575186,0.22717274303336055,0.19400398616721798,0.10669310897572021
"Lake Charles [Urban Area], LA, USA",0.061722739962337396,0.2208206712085318,0.16856403944981244,0.2164390875565796,0.1928525480912994,0.1396009137314393
"Panama City-Panama City Beach [Urban Area], FL, USA",0.07244944835278844,0.26065428182910555,0.18609869518525546,0.2051789956786707,0.1638862613881894,0.11173231756599053
"The Villages-Lady Lake [Urban Area], FL, USA",0.2798665512937115,0.45820045675155874,0.07688509181655492,0.07177700816917378,0.07036345772380866,0.042907434245192465
"Visalia [Urban Area], CA, USA",0.04874105499535697,0.17484598967937226,0.16444948113380328,0.22703214666223456,0.22047923265595387,0.16445209487327894
"Marysville [Urban Area], WA, USA",0.045178280198996744,0.20984261488854836,0.20579467613345653,0.22086815543060018,0.18331263458432115,0.13500363876407687
"Mauldin-Simpsonville [Urban Area], SC, USA",0.050019702089592895,0.20549486615491383,0.21345874654840702,0.20838525135291583,0.19046279503195873,0.13217863882221162
"Springfield [Urban Area], IL, USA",0.070759650373165,0.24301343067507064,0.18547297455681122,0.19319204375774743,0.18548445256242474,0.1220774480747811
"Lafayette [Urban Area], IN, USA",0.04479811162631544,0.15051614322676965,0.14051951157298515,0.2005359357865531,0.35346747806168544,0.11016281972569114
"Tuscaloosa [Urban Area], AL, USA",0.05348214489005858,0.18003918315693607,0.15881851900586272,0.21104569480583996,0.27570920518958475,0.12090525295171811
"Binghamton [Urban Area], NY, USA",0.08453339306955593,0.23700122313732552,0.16078101109336118,0.17192978575173687,0.2426642809183641,0.1030903060296565
"New Bedford [Urban Area], MA, USA",0.07621721946980069,0.2242263669132323,0.18692868192806392,0.19547737846961638,0.20525271533674214,0.11189763788254464
"Odessa [Urban Area], TX, USA",0.037793432799060764,0.1545859662039643,0.16537118716730484,0.24060354211041549,0.2229461601967164,0.17869971152253808
"Leesburg-Eustis-Tavares [Urban Area], FL, USA",0.14574162885444636,0.30904242536757975,0.15346828332754642,0.1588475621847002,0.13617131366706012,0.09672878659866714
"Fairfield [Urban Area], CA, USA",0.05238954812296744,0.19631303015874366,0.186633655424814,0.2248203035901889,0.20584368179299917,0.13399978091028683
"Merced [Urban Area], CA, USA",0.04479595584555263,0.16486144955854243,0.16225967479198064,0.2124111654617166,0.26094411318096866,0.1547276411612392
"Topeka [Urban Area], KS, USA",0.0772279597666448,0.23426754661284863,0.16643534003474084,0.19737982816660452,0.1914857807418284,0.13320354467733292
"Elkhart [Urban Area], IN-MI, USA",0.06607993582777384,0.20099709944298474,0.18838871103736785,0.18588801292876964,0.21598741946769454,0.14265882129540952
"Champaign [Urban Area], IL, USA",0.047764949912670884,0.16165603565087078,0.12713833710537967,0.21486297675395324,0.3549414686032104,0.09363623197391507
"Beaumont [Urban Area], TX, USA",0.061754206338869536,0.21338965341719807,0.17283398003108275,0.20249641540532815,0.2099617877043637,0.13956395710315764
"South Lyon-Hamburg-Genoa [Urban Area], MI, USA",0.06564407347160041,0.2614829702242402,0.205781303761133,0.17262580911951675,0.1813330995453544,0.113132743878155
"Houma [Urban Area], LA, USA",0.058265911687929814,0.21329739771825879,0.17772349762491932,0.21459978958448667,0.2036264936001611,0.1324869097842442
"Burlington [Urban Area], NC, USA",0.06920876067243847,0.215823738056305,0.18644314328733425,0.18958202326460902,0.21493871705132614,0.124003617667987
"Santa Maria [Urban Area], CA, USA",0.05198263795216283,0.1618007833198493,0.17470469780433576,0.19299762611511612,0.25158888367792487,0.16692537113061123
"Athens-Clarke County [Urban Area], GA, USA",0.044535573133476,0.16423477792395924,0.1517205493704702,0.2119201494673804,0.32878282419450966,0.09880612591020446
"Midland [Urban Area], TX, USA",0.04255689349499255,0.15631906385845454,0.16831478428085753,0.25464753204580426,0.2053557562866268,0.17280597003326428
"Columbia [Urban Area], MO, USA",0.044671423628798924,0.1654128159481291,0.15369195093489446,0.2176840151220378,0.3019980659509472,0.11654172841519249
"Warner Robins [Urban Area], GA, USA",0.047560812119523725,0.19769084475349138,0.19007123120010017,0.21514183966963923,0.2092642667302791,0.1402710055269664
"Charleston [Urban Area], WV, USA",0.08352639513947491,0.2681131130652835,0.18379730567029012,0.18963931261470682,0.16644513759950053,0.10847873591074426
"Macon-Bibb County [Urban Area], GA, USA",0.061823090170742515,0.21388662416005044,0.1631293593975721,0.210689319826607,0.21877678546137772,0.13169482098365035
"Las Cruces [Urban Area], NM, USA",0.06321569535864695,0.20241952483827572,0.15378431220322633,0.193771631148657,0.2634050525429028,0.1234037839082913
"Greeley [Urban Area], CO, USA",0.04715206123091253,0.16987736686636107,0.164434270283084,0.22975067270197067,0.24436232412885087,0.14442330478882098
"Grand Junction [Urban Area], CO, USA",0.07959848778327294,0.24231529461160817,0.17159600895226088,0.20055309458994847,0.18726276529179878,0.11867434877111079
"Yuma [Urban Area], AZ-CA, USA",0.11430260901466759,0.20731674138105452,0.13945155263164594,0.1966568685975366,0.2076346718839058,0.13463755649118947
"Racine [Urban Area], WI, USA",0.06548317851015367,0.2315096152529633,0.1811228591176641,0.19391021666519698,0.1941531648570595,0.1338209655969624
"St. George [Urban Area], UT, USA",0.09894444723148604,0.22070184496850587,0.1567172653661365,0.1753753683528911,0.21619005316597475,0.1320710209150057
