longname,Silent %,Boomer %,Gen X %,Millennial %,Gen Z %,Gen Alpha %
"New York-Jersey City-Newark [Urban Area], NY-NJ, USA",0.06719897082512596,0.21971335086189334,0.1963854689028051,0.2159312315337067,0.18272671420820624,0.11804426366826272
"Los Angeles-Long Beach-Anaheim [Urban Area], CA, USA",0.05770643862769163,0.2021644306594295,0.2005685422131714,0.2304150063993071,0.19487047455773834,0.11427510754266197
"Chicago [Urban Area], IL-IN, USA",0.05906506255899752,0.21481441555106218,0.19553008680602288,0.21473979110763985,0.19551460801152182,0.12033603596475564
"Miami-Fort Lauderdale [Urban Area], FL, USA",0.08435657554989048,0.23043137241001066,0.20557420963244685,0.19704173534027833,0.1733061563124268,0.1092899507549468
"Houston [Urban Area], TX, USA",0.03834495703031629,0.17794664241198194,0.1984931116668651,0.22659624333354028,0.2134993413844836,0.14511970417281264
"Dallas-Fort Worth-Arlington [Urban Area], TX, USA",0.04111821283676957,0.18419845661310352,0.198261750436342,0.22610759199741218,0.21212232520894145,0.13819166290743118
"Philadelphia [Urban Area], PA-NJ-DE-MD, USA",0.06513605305667725,0.22809593787542165,0.18836994462139356,0.2117658846364057,0.18986105486456123,0.11677112494554075
"Washington-Arlington [Urban Area], DC-VA-MD, USA",0.049809898785461854,0.19727899853058015,0.2059171902714185,0.23152105249580757,0.18812663921118855,0.12734622070554333
"Atlanta [Urban Area], GA, USA",0.04210996619700809,0.19455682146414255,0.20954194242787239,0.21902545412675292,0.20712108591283532,0.12764472987138867
"Boston [Urban Area], MA-NH, USA",0.06376832443032256,0.2208700408097635,0.1918542273114635,0.22354225480040446,0.19425595021758807,0.10570920243045777
"Phoenix-Mesa-Scottsdale [Urban Area], AZ, USA",0.0655017408252263,0.20981088341282336,0.18955747562043557,0.2108643781353848,0.20153307750716207,0.12273244449896782
"Detroit [Urban Area], MI, USA",0.06520154000889314,0.23584972318265351,0.19255029140708174,0.20042381242932616,0.1874067799403572,0.11856785303168826
"Seattle-Tacoma [Urban Area], WA, USA",0.050862592441847446,0.20031614904783432,0.19967264477068858,0.25366185397590935,0.17669949304074412,0.11878726672297624
"San Francisco-Oakland [Urban Area], CA, USA",0.06405155368809246,0.2158494867905834,0.20360742033052842,0.2540226175072416,0.16015369905534732,0.10231522262820682
"San Diego [Urban Area], CA, USA",0.056717839829369274,0.19979620428533043,0.1891226188144579,0.23825760000023463,0.19754544248061698,0.1185602945899908
"Minneapolis-St. Paul [Urban Area], MN, USA",0.05422079474427545,0.21179007276840747,0.18844626225100333,0.22683515318581307,0.1895696199029032,0.12913809714759758
"Tampa-St. Petersburg [Urban Area], FL, USA",0.07940492383585185,0.24550708071732077,0.19507979440478423,0.20284074562566523,0.1699400250565258,0.10722743035985212
"Denver-Aurora [Urban Area], CO, USA",0.04706084795403307,0.19477307236431587,0.1989803171041269,0.2556013827856805,0.18435064548526492,0.11923373430657876
"Riverside-San Bernardino [Urban Area], CA, USA",0.0411326261537887,0.17359560094956547,0.18968654543556265,0.224226284955821,0.23409405602344638,0.1372648864818158
"Baltimore [Urban Area], MD, USA",0.06109523005391881,0.22023988972662634,0.18751321515769723,0.22259373528122045,0.18813149843403115,0.12042643134650594
"Las Vegas-Henderson-Paradise [Urban Area], NV, USA",0.05385100825141776,0.20795498420558173,0.20017316468393645,0.221666929727728,0.19092727630925538,0.12542663682208066
"St. Louis [Urban Area], MO-IL, USA",0.0663946342150609,0.23540543657298754,0.1849887498620396,0.20643041813320656,0.18819669908229056,0.11858406213441483
"Portland [Urban Area], OR-WA, USA",0.05334068751356162,0.2086511917398509,0.20717987070952124,0.24008114492034976,0.1772457973243625,0.11350130779235398
"San Antonio [Urban Area], TX, USA",0.046406232286187565,0.1792930201081778,0.18677451000324696,0.22963095905716746,0.21859963898260368,0.1392956395626166
"Sacramento [Urban Area], CA, USA",0.059260283391912846,0.20886624884728308,0.19139693862398952,0.21914784935580267,0.19366793292752307,0.1276607468534888
"Orlando [Urban Area], FL, USA",0.05177834350625165,0.1976851260116543,0.20095032511971794,0.23242215969517852,0.19893006710780228,0.11823397855939528
"San Juan [Urban Area], PR, USA",0.09892713822999155,0.24356239061500676,0.19405414387822878,0.19060563151567964,0.1872976870520262,0.08555300870906708
"San Jose [Urban Area], CA, USA",0.05900566630474109,0.19599928417418822,0.2070712158820607,0.23821256246968084,0.18346823095628395,0.11624304021304521
"Austin [Urban Area], TX, USA",0.03640026050706225,0.16824339307649078,0.2096144027680497,0.27034143885067036,0.19208944891413798,0.12331105588358887
"Pittsburgh [Urban Area], PA, USA",0.08185721180395344,0.2578310939920187,0.17945613003587435,0.20615927115510602,0.17087844569945593,0.10381784731359152
"Cleveland [Urban Area], OH, USA",0.0763496333826702,0.2506443580401041,0.1841665414714398,0.19588390608295075,0.1811942952839787,0.11176126573885645
"Indianapolis [Urban Area], IN, USA",0.04920406667603526,0.1976352030528578,0.18946610519223459,0.22278280098168088,0.20328192008656384,0.13762990401062766
"Cincinnati [Urban Area], OH-KY, USA",0.05799114934238274,0.2241187932276071,0.18373398168302232,0.2088030787993165,0.19618967216448874,0.12916332478318257
"Kansas City [Urban Area], MO-KS, USA",0.057170848546164325,0.21355391763326242,0.18795850549878323,0.21846802176148838,0.1910858348343833,0.13176287172591825
"Columbus [Urban Area], OH, USA",0.04523614599940811,0.18900214603741988,0.18871058286723646,0.24280831794864505,0.19929229315083752,0.134950513996453
"Virginia Beach-Norfolk [Urban Area], VA, USA",0.05351204051910838,0.20754855597668206,0.17496274297307843,0.2310563635519521,0.20814366211512708,0.12477663486405195
"Charlotte [Urban Area], NC-SC, USA",0.043125518664808814,0.18571763710518535,0.21109498479858693,0.2299690823284525,0.2004424579864619,0.12965031911650454
"Milwaukee [Urban Area], WI, USA",0.061297208053923614,0.21835830218982574,0.18053682558343276,0.21500897666621296,0.19778705769424018,0.12701162981236472
"Providence [Urban Area], RI-MA, USA",0.070000469833488,0.23711748758280485,0.19001006566824427,0.2050367989374706,0.19151930513278875,0.10631587284520358
"Jacksonville [Urban Area], FL, USA",0.05442339814335476,0.21817903889940485,0.19187291063848994,0.22023181787526333,0.18791840229491785,0.12737443214856925
"Salt Lake City [Urban Area], UT, USA",0.04078042117167133,0.16936898509551276,0.1843041793663508,0.24158041812026979,0.2178193899452374,0.14614660630095777
"Nashville-Davidson [Urban Area], TN, USA",0.0476203305801188,0.1988550912757263,0.19341846441508756,0.24455569923609705,0.1900810572780829,0.12546935721488747
"Raleigh [Urban Area], NC, USA",0.04362310557083889,0.18982440274496604,0.21764199630890632,0.221212710635829,0.2032929238500585,0.12440486088940116
"Richmond [Urban Area], VA, USA",0.057004323888035724,0.2184338147921449,0.1917668258478448,0.2205898399241326,0.19197270263687355,0.12023249291096842
"Memphis [Urban Area], TN-MS-AR, USA",0.050771854701993004,0.20716609540398742,0.18498122132107347,0.2133100215566103,0.20634773000596482,0.13742307701037088
"Oklahoma City [Urban Area], OK, USA",0.05205924086100905,0.1979002419718554,0.17600684523863894,0.22874102518701467,0.20405952181810313,0.1412331249233789
"Hartford [Urban Area], CT, USA",0.07424725554254256,0.23439432438524493,0.19104763132656016,0.20090470058560744,0.19190254441958193,0.1075035437404629
"Louisville/Jefferson County [Urban Area], KY-IN, USA",0.06221982842973146,0.23063800775723864,0.1863899274511164,0.21278778039998633,0.18703517525172875,0.1209292807101984
"Buffalo [Urban Area], NY, USA",0.07599263090265625,0.24557783361107396,0.17499092264406654,0.20752527092936413,0.18518727009597374,0.11072607181686532
"Bridgeport-Stamford [Urban Area], CT-NY, USA",0.06984147666001016,0.2315105223206814,0.20704560181956078,0.18063074599479334,0.20002160550437093,0.11095004770058339
"New Orleans [Urban Area], LA, USA",0.05999350417158834,0.23377512237633571,0.1823921238162026,0.227639598104689,0.17444645701584613,0.12175319451533831
"Tucson [Urban Area], AZ, USA",0.08092245549637042,0.23355360625196045,0.16250635299038177,0.19267762322627313,0.2202565895871295,0.11008337244788471
"El Paso [Urban Area], TX-NM, USA",0.0509078870288185,0.1755019606312515,0.17477158630188427,0.21502998798129064,0.23937832845972798,0.14441024959702703
"Honolulu [Urban Area], HI, USA",0.08000366580871031,0.21840846759983423,0.18382948685305084,0.2182924596086889,0.178442772226353,0.12102314790336276
"Omaha [Urban Area], NE-IA, USA",0.049467352151494004,0.1959569194922603,0.182547853716017,0.22270057545220917,0.2057160292869728,0.14361126990104678
"McAllen [Urban Area], TX, USA",0.04898653362880235,0.14816009397664506,0.17538389892389988,0.19452505021126243,0.2598098166448518,0.17313460661453853
"Bradenton-Sarasota-Venice [Urban Area], FL, USA",0.16013084769173203,0.3342524303163952,0.15824289808384792,0.13785060699913,0.12990338216691677,0.07961983474197819
"Birmingham [Urban Area], AL, USA",0.0601275167436254,0.22326718374179955,0.18848957578969264,0.2100808021512768,0.19040306987508437,0.12763185169852115
"Albuquerque [Urban Area], NM, USA",0.06476964106058268,0.2294895775862808,0.18284601416483082,0.21431000085904534,0.19667550574097634,0.11190926058828406
"Tulsa [Urban Area], OK, USA",0.057735284521848305,0.2077996584545623,0.1807764197510132,0.21376384925013092,0.20204953416416152,0.13787525385828384
"Fresno [Urban Area], CA, USA",0.04928419471340369,0.1764974723563514,0.17043099793311647,0.2254119483414012,0.22491422515465953,0.15346116150106762
"Rochester [Urban Area], NY, USA",0.07328579745325572,0.23794498284918,0.17758397443627616,0.20722431724025053,0.19353893269500955,0.11042199532602791
"Charleston [Urban Area], SC, USA",0.052969807426751156,0.21573387259653914,0.18829037478924346,0.23172953689231074,0.18725329421041506,0.12402311408474041
"Dayton [Urban Area], OH, USA",0.07046388105655545,0.23268951586574996,0.17758135579036993,0.1994015330213298,0.19863244045286424,0.1212312738131306
"Mission Viejo-Lake Forest-Laguna Niguel [Urban Area], CA, USA",0.07321433920550387,0.24935036060182592,0.21356685920710844,0.18084968485509784,0.17067707015571149,0.11234168597475243
"Colorado Springs [Urban Area], CO, USA",0.04911611009841671,0.1942867411902453,0.1768113498939863,0.23507479640625953,0.21290080020141838,0.13181020220967382
"Baton Rouge [Urban Area], LA, USA",0.050735981245141254,0.20142438587985967,0.17452499122752377,0.21374653292716564,0.2246136140654658,0.13495449465484372
"Allentown-Bethlehem [Urban Area], PA-NJ, USA",0.07451978644637461,0.23053482146293008,0.18552223492011394,0.1947197688342649,0.20302188549595532,0.111681502840361
"Ogden-Layton [Urban Area], UT, USA",0.04065211079724003,0.16268518260446413,0.17529727872540907,0.2228375583260345,0.23534738903848154,0.1631804805083709
"Grand Rapids [Urban Area], MI, USA",0.05715904488949078,0.19890776998729642,0.17098664751883277,0.23185451763015325,0.2044881901520272,0.13660382982219965
"Cape Coral [Urban Area], FL, USA",0.11993590756576396,0.2870337660300166,0.17606890399986508,0.16615151007744927,0.15550342611546839,0.09530648621143671
"Knoxville [Urban Area], TN, USA",0.0663426567833401,0.2253831210520419,0.18424823903390422,0.2005928362851657,0.20997049993004122,0.1134626469155068
"Albany-Schenectady [Urban Area], NY, USA",0.06864185324712462,0.23230953325458573,0.17924228217618648,0.20254195698383362,0.21135011133452125,0.10591426300374829
"Columbia [Urban Area], SC, USA",0.05186242073395569,0.20278442259077126,0.1804014465387809,0.21483953646789314,0.23390797119202,0.11620420247657903
"Provo-Orem [Urban Area], UT, USA",0.03073239858451424,0.1135110128904168,0.14698454839534014,0.21007909879604753,0.31782906963754703,0.18086387169613438
"Bakersfield [Urban Area], CA, USA",0.03970546695964509,0.16327731511950483,0.17489195107559746,0.21800247476831797,0.24105600656813683,0.16306678550879777
"New Haven [Urban Area], CT, USA",0.07473786415628773,0.2395164056472766,0.18328329223161977,0.1979764506808164,0.2051450017944295,0.0993409854895699
"Des Moines [Urban Area], IA, USA",0.04963471367199964,0.19067627098927356,0.190407952449816,0.23019212835808908,0.19991898654919854,0.13916994798162313
"Akron [Urban Area], OH, USA",0.07026968688909659,0.2409560197312028,0.17972912248764022,0.19773135433018554,0.20169783013590362,0.10961598642597122
"Concord-Walnut Creek [Urban Area], CA, USA",0.07875331200139483,0.2413426461030944,0.21558064829446105,0.17527545467193034,0.17639005189494625,0.11265788703417302
"Temecula-Murrieta-Menifee [Urban Area], CA, USA",0.0515439646305678,0.18579291630305877,0.19526894605115266,0.20221732954408325,0.21655891143256534,0.14861793203857226
"Palm Bay-Melbourne [Urban Area], FL, USA",0.10022071284936776,0.2895648137618627,0.18167242384202462,0.16639145235900954,0.16684449695920123,0.09530610022853407
"McKinney-Frisco [Urban Area], TX, USA",0.034272546419448845,0.1453687198341265,0.25288374382153034,0.20182414453970893,0.211881308998994,0.15376953638619137
"Wichita [Urban Area], KS, USA",0.05699037433271051,0.20941592290105474,0.17451681214940473,0.2081531941096618,0.21167570857069348,0.13924798793647475
"Toledo [Urban Area], OH-MI, USA",0.06474305206162084,0.2352816500660184,0.18146242589590808,0.20056607929615072,0.19254808433978024,0.1253987083405219
"Harrisburg [Urban Area], PA, USA",0.07237582897807746,0.23677310804946486,0.18992691690796384,0.20065364767263277,0.18297408270603635,0.11729641568582463
"Worcester [Urban Area], MA-CT, USA",0.06045257276073996,0.22129548974201335,0.1975678812221544,0.2033248401968948,0.20802988642809456,0.10932932965010299
"Little Rock [Urban Area], AR, USA",0.05687031984638938,0.2123057405756081,0.18274579712499384,0.22044992919153514,0.19318277875710083,0.1344454345043728
"Madison [Urban Area], WI, USA",0.05110515841217763,0.18631230187999562,0.17376023120657522,0.2410694979299597,0.24089507499035498,0.10685773558093686
"Spokane [Urban Area], WA, USA",0.0612199116015374,0.2223023847172823,0.17781500532984112,0.22548942385660814,0.1889259301845893,0.12424734431014173
"Reno [Urban Area], NV-CA, USA",0.05871761956845474,0.2292184438321327,0.18752365281099279,0.21750105101442344,0.19070699486242454,0.11633223791157182
"Springfield [Urban Area], MA-CT, USA",0.07088689243858598,0.2295998041786279,0.1832731052634952,0.19321249052966571,0.20921443908885204,0.11381326850077318
"Port St. Lucie [Urban Area], FL, USA",0.11843574863488249,0.2843348521260132,0.17855355778212778,0.16031380949176766,0.16148001931666867,0.09688201264854024
"Boise City [Urban Area], ID, USA",0.056088087147907875,0.21475106991170784,0.1952687559748281,0.21713517162789572,0.20307826007009816,0.11367865526756236
"Augusta-Richmond County [Urban Area], GA-SC, USA",0.05797917814793858,0.21995530364159863,0.1798462870793784,0.21287622304106915,0.20136028059387648,0.12798272749613876
"Denton-Lewisville [Urban Area], TX, USA",0.03453144677115852,0.18260324896611324,0.210474048361512,0.21915053176941462,0.23147934999966727,0.12176137413213435
"Bonita Springs-Estero [Urban Area], FL, USA",0.18458109426217778,0.32883612599978945,0.14233212190510566,0.13374301134696012,0.13407825270528942,0.07642939378067742
"Winston-Salem [Urban Area], NC, USA",0.06583344438776904,0.22829285666507088,0.19175249468863212,0.19084194330060325,0.20532900272391572,0.117950258234009
"Phoenix West-Goodyear-Avondale [Urban Area], AZ, USA",0.03452301779697756,0.15610961100468487,0.19190768927044352,0.22345867023845742,0.23777271347334014,0.1562282982160964
"Kissimmee-St. Cloud [Urban Area], FL, USA",0.048822123660634854,0.19299356418026986,0.21793579292255025,0.216557222390231,0.20206290419540562,0.12162839265090837
"Stockton [Urban Area], CA, USA",0.047717198725958365,0.1824245356680252,0.1776513069193886,0.21222779963387348,0.2350803581953118,0.1448988008574426
"Syracuse [Urban Area], NY, USA",0.06863055416545877,0.2325987483821279,0.17453596777179267,0.20136938222045708,0.2047546566986308,0.1181106907615327
"The Woodlands-Conroe [Urban Area], TX, USA",0.044130590467559495,0.19225924034388797,0.20402803938547928,0.2079304801215499,0.2047429242546365,0.1469087254268868
"Daytona Beach-Palm Coast-Port Orange [Urban Area], FL, USA",0.12001993857483308,0.3283762398444648,0.16835912898113736,0.1528504934910946,0.14520537390393645,0.08518882520453386
"Chattanooga [Urban Area], TN-GA, USA",0.07206262973063161,0.23177274311294735,0.18683039881989005,0.21126405836070344,0.18391924537996537,0.11415092459586229
"Durham [Urban Area], NC, USA",0.04835276166177949,0.18291368906740632,0.17846996641172375,0.24367086341204447,0.23290871812273486,0.11368400132431114
"Lancaster-Manheim [Urban Area], PA, USA",0.0834597058247525,0.23083738870447165,0.176970613410591,0.19804694532150385,0.1925036859741077,0.11818166076457333
"Pensacola [Urban Area], FL-AL, USA",0.06867897640380473,0.23992665492607526,0.1704168046442138,0.20494650461345898,0.19917801507443336,0.11685304433801402
"Greenville [Urban Area], SC, USA",0.06688507718664982,0.22208147105780018,0.18845214413162337,0.20673488637227294,0.1894579923871547,0.12638842886449897
"Oxnard-San Buenaventura (Ventura) [Urban Area], CA, USA",0.05487038808511662,0.20428349361878834,0.18779748437260316,0.22050229874136842,0.20238375519896043,0.13016257998316308
"Fayetteville-Springdale-Rogers [Urban Area], AR-MO, USA",0.04650048909481483,0.1605289497422046,0.18079728917783372,0.23249688349070308,0.23404275905842536,0.14563362943601846
"Trenton [Urban Area], NJ, USA",0.06433618571130331,0.2220424504431486,0.2037492343340731,0.1937669721479168,0.20124375530763694,0.11486140205592116
"Scranton [Urban Area], PA, USA",0.0856392030271853,0.2439772053109015,0.17880475385142722,0.19379441321583418,0.18704493673833295,0.11073948785631878
"Indio-Palm Desert-Palm Springs [Urban Area], CA, USA",0.11830251701931681,0.29081462704421857,0.17414450094057538,0.17656004525898072,0.15249493765462008,0.08768337208228832
"Palmdale-Lancaster [Urban Area], CA, USA",0.040040640468567895,0.18589780624003324,0.18653468267915835,0.20622874017808174,0.23682949153769056,0.14446863889646827
"Modesto [Urban Area], CA, USA",0.050403937853649154,0.1884569567551063,0.17658264750199246,0.2189894786015667,0.22030255700128382,0.14526442228640168
"Victorville-Hesperia-Apple Valley [Urban Area], CA, USA",0.04408971762518864,0.1759728479018654,0.1795998434613987,0.20053924618270644,0.2401942396588064,0.1596041051700346
"Jackson [Urban Area], MS, USA",0.05318344679182754,0.19981070315336036,0.18554030415333855,0.21904597463303502,0.21152644150016725,0.13089312976827117
"Corpus Christi [Urban Area], TX, USA",0.05355191520301049,0.2044042959282935,0.18272495269225428,0.2107248682880936,0.21289612842798722,0.1356978394603608
"Greensboro [Urban Area], NC, USA",0.058097869553031874,0.2020084371328003,0.1864255744017918,0.21120932139158474,0.2215479863581629,0.12071081116262834
"Fort Wayne [Urban Area], IN, USA",0.055772383020181164,0.2082467607687009,0.18130446070887285,0.20768106974374695,0.20551571263879068,0.1414796131197075
"Huntsville [Urban Area], AL, USA",0.06079152187986981,0.22060979455247862,0.1904631886826393,0.21010111716012533,0.20101196969188886,0.1170224080329982
"Fort Collins [Urban Area], CO, USA",0.057724522902546684,0.2037020539826101,0.17219692882299942,0.21933858780885154,0.2463976505583659,0.10064025592462628
"Antioch [Urban Area], CA, USA",0.04509670169202381,0.20862008412535119,0.1971080961738016,0.20530847068454286,0.21963246437294934,0.12423418295133111
"Fayetteville [Urban Area], NC, USA",0.04352787744426637,0.16636255184006826,0.15964994665240484,0.24356906520400656,0.2341296900309843,0.15276086882826967
"Mobile [Urban Area], AL, USA",0.0643425426717279,0.2276260169882895,0.18228824522613962,0.2020291792723806,0.19836001811413692,0.12535399772732547
"Youngstown [Urban Area], OH, USA",0.08548277177020538,0.2661029702375393,0.1805862806361312,0.17946200389951644,0.18111926283647278,0.10724671062013477
"Lansing [Urban Area], MI, USA",0.05366365993218032,0.2048002495416522,0.15732912064100082,0.2097157001565588,0.26697251344303197,0.10751875628557568
"Ann Arbor [Urban Area], MI, USA",0.048328042450230806,0.18541252655225385,0.1648396364418886,0.22104331091396628,0.28350275381410883,0.09687372982755155
"Lexington-Fayette [Urban Area], KY, USA",0.05101687045219317,0.19766631199385795,0.17787187651696312,0.22248146354147158,0.23320902835933519,0.11775444913617886
"Poughkeepsie-Newburgh [Urban Area], NY, USA",0.07201823582151756,0.23300222644311105,0.2002055257084996,0.18783215379738052,0.20677367469963306,0.10016818352985815
"Savannah [Urban Area], GA, USA",0.056409234149187804,0.20730761510390294,0.17968502465747896,0.22767708737660808,0.20529168490642766,0.12362935380639473
"Barnstable Town [Urban Area], MA, USA",0.11871037052725085,0.3449841915948497,0.1652671108558946,0.1478467342898463,0.14505524350025142,0.07813634923190718
"Flint [Urban Area], MI, USA",0.07069767280492936,0.23697188432301255,0.18261866141140265,0.1915980289631246,0.19519978139542046,0.12291397110211029
"Myrtle Beach-North Myrtle Beach [Urban Area], SC-NC, USA",0.09478069228383351,0.35036626410233096,0.17089521065622665,0.1549475270403782,0.14698557180783003,0.08202473410940049
"Santa Rosa [Urban Area], CA, USA",0.06659384769476995,0.23489216898027415,0.1897907978074758,0.20602464402310275,0.19345960052137454,0.1092389409730028
"Canton [Urban Area], OH, USA",0.08041803749349224,0.2568660249764331,0.18370976875117376,0.18071774274535676,0.18370853419531838,0.11457989183822567
"Atlantic City-Ocean City-Villas [Urban Area], NJ, USA",0.08559678377686476,0.28350048212443707,0.17829136844681998,0.1714962612326918,0.17159676881090755,0.10951833560827882
"Lincoln [Urban Area], NE, USA",0.05289645624548569,0.19031711724634184,0.16096467931187555,0.21398671515634765,0.25769811638586687,0.12413691565408248
"Shreveport [Urban Area], LA, USA",0.06392003026374939,0.21621891701055235,0.17008002219025026,0.2188102916629583,0.2001860454880757,0.13078469338441412
"Asheville [Urban Area], NC, USA",0.09135227104010978,0.2596649000175224,0.19131978497748467,0.2009102909396662,0.1587327562695954,0.09801999675562147
"Davenport [Urban Area], IA-IL, USA",0.07118822324655413,0.23076027396961987,0.1801482136792277,0.19685163672408615,0.19398972140263096,0.1270619309778811
"Springfield [Urban Area], MO, USA",0.06880836181881836,0.20823873784617267,0.16982350781229494,0.20433055978994819,0.23456390810839248,0.11423492462437344
"South Bend [Urban Area], IN-MI, USA",0.06371558785173326,0.21664667383973268,0.1765311130175183,0.19479844296405047,0.22472985561705636,0.12357832670990894
"Concord [Urban Area], NC, USA",0.05144419752054774,0.20090318358959997,0.21160268688822917,0.19817687152744312,0.20496260337070396,0.132910457103476
"Santa Clarita [Urban Area], CA, USA",0.04416350316629652,0.19810091062669102,0.21363316561476953,0.2040852384674546,0.20845487944414146,0.13156230268064686
"Lakeland [Urban Area], FL, USA",0.07935676033957187,0.22519720183974423,0.18633750112956707,0.18913769358149557,0.19893705635161302,0.12103378675800831
"Rockford [Urban Area], IL, USA",0.06901203435633932,0.23684791392339427,0.18211563102062053,0.1876271702857027,0.19885441245425398,0.12554283795968918
"Reading [Urban Area], PA, USA",0.06799565080853139,0.21788510899341196,0.18940044939474493,0.19078043237801212,0.20423173088686222,0.1297066275384373
"Lubbock [Urban Area], TX, USA",0.048590376620443514,0.1686567111331077,0.15201529042701098,0.21275279529509444,0.2884598797152366,0.12952494680910667
"Eugene [Urban Area], OR, USA",0.06394666297661519,0.22042414511152816,0.1711155414898467,0.2129105827686571,0.23578379352360937,0.09581927412974346
"Salem [Urban Area], OR, USA",0.05784277839093265,0.2034460079526317,0.17610495512559687,0.22239778670301538,0.20984987885673453,0.13035859297108893
"Columbus [Urban Area], GA-AL, USA",0.05077034337993803,0.19728642014880385,0.17125523668528375,0.23252090233797984,0.21162300053239344,0.13654409691560107
"Gainesville [Urban Area], GA, USA",0.0562957082557705,0.20526319240700927,0.21265479371964854,0.1861232491067566,0.21127276624617425,0.1283902902646408
"Round Lake Beach-McHenry-Grayslake [Urban Area], IL-WI, USA",0.04743482939549043,0.22902554968919728,0.2135254948949678,0.1844833863872369,0.2077943376855936,0.11773640194751385
"Peoria [Urban Area], IL, USA",0.07410332505697989,0.23178991830118936,0.18178678057399736,0.19567364402976542,0.18321735492148156,0.13342897711658633
"Killeen [Urban Area], TX, USA",0.023987381698361537,0.1320064897111048,0.16531158226206794,0.25460974106261414,0.25971097225841133,0.16437383300744027
"Kennewick-Richland-Pasco [Urban Area], WA, USA",0.05071314920486665,0.1924948858132077,0.1730052673731237,0.21201996688123495,0.21771108352540972,0.1540556472021572
"Wilmington [Urban Area], NC, USA",0.06907154999709669,0.25221233085014305,0.18219935515679458,0.19455215836836137,0.20334344620714495,0.09862115942045929
"Montgomery [Urban Area], AL, USA",0.057628505870676375,0.2079298624923706,0.18476004110917282,0.2077887085466435,0.20648440970568138,0.13540847227545533
"Winter Haven [Urban Area], FL, USA",0.09406301372407276,0.2460685702548948,0.16905718436075753,0.1901284693674926,0.18256337868065195,0.11811938361213038
"Tallahassee [Urban Area], FL, USA",0.047837699739894574,0.18010464589049816,0.1524756874051884,0.20689396172685837,0.31215878860734136,0.10052921663021913
"Laredo [Urban Area], TX, USA",0.03840639984581211,0.14299089466469572,0.1773227916950081,0.20146262267990891,0.2628343135857263,0.176982977528849
"Anchorage [Urban Area], AK, USA",0.03954182399964785,0.19118552359905203,0.18244910564034636,0.24438687002215911,0.20234647130956568,0.14009020542922898
"Nashua [Urban Area], NH-MA, USA",0.06099567914864473,0.24211633919873748,0.20789458354361764,0.19697152613969024,0.18745581654952279,0.1045660554197871
"Livermore-Pleasanton-Dublin [Urban Area], CA, USA",0.054496370385431196,0.20235382372484517,0.23092453536872387,0.21170578985306335,0.16743789820446187,0.1330815824634745
"York [Urban Area], PA, USA",0.06934233921912074,0.22686479826440392,0.18788735887928734,0.19730201513207893,0.1960792025307303,0.12252428597437869
"Gulfport-Biloxi [Urban Area], MS, USA",0.060717431175511254,0.22065968663824875,0.1823204531855362,0.20748847689068295,0.2051158749323267,0.12369807717769421
"Aguadilla-Isabela-San Sebastián [Urban Area], PR, USA",0.09479409766292476,0.26187018714352356,0.19907327462360283,0.17877841946127737,0.18536234013265931,0.08012168097601226
"Appleton [Urban Area], WI, USA",0.05890660493767154,0.21824356777455836,0.18888281964577502,0.2135981839243131,0.19142508277309128,0.12894374094459063
"Lafayette [Urban Area], LA, USA",0.05062313779076843,0.20945932112121793,0.17525151253424495,0.23750662587560536,0.19865341172709405,0.12850599095106927
"Navarre-Miramar Beach-Destin [Urban Area], FL, USA",0.06677928694940434,0.24127016998195647,0.18348000255534344,0.2091571162051051,0.17757798372554334,0.12173544058264736
"Bremerton [Urban Area], WA, USA",0.06538798467076304,0.23759757569808782,0.16954274199915997,0.2194588461169924,0.1912877378056147,0.1167251137093821
"Green Bay [Urban Area], WI, USA",0.061485408344620726,0.2179369697323697,0.18274380018644787,0.20941069896700193,0.20000226418886358,0.12842085858069627
"Rock Hill [Urban Area], SC, USA",0.0553368137348897,0.22308276331731067,0.20295452368510225,0.19881106795090936,0.1887970505346504,0.13101778077713755
"Roanoke [Urban Area], VA, USA",0.07817158748771068,0.24848441221134832,0.18261792685318584,0.19861127137226386,0.17772851055038877,0.11438629152510266
"Brownsville [Urban Area], TX, USA",0.047227950216729174,0.16299119041246146,0.18558932700767955,0.18318474978607593,0.2579606392967754,0.16304614328027847
"Fargo [Urban Area], ND-MN, USA",0.04994723994717559,0.1721375376126062,0.16377385858489305,0.23819110028657461,0.24702256161120315,0.12892770195754732
"Bel Air-Aberdeen [Urban Area], MD, USA",0.05906615356196397,0.236934982758231,0.20217011684074987,0.19646612478324818,0.1816909300459727,0.12367169200983431
"Thousand Oaks [Urban Area], CA, USA",0.07229433418631949,0.2669435770145233,0.2049551344576283,0.15718440693450067,0.1910771131314197,0.10754543427560848
"Gainesville [Urban Area], FL, USA",0.05110194481864009,0.17210481230393898,0.1438041410547233,0.22062741305805356,0.31605961610292665,0.09630207266171752
"Deltona [Urban Area], FL, USA",0.08359567962565911,0.24725203448021607,0.18347605778963053,0.187864889878184,0.18397690959653853,0.11383442862977185
"Olympia-Lacey [Urban Area], WA, USA",0.06727737017128076,0.2309283047628571,0.18058162991617902,0.2254446392460857,0.17544781634723344,0.12032023955636392
"Evansville [Urban Area], IN, USA",0.06913800588612981,0.2317177610926178,0.1841380608439471,0.19836806170699275,0.1976964675071004,0.11894164296321208
"College Station-Bryan [Urban Area], TX, USA",0.034592255433244706,0.13148950459670758,0.1310747714725667,0.22205873978148097,0.3620147983314123,0.11876993038458795
"Amarillo [Urban Area], TX, USA",0.05578932016054636,0.19110364209341602,0.1754713274907683,0.2262118863962504,0.2038821743736528,0.14754164948536622
"Portland [Urban Area], ME, USA",0.07621504622457437,0.25203132346542145,0.18229623324302374,0.230439671307525,0.17168853208398505,0.0873291936754704
"Kalamazoo [Urban Area], MI, USA",0.05585663089031939,0.18711145340356555,0.15939829481783296,0.21050278571839562,0.2688048073492637,0.11832602782062275
"Santa Barbara [Urban Area], CA, USA",0.07420502880864847,0.2171487110380495,0.14750199549119905,0.18856695116330965,0.28610792564539195,0.08646938785340157
"Hickory [Urban Area], NC, USA",0.0783647705245428,0.2454040047736432,0.19671981201042557,0.17793784109657068,0.19241469060350222,0.10915888099131563
"Clarksville [Urban Area], TN-KY, USA",0.02651874176629319,0.12990196664699746,0.1484282350582191,0.28084257597272166,0.24318417618088997,0.17112430437487855
"Huntington [Urban Area], WV-KY-OH, USA",0.0802322763134646,0.2420990387753744,0.18430995169255698,0.18740960513097008,0.19375824009865944,0.11219088798897447
"Port Charlotte-North Port [Urban Area], FL, USA",0.15677556705044016,0.34720828699401207,0.1527395771285373,0.12715660832236406,0.13666669874693488,0.07945326175771156
"Waterbury [Urban Area], CT, USA",0.07172385778197193,0.23127486148018042,0.20394668898376347,0.18724021683057,0.1878417112837527,0.11797266363976143
"Lorain-Elyria [Urban Area], OH, USA",0.07369036067069705,0.26044039494825627,0.19251419600202319,0.17363918746882145,0.18026875705051948,0.11944710385968263
"Hagerstown [Urban Area], MD-WV-PA-VA, USA",0.06412814504631413,0.2098446374347466,0.2000606104431372,0.21149506475815213,0.18661112182173364,0.12786042049591634
"Spartanburg [Urban Area], SC, USA",0.059732980173438886,0.21123318540326777,0.17441416883542168,0.21613560252707414,0.20865224581901393,0.12983181724178364
"Sioux Falls [Urban Area], SD, USA",0.04833385210241104,0.2003404394252154,0.17246337200904668,0.23534613918131164,0.1983402296732703,0.14517596760874493
"Cedar Rapids [Urban Area], IA, USA",0.06747586922777489,0.2135325130038462,0.18520585333344272,0.2109027397312943,0.19861518024038177,0.12426784446326011
"Waco [Urban Area], TX, USA",0.05543693908234522,0.17926267377128563,0.15349683784489251,0.19828117440886248,0.27952069154105286,0.13400168335156126
"Galveston-Texas City [Urban Area], TX, USA",0.05719256387485765,0.2348792904669226,0.1790397997295796,0.20874077956621528,0.19553222213194157,0.1246153442304833
"Erie [Urban Area], PA, USA",0.07246807897964648,0.2382573802311107,0.17196147265850364,0.1950618925714011,0.20616160887938045,0.1160895666799576
"Ocala [Urban Area], FL, USA",0.12274402286660947,0.27156721769176884,0.16082104713718057,0.16834609810227247,0.17201687049535924,0.10450474370680933
"Nampa [Urban Area], ID, USA",0.05215934725216306,0.18645204477019822,0.16973571970698864,0.21250758217250726,0.22714279843229893,0.15200250766584383
"Salinas [Urban Area], CA, USA",0.04158124899472643,0.15535123222582584,0.1806362326903162,0.2227518028067812,0.23745440555857183,0.1622250777237785
"Murfreesboro [Urban Area], TN, USA",0.038639062035314926,0.16764879623909057,0.18185023034136208,0.22813562995361994,0.2627471736074786,0.12097910782313398
"Gastonia [Urban Area], NC, USA",0.06089357889487528,0.22302992133050062,0.20321053941134537,0.20056823106294622,0.18663446992063973,0.12566325937969294
"Frederick [Urban Area], MD, USA",0.053004640740653565,0.21035357028826115,0.2027337050976429,0.21594433072585192,0.19156228254823654,0.12640147059935378
"Vallejo [Urban Area], CA, USA",0.06024211178556097,0.24769900861438815,0.19804552378382315,0.19613082343701532,0.18952357929439953,0.1083589530848127
"Vero Beach-Sebastian [Urban Area], FL, USA",0.16409988700714195,0.3543167869448941,0.14683910205679393,0.12771144520424677,0.13141041431330996,0.07562236447361313
"Hemet [Urban Area], CA, USA",0.0736106631997274,0.19573373828961388,0.17376704770655685,0.19475029637096072,0.22666088940619303,0.13547736502694807
"Danbury [Urban Area], CT-NY, USA",0.06449132010924156,0.24149575744064594,0.20730274546453273,0.1795427604643068,0.1988350724916328,0.10833234402964022
"Medford [Urban Area], OR, USA",0.08340554404468246,0.24248597317930606,0.17240976708439984,0.20153147634131569,0.18444991180868822,0.1157173275416078
"Spring Hill [Urban Area], FL, USA",0.12281431472590418,0.2824576898761345,0.1705434647284149,0.1703464314268373,0.15805061394410377,0.09578748529860531
"Santa Cruz [Urban Area], CA, USA",0.06419040503630069,0.25105874289210767,0.17964263353519763,0.17387899171525353,0.2527733830499544,0.0784558437711861
"High Point [Urban Area], NC, USA",0.0663886600690924,0.23190592470072835,0.18657286424173083,0.18755429433042473,0.1982992519112867,0.129279004746737
"Fredericksburg [Urban Area], VA, USA",0.05064764785029091,0.20494481097719958,0.19210927105078496,0.20760419251332674,0.21097304936214994,0.13372102824624787
"Norwich-New London [Urban Area], CT, USA",0.08030971020867501,0.23967056382276938,0.17364818665854506,0.20442332120637163,0.20973461665400164,0.09221360144963742
"Muskegon-Norton Shores [Urban Area], MI, USA",0.07006393539755232,0.24530602975220916,0.17786857662000496,0.19440940114376878,0.18705377064208828,0.12529828644437646
"Manchester [Urban Area], NH, USA",0.06180188266120391,0.22038352953674523,0.1899447496257521,0.22717274303336,0.19400398616721848,0.10669310897572032
"Lake Charles [Urban Area], LA, USA",0.06172273996233746,0.22082067120853202,0.16856403944981294,0.21643908755657948,0.19285254809129906,0.13960091373143887
"Panama City-Panama City Beach [Urban Area], FL, USA",0.07244944835278805,0.2606542818291068,0.18609869518525562,0.20517899567867023,0.1638862613881892,0.11173231756598996
"The Villages-Lady Lake [Urban Area], FL, USA",0.2798665512937119,0.45820045675155796,0.07688509181655508,0.0717770081691739,0.0703634577238086,0.04290743424519253
"Visalia [Urban Area], CA, USA",0.048741054995356976,0.1748459896793723,0.16444948113380303,0.22703214666223462,0.22047923265595407,0.16445209487327894
"Marysville [Urban Area], WA, USA",0.045178280198996695,0.20984261488854825,0.20579467613345656,0.2208681554306004,0.18331263458432123,0.13500363876407678
"Mauldin-Simpsonville [Urban Area], SC, USA",0.05001970208959286,0.20549486615491383,0.2134587465484073,0.20838525135291583,0.1904627950319587,0.1321786388222116
"Springfield [Urban Area], IL, USA",0.07075965037316516,0.24301343067507122,0.185472974556811,0.19319204375774687,0.1854844525624249,0.12207744807478063
"Lafayette [Urban Area], IN, USA",0.04479811162631539,0.1505161432267695,0.14051951157298492,0.2005359357865531,0.35346747806168594,0.1101628197256912
"Tuscaloosa [Urban Area], AL, USA",0.05348214489005869,0.1800391831569356,0.15881851900586275,0.21104569480583985,0.2757092051895852,0.120905252951718
"Binghamton [Urban Area], NY, USA",0.08453339306955585,0.23700122313732594,0.16078101109336104,0.1719297857517373,0.24266428091836362,0.10309030602965637
"New Bedford [Urban Area], MA, USA",0.07621721946980052,0.2242263669132321,0.18692868192806408,0.19547737846961658,0.2052527153367421,0.11189763788254466
"Odessa [Urban Area], TX, USA",0.03779343279906075,0.15458596620396453,0.1653711871673048,0.2406035421104154,0.22294616019671668,0.17869971152253775
"Leesburg-Eustis-Tavares [Urban Area], FL, USA",0.1457416288544461,0.3090424253675797,0.1534682833275472,0.15884756218469992,0.13617131366706017,0.09672878659866704
"Fairfield [Urban Area], CA, USA",0.05238954812296746,0.19631303015874388,0.18663365542481383,0.22482030359018887,0.20584368179299922,0.13399978091028672
"Merced [Urban Area], CA, USA",0.044795955845552626,0.16486144955854212,0.1622596747919806,0.21241116546171676,0.2609441131809687,0.15472764116123908
"Topeka [Urban Area], KS, USA",0.0772279597666447,0.23426754661284876,0.166435340034741,0.19737982816660432,0.19148578074182795,0.13320354467733325
"Elkhart [Urban Area], IN-MI, USA",0.06607993582777379,0.20099709944298455,0.188388711037368,0.18588801292877014,0.2159874194676946,0.14265882129540905
"Champaign [Urban Area], IL, USA",0.04776494991267096,0.16165603565087072,0.12713833710537958,0.21486297675395313,0.3549414686032106,0.09363623197391505
"Beaumont [Urban Area], TX, USA",0.06175420633886952,0.21338965341719812,0.17283398003108252,0.2024964154053284,0.20996178770436388,0.13956395710315758
"South Lyon-Hamburg-Genoa [Urban Area], MI, USA",0.06564407347160037,0.2614829702242399,0.20578130376113324,0.1726258091195171,0.18133309954535434,0.1131327438781551
"Houma [Urban Area], LA, USA",0.058265911687929904,0.2132973977182587,0.1777234976249194,0.21459978958448653,0.20362649360016144,0.132486909784244
"Burlington [Urban Area], NC, USA",0.06920876067243874,0.21582373805630567,0.18644314328733402,0.18958202326460843,0.21493871705132622,0.1240036176679869
"Santa Maria [Urban Area], CA, USA",0.05198263795216286,0.16180078331984915,0.17470469780433603,0.19299762611511595,0.25158888367792487,0.16692537113061118
"Athens-Clarke County [Urban Area], GA, USA",0.044535573133476065,0.16423477792395902,0.15172054937047014,0.21192014946738055,0.32878282419450977,0.09880612591020452
"Midland [Urban Area], TX, USA",0.04255689349499254,0.15631906385845462,0.16831478428085714,0.2546475320458041,0.20535575628662722,0.17280597003326442
"Columbia [Urban Area], MO, USA",0.044671423628798966,0.1654128159481289,0.15369195093489432,0.2176840151220381,0.3019980659509471,0.11654172841519257
"Warner Robins [Urban Area], GA, USA",0.04756081211952375,0.19769084475349105,0.19007123120009975,0.21514183966963957,0.20926426673027942,0.14027100552696642
"Charleston [Urban Area], WV, USA",0.08352639513947473,0.26811311306528296,0.1837973056702903,0.1896393126147073,0.16644513759950053,0.10847873591074407
"Macon-Bibb County [Urban Area], GA, USA",0.06182309017074263,0.21388662416005016,0.16312935939757214,0.21068931982660705,0.21877678546137763,0.13169482098365037
"Las Cruces [Urban Area], NM, USA",0.063215695358647,0.202419524838276,0.1537843122032263,0.1937716311486567,0.2634050525429029,0.12340378390829122
"Greeley [Urban Area], CO, USA",0.04715206123091248,0.16987736686636096,0.16443427028308402,0.22975067270197097,0.2443623241288507,0.14442330478882082
"Grand Junction [Urban Area], CO, USA",0.0795984877832728,0.24231529461160825,0.17159600895226063,0.20055309458994894,0.18726276529179833,0.11867434877111113
"Yuma [Urban Area], AZ-CA, USA",0.11430260901466772,0.20731674138105446,0.13945155263164563,0.19665686859753637,0.2076346718839063,0.1346375564911895
"Racine [Urban Area], WI, USA",0.06548317851015363,0.2315096152529635,0.18112285911766393,0.19391021666519698,0.19415316485705963,0.13382096559696238
"St. George [Urban Area], UT, USA",0.09894444723148615,0.2207018449685057,0.15671726536613706,0.17537536835289114,0.21619005316597414,0.13207102091500567
