longname,"Agriculture, forestry, fishing and hunting %","Mining, quarrying, and oil and gas extraction %",Accommodation and food services %,"Arts, entertainment, and recreation %",Construction %,Educational services %,Health care and social assistance %,Finance and insurance %,Real estate and rental and leasing %,Information %,Manufacturing %,"Other services, except public administration %",Administrative and support and waste management services %,Management of companies and enterprises %,"Professional, scientific, and technical services %",Public administration %,Retail trade %,Transportation and warehousing %,Utilities %,Wholesale trade %
"New York-Jersey City-Newark [Urban Area], NY-NJ, USA",0.0013449061741483148,0.00020228630677088407,0.05904013649931098,0.023488278463575485,0.05722793228654509,0.10487756085570915,0.1638483609100921,0.06694773499618668,0.0246768962184078,0.03218693859682503,0.053034462682772676,0.04625445706646037,0.039695544038265196,0.0013910484998325462,0.10004392428570838,0.041040284378311996,0.09547868730253249,0.058279178919191786,0.005645781179738459,0.02529560033961462
"Los Angeles-Long Beach-Anaheim [Urban Area], CA, USA",0.004540336014299472,0.0005829706657621994,0.0759069060949687,0.03149715214564168,0.06111254579338187,0.0841529837135994,0.12730239104314406,0.04011630109173349,0.023707343892517187,0.03799727619647219,0.09538070707885966,0.05507679502363421,0.04867472408010082,0.0012462834263650363,0.08450560933094704,0.033914253520418984,0.10041396808899518,0.05512514444855184,0.005813744001757192,0.0329325643488498
"Chicago [Urban Area], IL-IN, USA",0.0019283018111066314,0.0005068432976861933,0.06696707262472527,0.021906996585261948,0.05147399579300646,0.09106279253473147,0.13484457296933486,0.06020584693408648,0.01951695690790503,0.019197256042004927,0.10992468404140296,0.04582533121672037,0.04359180151016919,0.0020474746388581943,0.0979136562103611,0.03354065229324574,0.09883786203513555,0.06594147978711924,0.005501311633365745,0.029265111133772607
"Miami-Fort Lauderdale [Urban Area], FL, USA",0.0051364028644311135,0.0002952973143143465,0.07984579757857925,0.024669525857362366,0.08047579648155072,0.07273434273372768,0.13504407474219904,0.04620408266872656,0.032030580020168314,0.019435517800964804,0.04573174991061941,0.05672041170092723,0.06303466482144164,0.0012015904962492205,0.08077701012666813,0.03678793613225952,0.11689515924023153,0.064699012942194,0.006424405961296427,0.03185664060608865
"Houston [Urban Area], TX, USA",0.0021691268024149626,0.029104022575347544,0.0710740039153565,0.01330256618957566,0.09700395283031449,0.09183869206934317,0.11644985168874204,0.041207123520399194,0.021036921951511127,0.013024081988681505,0.09289808054262234,0.051466691498825,0.04752050180993986,0.0029631807432232544,0.08009626039939265,0.02778524553206949,0.10370643500778383,0.05639284230452823,0.009988109336500054,0.03097230929342915
"Dallas-Fort Worth-Arlington [Urban Area], TX, USA",0.0014370307795988886,0.005277231736423847,0.07148026516599594,0.015658843727489644,0.0853114165768846,0.07893447287024212,0.11049349547099813,0.06721859609814257,0.02409096772046564,0.020470373250632338,0.08995830100905426,0.049609842875403605,0.04897714026564385,0.0024036693076505307,0.0869611453707084,0.02637289856969721,0.11137874318933591,0.06776234240788556,0.005922703660386625,0.030280519947360286
"Philadelphia [Urban Area], PA-NJ-DE-MD, USA",0.0034938492059965816,0.0004890849853740772,0.056589240182416886,0.01982216376300704,0.052787872134632756,0.10472837317680611,0.16938488674940333,0.0661009433903948,0.017640767980665665,0.019671682425677264,0.08558301502068032,0.043787328937334474,0.03926433901449686,0.002022804141336498,0.09146138831629223,0.044143520619838054,0.10293218155488197,0.04692500989648942,0.007427889909274448,0.02574365859500117
"Washington-Arlington [Urban Area], DC-VA-MD, USA",0.0015686662033165422,0.00023959307362980475,0.060239344572499375,0.020533027316357526,0.06060696305419344,0.0890052635327702,0.10362584035439777,0.039083514542954334,0.02343999221437763,0.02589871603162829,0.025550118192563104,0.0662307885057948,0.04488045648035262,0.001449597343124702,0.184884394363097,0.13105977659000548,0.07214263964070629,0.03556670526929519,0.003889406095159104,0.010105196623776843
"Atlanta [Urban Area], GA, USA",0.0020227028472042767,0.00044106024652800906,0.07299588307272901,0.0181540618798687,0.062102208695449565,0.08715594490045919,0.11004759948655055,0.05179685193104221,0.02429940652944818,0.031237651871008024,0.07615509762706076,0.045164572699405214,0.052707800902742324,0.0025126629007410713,0.11154755298940332,0.039648607580038485,0.10768625363125041,0.06703286576254171,0.006829320532318574,0.03046189391421044
"Boston [Urban Area], MA-NH, USA",0.0022060013176354145,0.00033876176596718327,0.059562665133970225,0.0189337725639368,0.05364382343991084,0.11806861301435652,0.16012068664701876,0.0608812310054846,0.01788061699316154,0.024220058504165018,0.08383822604713999,0.0424449023852263,0.03791314834972816,0.0017328059895495148,0.1308349140819503,0.037070603122037506,0.09324344541329915,0.03245273570277431,0.005740936520620958,0.018872052002066965
"Phoenix-Mesa-Scottsdale [Urban Area], AZ, USA",0.002863961435826748,0.0017292840943770366,0.07343029395132031,0.021509871460496672,0.07247114775863613,0.08448257300959733,0.12506692190486407,0.07989738949548882,0.02559727333627291,0.019616299375708822,0.07705450651212317,0.045416782783209576,0.0583054568705388,0.002029507178787169,0.07866164200528925,0.03596312462220607,0.11838871770894627,0.04523348843410837,0.007857256035061693,0.024424502027140804
"Detroit [Urban Area], MI, USA",0.0020157395490360787,0.0004870182924031608,0.06993896205724025,0.019119706939279613,0.04713223368116901,0.0695391617757019,0.1481938972361686,0.051200709481926523,0.0166933595541678,0.014041754937697788,0.1929430157173607,0.04256372508711315,0.04175434470269934,0.0018421885719692188,0.07622722104642013,0.03119051422501949,0.10434040885114705,0.04194901207760348,0.006461707618633244,0.02236531859724337
"Seattle-Tacoma [Urban Area], WA, USA",0.0042925285495439645,0.00032552269486371655,0.06498422208487528,0.022785928619788065,0.06252289694116353,0.0791511118876752,0.1264172089354194,0.03394131099010687,0.023355795951880816,0.029759066979639065,0.09093532212673934,0.04374237316575017,0.04011504196649476,0.0025733620575113933,0.13709355082648939,0.036194822263100404,0.12068945113029393,0.050695593873128435,0.005107949518185662,0.025316939437350697
"San Francisco-Oakland [Urban Area], CA, USA",0.002931160469033478,0.0004369652775738638,0.0655735122292542,0.023003616295096257,0.05090281185361069,0.08488541000751566,0.1257075438016503,0.048427255742727736,0.022241737574867523,0.044560881436716895,0.0734592349920195,0.047300022076725345,0.04143167475025161,0.0017314366889267766,0.16901818491791326,0.03508256719901235,0.08846108292522001,0.04909357413642628,0.005704517673261116,0.02004680995219692
"San Diego [Urban Area], CA, USA",0.005188642462059774,0.0002413618663075848,0.08152464404499755,0.027130394897691666,0.06133605265843913,0.08666345287618338,0.12878912560409264,0.03752546262451637,0.0251198086938495,0.020662472508316345,0.09679116368996804,0.049210523121383805,0.04644619474793577,0.0019604015357521628,0.11263681635688337,0.0497171226329054,0.10374821438717666,0.037450377676921706,0.007063127185386568,0.02079464042923252
"Minneapolis-St. Paul [Urban Area], MN, USA",0.004339431109722874,0.0005612655486287274,0.0569364883787435,0.0216121371640243,0.045078549025823256,0.09267137337210847,0.15151671743589534,0.07469542797641218,0.017234332263114917,0.017857161749100122,0.12731290595503317,0.04196668355837504,0.03439711742412756,0.0029145321588752494,0.0928520238196667,0.035170598834449354,0.10844103612142918,0.041392046341451806,0.004626715943071362,0.028423455819946614
"Tampa-St. Petersburg [Urban Area], FL, USA",0.005013712046038826,0.00037936609046013874,0.07770988553411785,0.022711381689811173,0.06973841599345253,0.07607815480401273,0.14326261617342664,0.0766177687813994,0.026472545255403237,0.018416830191919413,0.05789317478090905,0.04679172009884817,0.05350492492764412,0.00188047430373056,0.0943347547755279,0.0352083607965137,0.11887084055098758,0.04152448425811405,0.007069951335568552,0.0265206376121142
"Denver-Aurora [Urban Area], CO, USA",0.003933072902993063,0.007253637330898562,0.0679986834845368,0.023478079249425927,0.07863024188830597,0.08071908817130577,0.12312406759945425,0.05763115373595419,0.025850257217479803,0.0328945351483075,0.06699511685493342,0.04793600233643386,0.044201276714289486,0.002025991782360918,0.11483142029480119,0.04235509494906774,0.09934438033772822,0.046919491164831593,0.007554385768737967,0.026324023068153946
"Riverside-San Bernardino [Urban Area], CA, USA",0.005707377574446703,0.0005830274590818457,0.07050619292039087,0.018034562081260884,0.0882413523245096,0.0850326240329011,0.12839682172053252,0.029847122445473974,0.016625730573162693,0.01240948614258098,0.09176802553224538,0.047517600470134896,0.048879108468485845,0.0007426621865320127,0.04455829006535449,0.051003758266982634,0.12364785004963758,0.09458135281443304,0.00842514395393999,0.03349191091791307
"Baltimore [Urban Area], MD, USA",0.0021640613530952133,0.0003927288426536549,0.05731321896018622,0.018026694305986354,0.05674524869222846,0.11278469794780001,0.1521775171216523,0.04434880877751289,0.022883648912316416,0.017404920280180584,0.05148155437839904,0.04761962257153651,0.03973290440443046,0.0012733981732384076,0.10946822012428946,0.09618629287480514,0.09486645621089548,0.048377152074215654,0.005875644110114863,0.020877209884462896
"Las Vegas-Henderson-Paradise [Urban Area], NV, USA",0.0013670469167536977,0.0015304155514518107,0.16044981385566923,0.08687776523224784,0.07185822440667478,0.06410180708691218,0.09634730684892734,0.03498095556205459,0.025926488953761095,0.015573370262624805,0.03805876290260551,0.04575080289431163,0.06114338155628443,0.0011800264865890191,0.058665652254319675,0.03561164918572787,0.11612106796038427,0.06124224640201879,0.00570764074322577,0.017505574937455855
"St. Louis [Urban Area], MO-IL, USA",0.00415725661880324,0.0012173800637839383,0.06810229774655746,0.0230327735547534,0.051656387620890004,0.09741800370717174,0.15093539994696387,0.07042022808061725,0.01964705560316876,0.019080663024204293,0.10291898410065319,0.046683014393908304,0.039326751048298685,0.0029241705030703833,0.07935522119625736,0.03714058891088336,0.10577814735806122,0.045331391349287424,0.0075100262320123515,0.027364258940653963
"Portland [Urban Area], OR-WA, USA",0.0069757614969319,0.0004442299933818709,0.06832759738673852,0.01928188590720814,0.06119302237695807,0.07714964691590762,0.14543052115997218,0.04365295027743375,0.02152204998363475,0.018869443809114844,0.11871692236995583,0.046196194915340286,0.03761181763026189,0.0028589622845342235,0.10000885040452136,0.03613815889564309,0.1105034789609215,0.04689723080647326,0.00848873263687271,0.029732541788194164
"San Antonio [Urban Area], TX, USA",0.0019871267597648696,0.008256073302315498,0.09129368649648585,0.01722736531371655,0.07991326171416795,0.0936359534416186,0.13831569539172656,0.07285533894768335,0.01927840557122051,0.016195615430330303,0.05341093341764916,0.047888647612073815,0.05034276780134388,0.0015142251463240947,0.07083765861346027,0.049422151724079835,0.1141751790320547,0.04488298009395412,0.005576158234199991,0.022990775955830257
"Sacramento [Urban Area], CA, USA",0.006413087736882989,0.0006350914344145053,0.07047955706187979,0.02285696089809642,0.06902816205717481,0.08063140441124268,0.13928032482138958,0.048534446730387586,0.021830905367766634,0.016441106349517568,0.058224027294404866,0.047667341856563544,0.045859949722589395,0.0014493291433484083,0.07831348059234611,0.10245569457490612,0.10783699379033605,0.04706527284582265,0.012129107865273282,0.02286775544565681
"Orlando [Urban Area], FL, USA",0.0034568510230610365,0.0005437234324344733,0.09997799688783146,0.055035870926037254,0.07064584795416859,0.07564664803028398,0.12457523727430087,0.04478913029965393,0.029173204084394718,0.02260351147593241,0.0469356406531092,0.04646370010150943,0.06408165861642004,0.0016121327952703165,0.083146493773084,0.034250117730935,0.11208170202887136,0.05272256204225467,0.0069378084294599044,0.02532016244098739
"San Juan [Urban Area], PR, USA",0.005312130548455722,0.0003277129034025568,0.08099706002482865,0.013110083715146255,0.058047560488741455,0.09329458859309414,0.12889858306347535,0.05425101455720228,0.013814107868647363,0.019257583323044256,0.07157336068608339,0.057153350786834554,0.06215857834900476,0.0004053889637124892,0.053738761937595435,0.08024278561398637,0.13175890381548647,0.03223880736923887,0.008338677258672909,0.03508096013334664
"San Jose [Urban Area], CA, USA",0.0033966029605178006,0.00028612035332813157,0.057446991171124145,0.01741341563476604,0.047231690583497604,0.08586482242173665,0.10616932097490221,0.02916102961443666,0.01728404779411825,0.05777630088892788,0.16527949367228373,0.03536175963165361,0.03956786400501119,0.002442972843695187,0.18576088388131676,0.022702265927352326,0.07962478165782287,0.026881098652441822,0.0032382395177571904,0.017110297813310024
"Austin [Urban Area], TX, USA",0.0019267730543634945,0.003918047817211159,0.06809829475831464,0.020169205402687677,0.06526435815341926,0.09739442183968296,0.10291830040941322,0.04772643307809409,0.026131635567899658,0.03257213688039414,0.08038597424964637,0.04518572532980111,0.0402788697938611,0.0014658550411530563,0.14770310727562513,0.059039725877069626,0.10048422829480799,0.031452161205354504,0.00770327104653384,0.0201814749246669
"Pittsburgh [Urban Area], PA, USA",0.0021051988563152123,0.004795702946106313,0.06129514768348651,0.01831796399827511,0.05309909654417531,0.09902358536296614,0.1709874433590232,0.06865022313966894,0.017185534386996274,0.017065011337415503,0.08960729767154701,0.04800021027882527,0.036719560312697005,0.0015752367874787131,0.09214467087542245,0.03054379312531829,0.1103606457313973,0.04274589495580685,0.011440961222909022,0.024336821424169496
"Cleveland [Urban Area], OH, USA",0.001922105362310705,0.0006560845558277437,0.06615779093149393,0.020641883110455717,0.04737011511538724,0.08230726664719962,0.17305845995606237,0.06252931917636603,0.0179143962667636,0.01576411571437356,0.1342352080698006,0.04348120679886181,0.03806424385192148,0.0017376810303379425,0.0751954335177056,0.03897773189827301,0.10319726979556197,0.04108663239066326,0.006264795486962589,0.02943826032367132
"Indianapolis [Urban Area], IN, USA",0.0029002602682230002,0.0005850121117343943,0.0638369227687854,0.021035693560385385,0.0568159662312706,0.08674395945594304,0.1449085658918567,0.05341273546012961,0.020651576713205867,0.014566549719267668,0.11417204837321075,0.043423138490250764,0.042594878300247836,0.0016668773199834577,0.08219959709464637,0.03951989866013043,0.11158485543979475,0.06278978922516862,0.006691921978708644,0.029899752937056528
"Cincinnati [Urban Area], OH-KY, USA",0.0018366533006292929,0.0007496798793202662,0.07000376730156815,0.01952101497356173,0.05039070373645722,0.0793216964079526,0.15281738202634945,0.06519008228470609,0.01712146441271992,0.01584782117840701,0.12913238939570854,0.04024018784604972,0.03963260794643361,0.0017767186054793798,0.08703373472561655,0.031674426481610736,0.11085392283102442,0.05364212496332935,0.0045963233068482216,0.028617298396227866
"Kansas City [Urban Area], MO-KS, USA",0.003890831449873506,0.0006157339376464428,0.06491182228802898,0.020629378140770243,0.06216424077029495,0.07913704099094995,0.14134614189916173,0.07107479325806144,0.01898340784299524,0.021833624009224478,0.08823332309149709,0.04343791023359006,0.03893954267662697,0.0012968251926617628,0.10270317058850618,0.042643939619155205,0.10836930351963926,0.05610288429167817,0.005236934516157475,0.02844915168348087
"Columbus [Urban Area], OH, USA",0.00239258471202829,0.00062148330598209,0.0681106718910156,0.019843888261707385,0.04284431480244787,0.09590584948308806,0.1530971438829999,0.08503785087971846,0.016345459816452457,0.021041830310798204,0.07649038413243645,0.03941005756481254,0.043693810046457345,0.00213485437904019,0.08221469755140708,0.04488214600071625,0.11274823108055614,0.05668756919185645,0.008521858463486739,0.027975314242992492
"Virginia Beach-Norfolk [Urban Area], VA, USA",0.0019607762500396713,0.0005662791156096044,0.07964548600909828,0.018972807586472986,0.05933131399272267,0.09500289855219447,0.1403953761376747,0.04021013837542301,0.021225798142016923,0.015072363872783781,0.083357014735408,0.04708877667068458,0.04761349856330625,0.0008714290736347556,0.08374072954260274,0.08709138343621656,0.1104983391396125,0.04228915382594509,0.0061551420666927925,0.018911294911860718
"Charlotte [Urban Area], NC-SC, USA",0.0024175008018593133,0.0005142717924716605,0.06850692115493541,0.02121327644076543,0.06799748194857622,0.07036024326758497,0.11218188958199925,0.10947599750246576,0.022990531170222428,0.02329973588880827,0.08803144994540929,0.04942841595262028,0.047512666273506345,0.0018594733001056432,0.09398984690018058,0.018968419549197146,0.11116392701112397,0.04996311704939836,0.009795965019719166,0.03032886944905072
"Milwaukee [Urban Area], WI, USA",0.0033529494726422093,0.00044357590951219877,0.06567635335023107,0.019209776309077164,0.0456784268444765,0.09261597091165723,0.16463607523343812,0.056205239101921996,0.01506164841244193,0.017181817236474932,0.15700269727053448,0.04387479515561456,0.044884266025577546,0.002439154673562751,0.06620866993763562,0.030412329870716345,0.10058945039018627,0.04221101821817218,0.006478817854356471,0.025836967821770657
"Providence [Urban Area], RI-MA, USA",0.003753127772456883,0.0002941976707945084,0.06859405635072824,0.022217989522576722,0.06430361051218683,0.10585346827124971,0.15771152903686012,0.05323281854332643,0.014889148979282047,0.015308317252272734,0.10666349483316159,0.04483033885102615,0.04049030364993197,0.0022370461413390285,0.06751321257376838,0.04132629365123711,0.11903824423302505,0.03998220072106945,0.006815639302873731,0.024944962130833487
"Jacksonville [Urban Area], FL, USA",0.0022793961431214886,0.0006260449497573759,0.07808520803600141,0.019516197148499618,0.06870139789617019,0.0707339634714022,0.13994611928451833,0.09211849180783245,0.020156638330865603,0.014712703682572739,0.05185685016054653,0.05084641195940058,0.05610955320827071,0.0016272088374684422,0.0736413943260774,0.04398074121157692,0.12044065713890822,0.06511521263375263,0.006309912633373188,0.023195897139883993
"Salt Lake City [Urban Area], UT, USA",0.0025474595572515233,0.005046904274240025,0.06042938192462599,0.018879021643917727,0.07554894553350244,0.09637409406513386,0.11770496598433963,0.07069874000141535,0.02288068539667489,0.02065813586094494,0.09661756466643676,0.04529651673285775,0.04536474292779215,0.0016035564416072782,0.08855648899398909,0.0363772969578123,0.10890425578275516,0.05404733046181734,0.005716782546640965,0.026747130246244546
"Nashville-Davidson [Urban Area], TN, USA",0.0020408003242378477,0.0003360534982278185,0.08012536649758918,0.030232965538400887,0.06045688266433422,0.08809605763437017,0.1451389238726871,0.05342005139422487,0.022245506683313963,0.026510662897716693,0.08137527740132586,0.048209066398344894,0.044871724485816625,0.005668700376604976,0.08705602394607907,0.03660396790384272,0.10525325293283311,0.05006215664648992,0.004340897522807931,0.027955661380752044
"Raleigh [Urban Area], NC, USA",0.002431437347670497,0.0015450998092187303,0.061508885735200525,0.018057889674844077,0.0579491789541415,0.09276971951132312,0.11783846700634547,0.06086106638741586,0.022528785237944063,0.028081911848248986,0.0839321275893856,0.04109559963079304,0.03797712432213696,0.0011652446667758333,0.17113977740647285,0.043866893366927805,0.0942126095566617,0.031753945019134575,0.007854649994688942,0.02342958693466973
"Richmond [Urban Area], VA, USA",0.001903077468913326,0.0008362990249306912,0.06757158830897887,0.020625945735914444,0.06445661091464311,0.09262754353731502,0.1439528700823117,0.07886929249793218,0.01940555395572969,0.016067891624074033,0.0660158975083257,0.04808000630724377,0.043073184377779294,0.001256405393745963,0.0822129661740083,0.06704970128550321,0.10752756955861249,0.04547402239194725,0.010265983366094042,0.022727590485996894
"Memphis [Urban Area], TN-MS-AR, USA",0.0031878847924707134,0.0006072684670707496,0.07561986022043587,0.016719330906245677,0.04658122580077803,0.083762786754706,0.14464696290084128,0.034503443825138896,0.01812086982718262,0.01173168680924937,0.09688950313756459,0.04967976786415643,0.054046483182195015,0.0012165185574602572,0.046961565304563434,0.04460783799303483,0.10118240885689918,0.1345410121906302,0.004779640594722863,0.030613942014653967
"Oklahoma City [Urban Area], OK, USA",0.005149200180882251,0.024171623618297826,0.07616559332943898,0.018451969226476152,0.06800789193453588,0.08218338512120167,0.13844731181582506,0.048756003083868946,0.0187383284559997,0.016393083665285357,0.06794407662491271,0.05107015362815997,0.039509399722038915,0.001163501104184388,0.07070456833009105,0.070832612184028,0.12510400130631466,0.04287184737661617,0.00727711536081376,0.02705833393102834
"Hartford [Urban Area], CT, USA",0.0021705054564756243,0.00032952647676775344,0.05847324875279663,0.018220460323708512,0.051219275962739653,0.09754346874127309,0.1638997157566024,0.08865883106446493,0.01361814354230795,0.0190167048007546,0.10989133255974336,0.044414766297031956,0.03648027203299322,0.0011808486038886552,0.07112493977840466,0.04231387779522901,0.10768400117274265,0.04511574550220581,0.007037549203807743,0.021606786176061966
"Louisville/Jefferson County [Urban Area], KY-IN, USA",0.0021196262379118537,0.0002169209732391505,0.07464856269922499,0.019418179568377218,0.05319608986247351,0.0852372300822507,0.1423866537220086,0.06161225864572246,0.017368406528544666,0.017877312068836103,0.12518407190016514,0.045454813558908354,0.04051523499552213,0.0021784996335815414,0.06148094661176742,0.030385938893805357,0.10908591096611557,0.07863929466737063,0.007994649484804136,0.024999398899370476
"Buffalo [Urban Area], NY, USA",0.0023988387411326187,0.0006170242374920044,0.07246099409444973,0.01943889176854809,0.045061584723664935,0.11363071640092028,0.17234801128432786,0.06670291829818419,0.017500509245513867,0.016188230362332492,0.10193660603171097,0.04265983610781568,0.03748977546110222,0.001148293140683348,0.0627347564013184,0.04369358113558576,0.11293440842465773,0.04241074106333305,0.006988471367021166,0.02165581171020545
"Bridgeport-Stamford [Urban Area], CT-NY, USA",0.002114948875166162,0.0004180988531137459,0.054591995398997104,0.025590505270553746,0.06411322065333266,0.09470257061762224,0.14503568348417128,0.09574362539065936,0.02173901550645923,0.02609832329160907,0.08009496473401412,0.04931314328319188,0.04827555213524879,0.0028020576930164274,0.10107471062684514,0.026556075314868643,0.09990629864072655,0.03276279176461031,0.0052475664924836515,0.023818851973310008
"New Orleans [Urban Area], LA, USA",0.004611514833170594,0.007023959237388535,0.10078879820705096,0.02957924310450081,0.0775908518930002,0.1015048648858244,0.14314854551806358,0.03476144715107886,0.021889050831671263,0.015628970039520188,0.05097361303373619,0.053048074516239996,0.04302335669902466,0.001097272673513966,0.07343861413787055,0.05145745902046152,0.09799930315732808,0.056904108486384254,0.009547865608429696,0.025983086965741618
"Tucson [Urban Area], AZ, USA",0.003405782554896783,0.004808559880241628,0.08731199437941659,0.024803704330345545,0.06285065203756458,0.11276877824698894,0.14868018649940457,0.0370637974170639,0.02147645654392134,0.016166481365378415,0.06588790311153032,0.049744341435818774,0.06222497537924553,0.0010925914801913393,0.06561583788589713,0.05409685607158572,0.11634123037576899,0.039878624715629425,0.00789354621531004,0.017887700073800403
"El Paso [Urban Area], TX-NM, USA",0.0023185735197525713,0.008072451504587366,0.08091678933991515,0.014139834263146684,0.07194250154141354,0.12141873392410486,0.1411522174593253,0.030873345891929214,0.015474391210417066,0.01719335030668439,0.06741864270838796,0.04250801868897198,0.06080323606758467,0.0013956301435198307,0.04428317478247646,0.06967927246792896,0.11445263909613822,0.06333719842611964,0.008106796592168803,0.024513202065427366
"Honolulu [Urban Area], HI, USA",0.005420102192441296,0.00017675975701439195,0.11970504310226916,0.019315018159743142,0.06927022187492513,0.09917113378429397,0.12551387771687084,0.040768502020001145,0.02504914034126793,0.015077512233693682,0.03272930052152673,0.04066595711910521,0.04222933789560516,0.0010118831466096074,0.05955947780068713,0.09961245603927554,0.11046424236804789,0.059160276761423866,0.01103976448224403,0.02405999268295411
"Omaha [Urban Area], NE-IA, USA",0.007559848011369839,0.0003709807851926137,0.06381162934791652,0.019565589301650182,0.07019930258945592,0.09016438346699789,0.1535753866257774,0.08867848467655978,0.017283980123368722,0.019581326618655952,0.07942951126905119,0.042683711715091124,0.043767306321723584,0.0015169763409897345,0.0768295355143505,0.03525264373603852,0.10624551543443066,0.05028960973236516,0.008178429166055181,0.025015849222959335
"McAllen [Urban Area], TX, USA",0.012916725959846845,0.016725032476363165,0.0805713946809385,0.011404108313438762,0.0886918778591633,0.1294714792997921,0.1565873124841213,0.02694771202049556,0.012754915303046267,0.010841132579513843,0.05231279175699692,0.05782161904087877,0.05926488281733139,0.0009892378834654326,0.03192409386216275,0.046079051763476785,0.12705197660478143,0.044189063460383815,0.006453464985215201,0.02700212684858778
"Bradenton-Sarasota-Venice [Urban Area], FL, USA",0.005575816048705664,0.0006224695325337424,0.08943300591237921,0.028734919068685725,0.0834219876559175,0.06763274910625057,0.14270595634444894,0.04194573735672357,0.033797037476793725,0.014885583756132055,0.05881184387826244,0.06072986742007133,0.058979581306075474,0.0015828392862322282,0.07508947206549964,0.03571381749613696,0.13318049394316517,0.036055408109601665,0.007439148836557698,0.023662265399826736
"Birmingham [Urban Area], AL, USA",0.0021248444205745802,0.002967849668414282,0.07005060704749773,0.0171631542923251,0.05397997187754926,0.08964721517834175,0.15924244968572296,0.076107999218106,0.01965066257673282,0.019213447142659348,0.08884179181928488,0.05122483954495918,0.03963447116036492,0.0019928200950890696,0.07117180801970972,0.04110498749440561,0.10732343084167681,0.04060429275473051,0.017482834218214057,0.030470522943641463
"Albuquerque [Urban Area], NM, USA",0.00695475411212027,0.003039144191365024,0.07793631321493875,0.021002885092177702,0.06819793073241599,0.1046675289476073,0.1590826638317594,0.040655042133328094,0.019506194132395537,0.017154388710192186,0.04423956322859172,0.056236027785379394,0.04529672035736049,0.0005752750251957017,0.09693038180044085,0.06952401403703863,0.10841325518855183,0.030193694788954086,0.00755603651658055,0.02283818617360688
"Tulsa [Urban Area], OK, USA",0.003373288514310185,0.01677303627577507,0.07072448664818017,0.023943156871771083,0.06826042947518732,0.0809065452449667,0.13625668924062728,0.044332966671269014,0.020431041076544913,0.023016724136022185,0.11336565062845784,0.054298414629180246,0.04427426102310251,0.0019117068738824046,0.06241728515994102,0.032499413502505486,0.11298693879749434,0.049758669179132235,0.012387151968198262,0.028082144083451933
"Fresno [Urban Area], CA, USA",0.038979169896631756,0.0003817128279004136,0.07261004932628273,0.0173126463360292,0.06278265610943103,0.0995440617286188,0.16275625515927505,0.03259352815578854,0.017020496311992653,0.014689003980054039,0.06079219050600431,0.05009354697587116,0.051161066771905524,0.00039781412159691805,0.051913226028239216,0.06657758856580535,0.10784653618595043,0.05466489253760022,0.008209300976451011,0.029674257498571728
"Rochester [Urban Area], NY, USA",0.003820894594139915,0.0003091042293785205,0.06313195011095184,0.019689918676931487,0.04156474610385894,0.14177936141949327,0.17588308936148403,0.040102503187521274,0.015962762859847317,0.021226320467529564,0.10976437118531006,0.04206079555429691,0.03951082195282918,0.001363049380256509,0.0880338158060368,0.03030415333106415,0.10614157156002275,0.03360213026381951,0.005567100696160431,0.020181539259067696
"Charleston [Urban Area], SC, USA",0.0033383543725670688,0.0005236722215482474,0.08819320880077572,0.019856884514688866,0.07658070213100328,0.08444610913876684,0.1298584277604774,0.033695719522305746,0.026235951025906614,0.01838644502315579,0.08930544467804093,0.04844214561161694,0.05051685858556876,0.0009604825631865018,0.09415017194642043,0.05608787445937163,0.10608946398521846,0.04389009260598904,0.007867643432557114,0.02157434762083473
"Dayton [Urban Area], OH, USA",0.00250119983913756,0.0008968242880641688,0.07638721144714004,0.015049596211499292,0.04637035433859521,0.08458334025021212,0.16588907639385708,0.043260028148486826,0.018154573390666756,0.015985039448222278,0.13224259541976927,0.038770781292268776,0.03828925133059139,0.0028857607453061165,0.07720959643321085,0.061080096561953956,0.10796688476663698,0.046399858479867453,0.005057615137149159,0.021020316077364588
"Mission Viejo-Lake Forest-Laguna Niguel [Urban Area], CA, USA",0.003277841585983402,0.0011188541172821537,0.06449723919535104,0.025695686204914397,0.05017648904533255,0.08272524153547155,0.11059344469709292,0.07377260102640619,0.03571662403769203,0.026495196459826856,0.1073878770009114,0.045530530499051994,0.03848519885089947,0.0021998125762560067,0.13726097018280822,0.030404844774014717,0.09832358758754761,0.02677570723103784,0.00543760542870938,0.034124647963410144
"Colorado Springs [Urban Area], CO, USA",0.00379736707479997,0.0022189527079622354,0.07825753376129117,0.02113567681206347,0.0758495504530121,0.09392577185652867,0.14305184481015742,0.0545914441376484,0.021287455901869767,0.024338803743330594,0.059255560716363856,0.058180478890922906,0.047949926068259936,0.000577920540492711,0.09462607093253064,0.054296201123762544,0.10953810107740651,0.03288252260240409,0.008342587805551742,0.015896228983641403
"Baton Rouge [Urban Area], LA, USA",0.0029754162424865498,0.007562176522372387,0.07717722785167652,0.01811586996330474,0.0830598729165366,0.10709155636636326,0.13796982159210536,0.038174892641881196,0.017171635345082713,0.01849709237840252,0.09279576740776045,0.045709588490392264,0.03349082233611147,0.0007649862789613582,0.06543151628347761,0.06376080863739055,0.11600461985014325,0.03831712586078209,0.006771522728801712,0.029157680305967458
"Allentown-Bethlehem [Urban Area], PA-NJ, USA",0.00360225989272877,0.0006740596065576184,0.061981961807140995,0.022615626160963433,0.04847926674489329,0.09521453279949027,0.16666356537026364,0.03848917883618991,0.013444675600471242,0.019065800639384005,0.13575178858758194,0.044489877107365954,0.03973658987932396,0.0007739886049598015,0.054882327145403205,0.027125845883942096,0.11175126176050725,0.07323093756836398,0.009100535688135588,0.032925920316332874
"Ogden-Layton [Urban Area], UT, USA",0.004499258494918711,0.0031855759450923745,0.05441333803371155,0.019091815110969045,0.06866138647870966,0.08939216972767085,0.11810860110627813,0.04873158099131229,0.017343026161743803,0.013920097050316415,0.12332563465482738,0.04653520260568404,0.04113587418333797,0.0006194859829992695,0.07022905555581126,0.08567982129228742,0.11803206445387171,0.04693137848591562,0.007050753504171201,0.02311388018037125
"Grand Rapids [Urban Area], MI, USA",0.0066372354030094045,0.000208010746363834,0.06674430689139005,0.015471543963467838,0.05147994947880429,0.08406777111019505,0.15517616005152646,0.04291938444278499,0.015645776056735176,0.013753667164613875,0.18633317415750275,0.04607738987673851,0.03744912619426226,0.0018742373637547223,0.06363298217700931,0.017675991651720315,0.11065062415083579,0.03897750079004743,0.0033368516540722946,0.04188831667516573
"Cape Coral [Urban Area], FL, USA",0.005219983327061697,0.0009963179756918453,0.08839949577505057,0.0258014322256727,0.11904883107561107,0.06426090718919471,0.14039537876871716,0.028998278167975858,0.034161815961528376,0.016464075392699278,0.03267652811243979,0.048902966662158924,0.06728324289753795,0.0007566655810861953,0.06418027734237688,0.03279764908518055,0.15164623779952902,0.050099165406882515,0.007290734753416475,0.02062001650018845
"Knoxville [Urban Area], TN, USA",0.004300536621062093,0.0009512645850276357,0.08375112363159869,0.014562409705964976,0.06917959674751074,0.09974988502809572,0.1442892194395761,0.04998538527809382,0.016871865740388726,0.01929812101809262,0.09248055521421086,0.04094494061128453,0.04806374917351352,0.0018295428228479811,0.07883711767226795,0.03208871983358913,0.12703087502700808,0.04059842205959187,0.009402176529448896,0.025784493260826047
"Albany-Schenectady [Urban Area], NY, USA",0.003760706914170998,0.0002367959976493632,0.05792575434610002,0.01900736061281764,0.045028356458231424,0.11424870804852577,0.16119232806964198,0.0587562876788969,0.017023321660451885,0.01867301163871377,0.06740416666921398,0.04421940688904621,0.031398656304261856,0.001226743613213572,0.09038204756434635,0.10798905562819139,0.1018865341564063,0.03421266446169026,0.007350964021177112,0.018077129267253102
"Columbia [Urban Area], SC, USA",0.00440557550194891,0.00025690689326305716,0.07965812281771692,0.01675804022050133,0.05577927436450671,0.1087199004376842,0.139949683819736,0.06108837521977254,0.018372229971021545,0.01931062221333573,0.07546538709529621,0.05618044322017204,0.046956994176544226,0.0007423507061443087,0.05716231297487797,0.07111095757439324,0.11206392468865363,0.04213894091797563,0.010269610168716806,0.02361034701773915
"Provo-Orem [Urban Area], UT, USA",0.003602565282815358,0.002431334823481815,0.0601661345386185,0.018447015439975362,0.07142619306749676,0.14348571760298004,0.10698433670237031,0.046284580912109075,0.016405824588097993,0.028420844684276785,0.08600739199634497,0.044389513637132345,0.05642916889180054,0.0016095361768702651,0.10900106113592838,0.030023121638217923,0.12075641718088853,0.025678658876474525,0.004173200143579399,0.02427738268054094
"Bakersfield [Urban Area], CA, USA",0.07504533225688666,0.03180048379179799,0.07807678056829846,0.013194839284560046,0.07783376460280933,0.1020552160342837,0.13628585873292803,0.024951730746745497,0.01589713564133446,0.010426926002435185,0.04977941916302987,0.04664887914551877,0.043903231312263646,0.0012940207487681802,0.04132913887979291,0.05217126087143876,0.10552575654647048,0.0611381312851878,0.008158754140988265,0.024483340244461794
"New Haven [Urban Area], CT, USA",0.002291571447138588,0.0003646129271495948,0.06638706898329348,0.021527321682570436,0.058897094277304295,0.14563620175768488,0.17175763008606346,0.05042207136033941,0.017015018691794708,0.016604428690603072,0.10030440224113275,0.041339309705865315,0.03311526773281056,0.0013192117683370824,0.06295163152518646,0.03664824650612371,0.102128852064917,0.03979217977075991,0.006461900564950085,0.025035978215975235
"Des Moines [Urban Area], IA, USA",0.009379885846304652,0.00026089290081228255,0.05921690277010079,0.019681419423319104,0.0569760533943504,0.08049594479857262,0.13326753908461084,0.14404740708044,0.01556469203788891,0.01888069078128839,0.08757045003142509,0.04280837399698535,0.03862250325374284,0.0014229941509818515,0.07051121849969032,0.03451409731017519,0.1108523122604651,0.04000206452297506,0.006618178409773477,0.029306379446097493
"Akron [Urban Area], OH, USA",0.0026335765588241617,0.0011918879639973687,0.08485449911941176,0.016274267715783778,0.06051324971510556,0.08342554704612594,0.15443596482733185,0.04414043956269243,0.01379548949736369,0.015232401877039005,0.14532018248901274,0.04887420221211483,0.038597524751791186,0.0017642966570929385,0.053385761587856836,0.030357194768417837,0.12438267299146716,0.04364445398827788,0.010931019385237536,0.026245367285055457
"Concord-Walnut Creek [Urban Area], CA, USA",0.0026059085388698837,0.0015463365029739092,0.05370917584843121,0.021544815578622378,0.05634072508712791,0.09019352331246046,0.13153141960109999,0.07173905000383023,0.027384685372353654,0.029861150773150897,0.0714529457253077,0.04316659748299541,0.038823175435026905,0.002275261380650891,0.17085078362428832,0.03670264038430201,0.09057670170427204,0.025918820188807954,0.013297057890886341,0.020479225564542153
"Temecula-Murrieta-Menifee [Urban Area], CA, USA",0.0064382328019780026,0.000510333618624809,0.07649601266684267,0.034246269042636925,0.08964068761953957,0.09261592398653637,0.12486233205683746,0.03635258430988613,0.022852812655969678,0.019966258362616607,0.08445128854520824,0.04163939802852498,0.03585706345511477,0.0011710487529875365,0.059194316533095495,0.06669277110717006,0.12795755119560107,0.04383401033638297,0.009032555413763308,0.026188549510683293
"Palm Bay-Melbourne [Urban Area], FL, USA",0.003392161076067826,0.001241445788989419,0.08096159286388648,0.02309830810422781,0.06865174238973754,0.07477362210804651,0.13956073487091233,0.03592314668920488,0.021119987726453047,0.01296614006211335,0.11674068691679984,0.04727670764027207,0.04628600203546459,0.0025952822489859265,0.0913426447396332,0.05302826078325541,0.12001199195339515,0.03634006629591249,0.006768998099391672,0.01792047760725044
"McKinney-Frisco [Urban Area], TX, USA",0.0025585274747008625,0.007504777822010764,0.05565081385167875,0.020701592043182,0.0553259221041288,0.0873174855611074,0.10988389303838349,0.10952831502769295,0.02433635047284603,0.03585616912161537,0.07786351271788723,0.04089063607819537,0.03084381008800115,0.003120253421806015,0.13948441988472235,0.02265886350469362,0.10319392921305899,0.03664272080265686,0.0047833241663096555,0.03185468360532233
"Wichita [Urban Area], KS, USA",0.004862925231497124,0.0034481401539059814,0.07443119982310788,0.017415028656064816,0.06749643365211598,0.09094848340723043,0.14728307550862524,0.03148802927934784,0.015943895913874497,0.012688964875923315,0.17603993576693605,0.04441557515324697,0.042789467499091204,0.0019808877765744213,0.05315013969596019,0.038038595412384156,0.10933010376938848,0.037887124231245996,0.005655079280493754,0.024706914912985753
"Toledo [Urban Area], OH-MI, USA",0.0028239603482417912,0.0008374952211190083,0.07735315294156989,0.018385287846759957,0.05019154258427665,0.08984495840874326,0.16836412508254842,0.03164694091176782,0.015425709410710236,0.014327237544128879,0.1637679983559478,0.04163920864129394,0.037058296501079176,0.0024411419998671894,0.05558920620865758,0.029978429040600527,0.11459195096206441,0.0510846939440802,0.005408780083081194,0.029239883963462134
"Harrisburg [Urban Area], PA, USA",0.0064495388579193565,0.001244175935763547,0.06147501597091371,0.0178175526776203,0.04054604614385049,0.08413184106189504,0.16362662083498208,0.05953513260097056,0.016214031881514244,0.013973075702374807,0.07588463358806068,0.047583472989276905,0.036256623685923806,0.0017074846088211356,0.07537980599221768,0.08381131302649379,0.11180625756514936,0.06619094074819179,0.006975821626564711,0.02939061450149619
"Worcester [Urban Area], MA-CT, USA",0.0022204923936355895,0.0001709813961988005,0.05412651219972064,0.016979193834915366,0.05448800437362816,0.11761785592912906,0.1751555278499524,0.05581771784812668,0.01267924217075757,0.019849006379744256,0.10913587298499852,0.042383605761491264,0.032964575754907965,0.001477990977601252,0.09193387164779562,0.03251516724032543,0.11330402461087179,0.0360984533125236,0.009033670761971065,0.022048232571704986
