longname,Utility gas heating %,Electricity heating %,"Bottled, tank, or LP gas heating %","Fuel oil, kerosene, etc. heating %",Other fuel heating %,No heating %
"77494, USA",0.662802608121873,0.31513852512561574,0.010553237840008056,0.005471257345939734,0.004857954767950808,0.0011764167986126784
"08701, USA",0.7166254737188996,0.2369418355577522,0.012984017136266264,0.028538474213214687,0.003394298896028997,0.0015159004778381936
"77449, USA",0.6460123869542003,0.3375677786302357,0.007177163873640821,0.00013109955379348386,0.006056799385258954,0.0030547716028708326
"75034, USA",0.5125915365017664,0.4714848526502598,0.0115321401070829,0.0,0.0012066531442213862,0.00318481759666973
"11368, USA",0.6887650609873526,0.10892304217385437,0.03841472460722886,0.13064456937368876,0.014753598046216405,0.01849900481165909
"75070, USA",0.5673568309321436,0.4182819176745551,0.006818705614673498,0.001673114826595187,0.002521634529200011,0.003347796422832729
"60629, USA",0.9276640284458261,0.0481271545246347,0.015039699671038843,0.0,0.0012854041532927264,0.00788371320520775
"11211, USA",0.6273178858984647,0.2494862238037911,0.029701994860387066,0.06661295649253478,0.01284474217985339,0.014036196764968886
"78660, USA",0.5312977061803372,0.45507618102199016,0.007815301409303473,0.001479809069930631,0.002190564199431555,0.002140438119006806
"77084, USA",0.47772079191305483,0.5001938077749077,0.013005189490616853,0.0006112951407685891,0.0004757332653291709,0.007993182415322885
"77433, USA",0.684442489391084,0.28907004276974774,0.018257070238835316,0.0028098223205209284,0.0033066124299980563,0.0021139628498139584
"11220, USA",0.8141105907987004,0.04429820159205424,0.04440811801320082,0.06396029009197776,0.01807441530473141,0.015148384199335499
"11373, USA",0.6697244652191728,0.062289601679016295,0.03407408630481866,0.2161550736380948,0.00618884853392781,0.011567924624969644
"79936, USA",0.7766337930204199,0.19804442001952638,0.014578356189696814,0.0003665737533192622,0.007528860933557149,0.002847996083480421
"10467, USA",0.4118704759990928,0.11663728257388946,0.036507654879994626,0.38344014526639836,0.024531209485286153,0.027013231795338485
"11208, USA",0.8643405283815178,0.05529497809758475,0.018193810631141106,0.03209595142515413,0.012785784864899466,0.01728894659970275
"90011, USA",0.5164959975041761,0.24177080974790338,0.010012692944929878,0.0014017845339005235,0.002225806523423129,0.22809290874566718
"11219, USA",0.81525589716926,0.04546605223598149,0.030091339434491455,0.08714871708645965,0.005927791357747866,0.01611020271605956
"90650, USA",0.6946813890286337,0.2162289062853722,0.012367200150389496,0.00018948019618681336,0.00564650984636704,0.07088651449305057
"11207, USA",0.7998342789567525,0.09775552913221541,0.021161037974672767,0.04926729890637096,0.011418136696762306,0.02056371833322598
"11226, USA",0.8526801950157059,0.04796192361381783,0.021700954433839036,0.05244367342225183,0.011418497362350004,0.013794756152035587
"11385, USA",0.8055156078485688,0.05958651623186828,0.03141711539000489,0.07785322441976612,0.010576934990580864,0.015050601119210966
"91331, USA",0.5632499204804466,0.3044300897443225,0.010764622105101302,0.00030362101836854997,0.020496592980765255,0.10075515367099584
"37013, USA",0.2495625674771179,0.7283314138991611,0.01303968794347231,0.002859034953763978,0.000917048947433729,0.005290246779050861
"11236, USA",0.9222418824184478,0.03504508834451097,0.013099136421096948,0.02082822794206907,0.002099902879913488,0.0066857619939619875
"94565, USA",0.6099324438659445,0.33117567027765793,0.009636559465340123,0.0011390776030619516,0.03109911974831254,0.01701712903968309
"00926, USA",0.000599279999379445,0.17759648391742425,0.0035403272138719304,0.0,0.0048789965824307885,0.8133849122868937
"92336, USA",0.8221828557786347,0.13991715631304996,0.010624396586580888,0.0007649023245811872,0.016003784264491512,0.010506904732661746
"11214, USA",0.8177491815238519,0.041719897778622235,0.04046628149001796,0.06817772765325412,0.017835574886130617,0.014051336668123178
"77573, USA",0.5976149197972089,0.3898433650879744,0.0065437208821909594,0.0,0.004103890790743878,0.0018941034418817893
"90250, USA",0.6335080825751965,0.2833964633536547,0.015407889231062961,0.0011591181728657384,0.004186237538141576,0.06234220912907843
"10025, USA",0.5265969522211638,0.13078313124055163,0.02205904527830173,0.24472980517721263,0.042621376661552426,0.03320968942121798
"91342, USA",0.6256959072345214,0.2710786290365153,0.011772695882178177,0.0005200183241745221,0.023707569095304613,0.067225180427306
"90201, USA",0.45473946148542227,0.2178239264471784,0.011473781959497133,0.0014590233125574188,0.004910185900570503,0.3095936208947744
"92335, USA",0.72844830514924,0.22969760462523509,0.006914769851518856,0.0002829379722524854,0.0070509690641967476,0.02760541333755673
"29483, USA",0.23044909657408194,0.7474330668599827,0.0119887454026726,0.00046457827202393473,0.0029448751109517877,0.006719637780287295
"90805, USA",0.6038213470382374,0.30574423515714,0.0134388974835985,0.00028642046869213156,0.006633972167958669,0.0700751276843731
"90044, USA",0.6744974733169266,0.2078106382671344,0.007021934077267554,0.0011838579698991184,0.006027898905036207,0.10345819746373615
"77429, USA",0.6435077784599501,0.3329112088167139,0.018017708363186252,0.0,0.0034023381134003685,0.002160966246749321
"75052, USA",0.33486865582670244,0.6415172884478371,0.016650842730119016,0.00043935814850406716,0.0011828873228955652,0.0053409675239418945
"78245, USA",0.14568882259059734,0.8355494785458383,0.00437617511153406,0.0,0.011907150469196553,0.0024783732828338855
"79938, USA",0.7328938662104755,0.20371907102442588,0.050820391123301875,0.0023813313266759337,0.009704559773542773,0.00048078054157821607
"10456, USA",0.5691771938739624,0.15243597580852405,0.017110076015260607,0.1964962616038829,0.012913909444343211,0.05186658325402671
"77584, USA",0.6398495262046345,0.3396325321120909,0.017373907434867455,0.0,0.0006973280347275519,0.0024467062136795097
"11377, USA",0.7916535154481017,0.05763168764357242,0.03542195482117473,0.08108452919572419,0.013853764290185798,0.020354548601241213
"11206, USA",0.6497984371288104,0.20662492758206097,0.025018571051363837,0.06051777235684893,0.009732002838010914,0.04830828904290504
"90280, USA",0.5688728746577405,0.2904154405498467,0.0054910765938099146,0.0,0.013748649792134745,0.12147195840646816
"30044, USA",0.6590270174131798,0.3211830697691043,0.015865488493466046,0.0008527162897914185,0.0007994239196442742,0.0022722841148141416
"10314, USA",0.8758771035824637,0.05712891783607578,0.014853571472893729,0.0358628278911058,0.007288115320645016,0.008989463896815975
"60632, USA",0.932715582824917,0.049691384762116576,0.012326221572283783,0.0,0.0023680785044995706,0.0028987323361830807
"11230, USA",0.6809385183591796,0.07892059584885457,0.02820426692652502,0.14383334625391989,0.03158713082931639,0.036516141782204664
"11234, USA",0.8959172057710977,0.028993374639918093,0.028553744976970597,0.03389388408643766,0.007226800174065971,0.005414990351510045
"77479, USA",0.7382612859453125,0.24271334394331837,0.01528012460864672,0.0,0.0015488695506160326,0.0021963759521063573
"11355, USA",0.7675805949701435,0.09167791686371222,0.024463717174691788,0.09266982216329162,0.011436745997233742,0.012171202830927125
"91710, USA",0.7507179478832652,0.19888369062046,0.01530402803025789,0.0007754658206832326,0.01697292165636659,0.017345945988967045
"92683, USA",0.6587721122588392,0.24445305651295657,0.015607351092133294,0.0004524052770768715,0.008544145800021472,0.07217092905897261
"11212, USA",0.757036866441079,0.10029639407770295,0.014601354900701746,0.08950280927768905,0.013245951610180648,0.025316623692646475
"60618, USA",0.8854515709602421,0.08456619571444302,0.01117107708853983,6.122298891384429e-05,0.005232205550571703,0.013517727697289377
"92503, USA",0.7688307184700175,0.17912940744759656,0.010747260249593904,0.0003287420707373959,0.01019908523548846,0.03076478652656622
"93307, USA",0.5292159284967511,0.41068641585622107,0.017396191407035803,0.0,0.015821307083727178,0.026880157156264926
"93727, USA",0.5573787467688116,0.335077924212352,0.04420422918704889,0.007129399287949158,0.04859076537424583,0.007618935169592513
"34787, USA",0.08404217868234695,0.8807340765505084,0.0043190529888385044,0.0,0.01662502555343058,0.014279666224875627
"60639, USA",0.9049059130544991,0.05705391474311664,0.023914324921830574,0.0004897637935409001,0.008910225124452229,0.00472585836256049
"78521, USA",0.0806361823446579,0.894565185393661,0.00861010945684427,0.0,0.0011048370541968317,0.015083685750639978
"30043, USA",0.6020607714742602,0.3750810247105787,0.019873103870791654,0.002420370867495305,0.0004285262278524935,0.00013620284902171842
"78130, USA",0.17003521447327402,0.8088424618258516,0.01294084445829275,0.0,1.4126974838270962e-05,0.008167352267743271
"60623, USA",0.9151007880629435,0.05613331625162416,0.009473857800576453,0.0008414226353335636,0.006990280355078836,0.011460334894443428
"11221, USA",0.7571369846481876,0.11775794012413757,0.02971336572471855,0.06787501276475819,0.007129994909962281,0.020386701828235716
"85142, USA",0.4496565525161731,0.524393317764646,0.01681019809969737,0.0001956225218625253,0.007731449462073341,0.0012128596355476572
"78613, USA",0.545786896363129,0.4274835052515374,0.02137427398655651,0.0,0.0026324031190928725,0.0027229212796841596
"92804, USA",0.7376581218919014,0.2069811946258377,0.01692659194960471,0.0,0.005305416701328589,0.03312867483132768
"92345, USA",0.8672385729880839,0.08304046346420124,0.0160736897236229,0.00023242056873827065,0.026907077330682122,0.006507775924671579
"78666, USA",0.1895995692038533,0.7776290897383419,0.027705416129506222,0.0,0.004523496856860524,0.0005424280714381411
"91911, USA",0.6935595892951083,0.25442957005916855,0.015262519871767261,0.00015732777187018798,0.004718739876696246,0.031872253125389514
"60804, USA",0.9260535841440748,0.057504725307525185,0.009115882801780799,0.000749230337722408,0.0024558105514234495,0.004120766857473247
"93722, USA",0.535425425014527,0.3944240892864966,0.020807401970717385,0.0032576420558839284,0.03598670018739313,0.01009874148498189
"11235, USA",0.7843217342592594,0.06576377891802514,0.02618132347519839,0.07752607250581274,0.01638603805975611,0.029821052781948285
"99301, USA",0.31935580531503616,0.6516215324921938,0.008630718465538161,0.005539290456077907,0.009620250556964222,0.0052324027141896845
"77379, USA",0.6684415430865576,0.31854709844694573,0.00946602918407256,0.0,0.0011699586631999802,0.0023753706192242026
"92154, USA",0.668131217184976,0.26493648738162495,0.013787619687264953,0.0011394224252598568,0.010123330009039496,0.04188192331183461
"92376, USA",0.6957472120982756,0.2520765582630168,0.013820045209950147,0.0010812224066343399,0.008547834768518729,0.028727127253604278
"66062, USA",0.7214034115358818,0.2568147686386952,0.011346690424803893,0.0026823094499746477,0.0045005197425501695,0.0032523002080942606
"30024, USA",0.7324662346017862,0.24619865703738214,0.016230976587065224,0.0007240278404939452,0.003960929920354957,0.0004191740129175472
"11229, USA",0.8198486762964371,0.04444051425486815,0.02681215168807922,0.07516649238313998,0.011187613457852444,0.022544551919623092
"60647, USA",0.8686234275461662,0.1025253854951774,0.01536875810370857,0.0,0.004964301700335894,0.008518127154612198
"73099, USA",0.6446857732174184,0.31879488316881577,0.030693471369809065,1.0022533106022262e-05,0.004256231294166855,0.001559618416684128
"11223, USA",0.828672862210608,0.047908104307718455,0.029164196815594817,0.06527657896726981,0.016093915986278667,0.01288434171253026
"95076, USA",0.5196645792741231,0.2913338322909524,0.06077156153967446,0.002002254981839915,0.05588696119377825,0.0703408107196319
"10002, USA",0.30944674900685953,0.5330729589778642,0.01853822086031076,0.09441764951653861,0.013663035987351097,0.03086138565107578
"37042, USA",0.1295857175930732,0.844842955706845,0.015794634408205475,0.0010350972538680603,0.0037569716546049653,0.004984623383403339
"11204, USA",0.8144841587943157,0.04043520508403275,0.03414885046258994,0.07840877029976864,0.0119234941631319,0.020599521196160996
"92704, USA",0.6345828270321247,0.2398245191554004,0.015712929872139684,0.0,0.006381025500131347,0.10349869844020412
"11203, USA",0.8815879037769685,0.04448573951059692,0.01367348501990536,0.042659792037857594,0.005615580062405957,0.011977499592265626
"78542, USA",0.03299022171054186,0.922598538469783,0.028635629984629464,0.0,0.008230752957415094,0.0075448568776304995
"10462, USA",0.5103874372173387,0.08864141129086615,0.026781450862504816,0.3285662286859186,0.017124509351254924,0.028498962592116844
"75217, USA",0.4830101657928456,0.49855198716993254,0.009339772605239263,0.0009982971465677375,0.0007379984786765606,0.007361778806738431
"28269, USA",0.6061419712710487,0.3748345666366875,0.013315528270920252,0.001453052291852633,0.0022630414513186876,0.0019918400781721284
"22193, USA",0.6404817115739634,0.33770933685953536,0.007670667043721451,0.008878206928683784,0.0011852655411600252,0.004074812052936038
"10453, USA",0.40205178796668806,0.15268252024589213,0.027926275288769547,0.32679889903264914,0.01886787586248849,0.0716726416035127
"93550, USA",0.8037845990421244,0.1552646800736174,0.016970640516125235,0.0031309594610466175,0.012260825266933839,0.008588295640152467
"93535, USA",0.8437554625700697,0.10776541057994274,0.020506647678711437,0.0,0.02050079161242492,0.0074716875588510985
"91744, USA",0.6991855979366621,0.2298747686582627,0.011168253503011252,0.0,0.0059968744700381596,0.05377450543202586
"10458, USA",0.3251957543804169,0.080799283713841,0.015868966817486382,0.555269350768712,0.004626904157498671,0.018239740162044982
"30040, USA",0.7084200970433279,0.25934808870379733,0.02500304512599992,0.0013823811293774912,0.004723042850475961,0.0011233451470214991
"30349, USA",0.5366423549552256,0.453376616684009,0.006546228514732069,0.0,0.0007625248733613009,0.002672274972671928
"92592, USA",0.7574235581697009,0.1448063795750972,0.06374326642646821,0.0018373295198237825,0.029903780235992928,0.002285686072917075
"92126, USA",0.5646116062108285,0.34543186272523313,0.01767870391791703,0.0006800228592551011,0.02003735650481121,0.05156044778195488
"94544, USA",0.7404332675295806,0.21887054762178185,0.011622125008897697,0.00025526637186819415,0.006760176293285706,0.022058617174585977
"95823, USA",0.5359733563894231,0.4306173166725606,0.016322661951104756,0.0009504228895883879,0.006776928430108499,0.009359313667214732
"78641, USA",0.475651521493039,0.4662176669881126,0.045740107444076084,0.00278001379210167,0.008084935722294864,0.0015257545603757734
"95630, USA",0.7263428047662696,0.2502291475710356,0.009129239230064158,0.0,0.009092575618698449,0.005206232813932175
"95035, USA",0.6272845227872964,0.3375875494172801,0.016466234920041067,0.0008361702463966957,0.007372763000502543,0.010452759628483164
"37211, USA",0.28655136765540845,0.6983974220303861,0.010303018422788558,0.000326186856287461,0.0021999788658710467,0.002222026169258474
"96706, USA",0.05778344877870948,0.4802679547940209,0.008567262121764495,0.0,0.07696864746627786,0.37641268683922735
"76244, USA",0.4606193590208357,0.5217881472521484,0.016803746910683176,0.0,8.176386437561459e-05,0.0007069829519571547
"75035, USA",0.6382432065648629,0.35064916707591154,0.005635107440830317,0.0019153224033369354,0.00235425045410165,0.00120294606095657
"93257, USA",0.7157084888983974,0.1916985823282864,0.057479194975479736,2.6029828166198817e-05,0.024123187227925,0.010964516741745131
"93033, USA",0.6804939729602222,0.1190208708499109,0.007778711134895215,0.0002951467432366189,0.007208122447323591,0.18520317586441154
"78577, USA",0.07962555097486419,0.8522699256280628,0.050998880886050924,0.0,0.0006034614862693332,0.016502181024752767
"78572, USA",0.060347833781510166,0.8941637215120731,0.025638269430378325,0.0,0.009397214573961228,0.010452960702077166
"87121, USA",0.7699154483035575,0.17458921369907013,0.024224577846829305,0.0007772091391793913,0.028692368831315568,0.0018011821800482386
"90706, USA",0.5811058372887002,0.30556249479556974,0.014697310350570402,0.005287700890998418,0.0034557415271879418,0.0898909151469731
"91910, USA",0.6842069537167317,0.25817565331458886,0.011991487831864356,0.0003529523413316998,0.014164390751951045,0.03110856204353248
"77459, USA",0.6596982793298827,0.32547621790209297,0.014806956782545804,0.0,2.4595786231253043e-06,1.6086406855277667e-05
"79912, USA",0.5924166271901495,0.39259024488749056,0.011803477375022409,0.0002568927073380482,0.00209299755079801,0.000839760289201268
"79928, USA",0.7989177418209423,0.15414340727220938,0.03385574374425396,0.000802225671019942,0.011104881680089924,0.0011759998114842872
"93274, USA",0.7554280900694796,0.16243858592977406,0.046729551862255816,0.004337751056748522,0.02043879652811624,0.010627224553625473
"10468, USA",0.3549145567801394,0.11164567193053135,0.01822764880030076,0.484659342676715,0.012031492739671577,0.01852128707264183
"91709, USA",0.7706579151238496,0.1969015585747516,0.021705927246684246,0.0004806536890170637,0.007249859809340711,0.0030040855563566483
"96797, USA",0.04726853938210407,0.45440889289469727,0.011066045766361228,0.0,0.04321265835461421,0.4440438636022232
"92509, USA",0.6982362022028508,0.2245438924080762,0.00795907416792168,0.0003733318635258599,0.012266618372992538,0.05662088098463293
"94112, USA",0.7071218511063769,0.22808321576052423,0.019726303416143932,0.0003222866340308145,0.007154309257904481,0.03759203382501964
"76063, USA",0.39470323594215223,0.5766223932426583,0.02094397690057949,0.0006026760983798905,0.0019058947335695597,0.005221823082660412
"94533, USA",0.673701608780163,0.27119433898854123,0.015355817944702348,0.001697149894777134,0.025905030749596786,0.012146053642219297
"00725, USA",0.0,0.11671631019134804,0.0075034982272076806,0.0,0.00564439281063667,0.8701357987708076
"60617, USA",0.9231105032926,0.04263190243012142,0.023623617875615677,0.0,0.0037444842574058854,0.006889492144257053
"11218, USA",0.7037697871795683,0.08340923986502957,0.03172034683980019,0.13119153888885976,0.029419011902250537,0.020490075324491687
"84095, USA",0.8620920130019405,0.11825417064535124,0.01563527139924598,0.0007321328540861905,0.0025973458837655144,0.0006890662156105323
"98052, USA",0.4286443537498721,0.5470803605041575,0.008604956092331023,0.004261502856117505,0.007131874740377259,0.004276952057144653
"10029, USA",0.6750663903735313,0.1341239267310239,0.015408610246064741,0.126140665931194,0.013852954506565573,0.03540745221162046
"34953, USA",0.001511252705959236,0.9660172364497815,0.0042070007760486835,0.001797165380059632,0.0019196993832455158,0.02454764530490544
"27610, USA",0.4136026119201922,0.560653029321393,0.015639674032907478,0.004060691026523328,0.002815661791658351,0.003228331907325671
"10452, USA",0.46578909369443433,0.16062936508144593,0.031185482393238886,0.28069410348219925,0.011895831652191614,0.04980612369649006
"27587, USA",0.47523664441555974,0.44778574281370187,0.06172838152076686,0.004527146625740819,0.006527944627339135,0.004194139996891667
"92553, USA",0.8257881352423694,0.13839822324479195,0.007502029253470776,0.0,0.005017065566126485,0.02329454669324123
"91335, USA",0.5448446092568168,0.4153589082947563,0.008267421011161803,0.0003705214851241653,0.009791800976647405,0.021366738975493533
"77450, USA",0.6039037522581803,0.3799637547556359,0.011870583471252878,0.0,0.0,0.004261909514931027
"28027, USA",0.48588467372368715,0.4909008366824016,0.015937445089290434,0.004316845569677399,0.002807700358610789,0.00015249857633264452
"11233, USA",0.8175153122365407,0.0783788074022688,0.020827800051394906,0.05600094496804281,0.007218327222749171,0.020058808119003648
"80134, USA",0.7575056803264963,0.21803496365396663,0.013893215065694374,0.0,0.008375556016801098,0.002190584937041485
"60608, USA",0.8803256116303733,0.09087595351447258,0.014353660195063062,0.0007825295903489404,0.0022772782724061187,0.011384966797335961
"10457, USA",0.5012841447617175,0.1082885432486745,0.021586511632925437,0.31250235961993456,0.01893564251542058,0.037402798221327485
"60625, USA",0.8431432462322954,0.10206203366486621,0.019355373732067773,0.0011462384741456112,0.010980225147241812,0.02331288274938316
"78254, USA",0.26856284120637697,0.714815339417032,0.007206758634697245,0.0,0.007288596278775635,0.0021264644631183325
"60634, USA",0.9205792517066519,0.03996334513456148,0.027580618368831692,0.0022918642480831033,0.0030374449444417776,0.006547475597430053
"63376, USA",0.7461511620441494,0.24023419829698894,0.009459753879971698,0.0,0.0007337730174828601,0.003421112761406995
"97006, USA",0.4600524178935517,0.5189831063596252,0.008266490114021205,0.00206237629086519,0.007968743448576454,0.0026668658933601593
"33025, USA",0.022674313821624797,0.9353169738279999,0.009908415368860592,0.00033399152928743567,0.0023379407050120493,0.02942836474721515
"92880, USA",0.7565098371228558,0.21309404317254693,0.010908629972560624,0.00015684665129314903,0.008583476712756553,0.010747166367986909
"95747, USA",0.7668036438061179,0.20084983817148971,0.013862493823690586,0.00023101790351394525,0.014094684031936786,0.004158322263251014
"84043, USA",0.8537763847121497,0.12319193840808151,0.016323932853161742,0.0008706706559561744,0.005478561924080716,0.0003585114465701894
"80013, USA",0.6677497310977389,0.30070436029997344,0.011216926708848008,0.004794036992205356,0.010549847732576627,0.00498509716865765
"33024, USA",0.02673585536973821,0.9329256875063389,0.0011139939737390917,0.000206295180322054,0.002393024091735827,0.036625143878125994
"85225, USA",0.24209095609870981,0.743730995648898,0.005379108759073447,0.0,0.005236615811813224,0.003562323681505596
"22191, USA",0.4761463799449869,0.47253353860186975,0.01603910597181643,0.029372676934745788,0.0018406744924878585,0.004067624054093344
"92805, USA",0.7132657863747314,0.22224020787365695,0.006943380183281724,0.002612246150404895,0.0033862450097841236,0.05155213440814085
"77036, USA",0.12869285510906303,0.858462318146043,0.00401079362076629,0.0007942165585675824,0.000992770698209478,0.007047045867350577
"97229, USA",0.6607169049992355,0.3196376844669998,0.010984175243243735,0.004906630038026066,0.0037389548349621576,1.5650417532661624e-05
"93536, USA",0.8321378932401573,0.10634364960682882,0.03338003464936786,0.0008163742447467088,0.02545366848337063,0.0018683797755286915
"89108, USA",0.48661034119776536,0.4764989579921368,0.014309251298948677,0.0022562383451868568,0.011441294753010041,0.008883916412952175
"33411, USA",0.01139727649496743,0.9530787448194198,0.004958555358200118,0.0031453522794552963,0.0005550621669626995,0.026865008880994645
"23464, USA",0.302397474616111,0.6661645917436486,0.004016845856935928,0.013260038488205665,0.00954916591148771,0.004611883383611063
"94536, USA",0.7510153735877115,0.21297115139600697,0.01573411878185492,0.0003632987940480148,0.009894188171235182,0.010021869269143367
"89110, USA",0.5827662058942997,0.3912018693437099,0.008210612369201124,0.002236885787559142,0.0033747583481364874,0.012209668257093652
"45011, USA",0.5855420188797121,0.3381540063817004,0.030783910866001844,0.029627355511517926,0.01331857156862092,0.002574136792446775
"97701, USA",0.47054636856069876,0.4317504644530482,0.028591851170940232,0.010085650646961545,0.056486611316934214,0.0025390538514169832
"93306, USA",0.5980140667655894,0.3598675172692499,0.009181254581865085,0.00037127200624522495,0.01520892308508593,0.01735696629196425
"76028, USA",0.13300304365038804,0.8385157154529341,0.017364000672850727,0.0037706666966800845,0.002493106752449934,0.004853466774697149
"60614, USA",0.6853448440991731,0.25187205233531096,0.01925607291434406,0.0015338166698903634,0.01976371071296846,0.022229503268313102
"93065, USA",0.8316681934912743,0.12917972535354116,0.010730508401230352,0.0009209018404040973,0.012156627522180236,0.015344043391369758
"11209, USA",0.6940282191798671,0.07893832496589882,0.0346835062280511,0.1426766441512945,0.022163618361710217,0.02750968711317822
"47906, USA",0.49615195555086106,0.4306881260503612,0.05718874105517969,0.00010118382283166477,0.008043503339586457,0.007826490181179787
"30041, USA",0.6603019084722279,0.2881147363676185,0.042921807105596094,0.001985677113847044,0.0048342859222095065,0.0018415850185008725
"78046, USA",0.10968080275074311,0.8684814955468713,0.009314409503047173,0.005475299845292115,0.0,0.0070479923540462345
"97007, USA",0.6112722116896006,0.36557720556702017,0.0067523132615707965,0.0015452578764992167,0.012635090633145708,0.002217920972163626
"77083, USA",0.5415716989784536,0.42614014729976285,0.027939003055072104,0.000608881093339599,0.0005218980800053705,0.003218371493366452
"91706, USA",0.6827616865981658,0.22695819899678168,0.015305269079139674,0.0027824063930965586,0.007042966050105786,0.06514947288271045
"30052, USA",0.4959693729752248,0.47214419233928484,0.023553353805915847,0.00041799148163453823,0.004080627290637733,0.0038344621073022863
"85326, USA",0.11811118707141821,0.8132739381771579,0.013348460189224868,0.0,0.04829829612332031,0.006968118438878661
"28277, USA",0.5803697410136629,0.4038440492587429,0.01167445277529056,0.0006241059659746527,0.0015419088571138476,0.001945742129215094
"11375, USA",0.7205911483747108,0.07685083272455726,0.02941473197450373,0.13022372091487133,0.019110099359150767,0.02380946665220616
"85364, USA",0.2089409595872346,0.7082305310545736,0.021641064320143746,0.00026593854870276846,0.0046643415500586954,0.05625716493928659
"10472, USA",0.45223995035491243,0.06568567540260499,0.020288030837341285,0.43337738861154124,0.01573700555394268,0.012671949239657327
"60657, USA",0.6804264116847143,0.2321834483275921,0.02368979792622006,0.003312147147774301,0.02897511659063049,0.03141307832306876
"84118, USA",0.9107885390989562,0.07157842741466341,0.009244411543649937,0.0,0.005856040523539005,0.0025325814191913955
"77095, USA",0.6079303375839441,0.37423722846984353,0.015784122034720148,0.0,0.0008157090654229848,0.0012326028460693094
"06902, USA",0.4930725825542653,0.3082870016418924,0.02906278456026144,0.14790535026131096,0.018247927465860393,0.003424353516409529
"77407, USA",0.6709276506974443,0.3068805001353997,0.015798969633265054,0.0,0.002942754071156188,0.00345012546273484
"83646, USA",0.8004819382956037,0.16398769108537814,0.015140783785887024,0.005711570652225257,0.012774159296831004,0.0019038568840750864
"20906, USA",0.4580038280913359,0.5135284098668187,0.006318783209275794,0.00958443651924573,0.006125281962215351,0.006439260351108561
"07002, USA",0.7753752380022719,0.12704891456536688,0.023819565902887623,0.05037916521722313,0.009543189886962972,0.013833926425287397
"91730, USA",0.6724727740869919,0.2758082853971977,0.02407416428808929,0.0,0.011829465027744202,0.01581531119997704
"60085, USA",0.7313206477093833,0.23853735363988643,0.014615001382580413,0.00027394200314643233,0.007492859252846391,0.007760196012156955
"80015, USA",0.7552417264487699,0.22841176249422074,0.01066183199792568,0.0,0.005311307510518205,0.0003733715485654904
"98012, USA",0.5750580267218648,0.4059290851098423,0.007172724362413964,0.0019715999663850545,0.007067680148451425,0.0028008836910425336
"00956, USA",0.0005334813912162212,0.11956358612655277,0.009251082063971848,0.0,0.007112014526672795,0.8635398358915863
"10463, USA",0.5316976369834391,0.13168533195065288,0.032227499794623166,0.25534282110566836,0.02200669520159083,0.02704001496402555
"10977, USA",0.8164830225799142,0.11129501610032773,0.020167300107605427,0.040533868886679196,0.004816610935772504,0.006704181389700871
"30096, USA",0.5433398182685331,0.4321962230187414,0.009654153482302556,0.002926514634716528,0.0012817522285152178,0.010601538367191117
"37075, USA",0.4852389321111632,0.4924811244899604,0.018470504823685542,0.00015070248748472572,0.00019257887555757203,0.00346615721214869
"10466, USA",0.5504585267676274,0.13126745162829337,0.03511854068611404,0.23146194862155725,0.015601573780397483,0.036091958516010464
"90255, USA",0.5080773838405066,0.29305527959568833,0.016331297336509405,0.0,0.007876752658800175,0.17465928656849553
"91766, USA",0.6294766877454172,0.24828134470597288,0.022663489679949092,0.0,0.01348616173190649,0.08609231613675422
"10469, USA",0.6262233130261423,0.06567710131427157,0.030065952735502954,0.2564152842940973,0.008182951417299708,0.013435397212685954
"92021, USA",0.5181284446846958,0.37261313869475193,0.04300826805191447,0.0005960102227306732,0.03079273012955871,0.03486140821634855
"89031, USA",0.8043642951787957,0.1718230785449855,0.010384707884048515,0.0009179177088931687,0.010137344077821525,0.0023726566054553602
"90003, USA",0.6384099737183839,0.1980044875871133,0.006773880547456551,0.0005787815084674044,0.0011217407343135526,0.1551111359042652
"91402, USA",0.6483477972893741,0.2971945112466877,0.002454116736280689,0.0,0.003792853721284095,0.048210721006373254
"07055, USA",0.8494647509952977,0.09857975345280731,0.014347293593706569,0.0271190635370316,0.002623168422142983,0.00786596999901366
"33186, USA",0.02415818657678837,0.9420821180465406,0.0027053605206406317,0.0015708544958558503,0.00043634847107106955,0.02904713188910344
"33012, USA",0.04204613045743532,0.8888142745260466,0.007006165585102776,0.0,0.0012467730069378946,0.060886656424477416
"30047, USA",0.742007121669921,0.23968967584266573,0.005976124500918908,0.007561357165482012,0.0013025180180458113,0.0034632028029665998
"21234, USA",0.611916206420174,0.31544301906228384,0.015992729788735987,0.04160406143334011,0.006925228022846914,0.008118755272619143
"20002, USA",0.515251119206872,0.46252559961121514,0.005719768166615609,0.005161311680075426,0.005872969573409203,0.005469231761812372
"95687, USA",0.6547032627442574,0.27450469820000806,0.020133416290695972,0.0,0.04764164898843635,0.003016973776602208
"95123, USA",0.5963480553003936,0.37211964043723944,0.009187307622065365,0.0016158068658436663,0.010802578867808582,0.009926610906649279
"94509, USA",0.6250202832845009,0.31121134934022715,0.019770403434168575,0.0015132283261476735,0.018484211329055686,0.024000524285900087
"30281, USA",0.4922742889172327,0.466771523163018,0.026718827690474133,0.0,0.008843024082770342,0.005392336146504868
"75002, USA",0.5633490246454881,0.38833381799493205,0.04537516479918501,0.0,0.0015455329504330817,0.0013964596099616214
"60641, USA",0.8830513644378946,0.07590831875741806,0.01702216835481277,0.0,0.014728540152241532,0.009289608297633147
"90631, USA",0.6919374716612583,0.2363887741379682,0.010866713091450547,0.0,0.009781178850116947,0.05102586225920611
"94587, USA",0.7479203022496312,0.21884242005360977,0.01719798467518584,0.00048462822504524955,0.004869674914474525,0.010684989882053365
"23462, USA",0.3084217591773733,0.6628544216680461,0.010063116925980066,0.009115090677360072,0.0060541492539472955,0.0034914622972932433
"11201, USA",0.5504714582280116,0.28713375744958136,0.021822493201274773,0.09816654235645143,0.01627684534863956,0.02612890341604125
"33647, USA",0.17818767692946874,0.8073122928678963,0.004749432645841453,0.0012251809342932287,0.0030036693872995263,0.005521747235200733
"75211, USA",0.45970634168565716,0.5294097647326108,0.005089123114480307,0.0,0.001916591231737415,0.0038781792355141198
"02301, USA",0.5758461270062802,0.17083914863921837,0.022374389392882048,0.22025471039776726,0.005626308443824146,0.005059316120027913
"95206, USA",0.6790367344746422,0.273934703171201,0.020574376525394046,0.0,0.014550524161203187,0.011903661667559866
"76179, USA",0.19271954797994872,0.7719941478607603,0.022487481153101077,0.0,0.005315264915937351,0.007483558090252545
"34711, USA",0.11498765476960365,0.857269006982325,0.009905876334053931,0.0,0.010055401424531043,0.007782060489486551
"93230, USA",0.7326081614435109,0.19562544287921851,0.03368400031345672,0.0015526423584021397,0.03279402626031263,0.0037357267450990298
"89121, USA",0.41843512463747434,0.541871925571312,0.01611741845015602,0.0,0.01682074318064026,0.0067547881604172934
"46307, USA",0.8965088456720396,0.059615444498520714,0.028725136319054382,0.0006093476950212767,0.011120347982740749,0.0034208778326232643
"87114, USA",0.8075814320452613,0.16658624737588995,0.013394598067746406,0.0,0.010167905816428081,0.0022698166946741134
"75228, USA",0.43178959945191886,0.5543882985443259,0.00812285780336461,0.0,0.00042444131413799324,0.005274802886252743
"85032, USA",0.162954147594898,0.8059601627504149,0.009752384639029681,0.0026362088109515972,0.012208798389648967,0.006488297815056895
"33311, USA",0.01705696697677301,0.9540580385580647,0.002507244472746508,0.0005374792125396532,0.0004440973279793287,0.025396173451896667
"85281, USA",0.16982302782329411,0.8022382977202168,0.002714691404339852,0.0006873111606643159,0.0029980245168754666,0.021538647374609463
"10701, USA",0.49632606186016065,0.175900214672392,0.027367818525609874,0.26481428050336686,0.019911104592496384,0.01568051984597433
"30004, USA",0.6460158427766355,0.3183416554711116,0.02657020790563381,0.005338476964008041,0.003000681359416885,0.0007331355231943571
"11746, USA",0.44421445017109057,0.05180869026849033,0.022785718784621344,0.4702823277500725,0.004424249618101112,0.006484563407624142
"00949, USA",0.00030935194761424513,0.10788138537678289,0.007655312809903022,0.0,0.006236134382833623,0.8779178154828662
"07087, USA",0.7458201977707415,0.17630252041432784,0.03631862350113196,0.023737683513024098,0.0049766191724476445,0.012844355628326984
"84015, USA",0.864734112392435,0.10506784086875914,0.015202383904613787,0.0,0.012741970137317829,0.0022536926968741767
"19124, USA",0.7336359854548061,0.1826789287618509,0.012161066387857593,0.06628391990027188,0.0031130851386837774,0.0021270143565296205
"77346, USA",0.6833054676385502,0.2949051537821316,0.015952626367581414,0.0,0.0,0.0058367522117367485
"30188, USA",0.6829080785768249,0.2945006517013663,0.018221482236532437,0.0017482927321412686,0.0022555730185009576,0.000365921734634219
"14850, USA",0.5720719566524441,0.25933001287795854,0.06678077580584643,0.03710257570052834,0.053119788693309834,0.011594890269912696
"75067, USA",0.26674217287206153,0.7101315447615485,0.00809653858161694,0.0017107744107491528,0.002601301688435499,0.01071766768558846
"92618, USA",0.6009445714088214,0.34660301118339026,0.02331076895433655,0.00199497715527898,0.015010560270225673,0.01213611102794712
"32828, USA",0.07357165565759222,0.9036470292083673,0.004249499166116418,0.0011006410515361593,0.0038477425193089326,0.013583432397079067
"94541, USA",0.6874935610789311,0.2724016234839246,0.019777077465808115,0.0,0.006450613241126517,0.01387712473020971
"10128, USA",0.5141059299371522,0.22314578400843374,0.03155025150425678,0.1679597594901826,0.03070986913348531,0.03252840592648932
"28078, USA",0.5855308832779816,0.3988792222761927,0.007186647061848959,0.0037333672349218116,0.002858334226085259,0.0018115459229695596
"94110, USA",0.6314121155948507,0.28968749663208593,0.009483262670614908,0.0011357109081270428,0.005442416528038442,0.06283899766628306
"95020, USA",0.625738088910687,0.2809861920817846,0.04379998420517409,0.0,0.03467813048948258,0.01479760431287167
"48197, USA",0.7925656325461277,0.18719965206634123,0.012679750211289515,0.002295254736191829,0.003189780352053593,0.0020699300879962676
"07305, USA",0.7414194213556978,0.15735402391483133,0.025439067870774133,0.05950730230087931,0.00864038409163446,0.007639800466183036
"94513, USA",0.6635500968294166,0.2539542436050106,0.01636850922284545,0.0,0.05733025512914911,0.008796895213578128
"92882, USA",0.8114800181639058,0.1516547562705919,0.012908689267637892,0.0011312674075730485,0.008121716299123718,0.014703552591167726
"30135, USA",0.6389023492410213,0.314515796182156,0.03290268163268272,0.002958844897427625,0.008130440248450284,0.0025898877982620094
"77845, USA",0.4241214405409631,0.5121379932432467,0.057876422144808565,0.0,0.0026061360558955055,0.00325800801508607
"11215, USA",0.7303444141843377,0.10799935959776288,0.028537788961172806,0.10500216207699277,0.013025964116299827,0.015090311063434053
"11213, USA",0.6598937893674547,0.11314305926414853,0.026236517190080553,0.15009999221014467,0.023678524342974013,0.026948117625197675
"75068, USA",0.38224495099242145,0.5719847984664839,0.03846205982330477,0.0005150758077502867,0.0017360069794004178,0.00505710793063918
"85301, USA",0.21226826717129732,0.7438513873359345,0.01049716536439777,0.0,0.0050372838259105735,0.028345896302459702
"11372, USA",0.6689119904472953,0.02917055174485346,0.019566075345785423,0.2345685565374824,0.025026246465572437,0.022756579459010978
"30127, USA",0.7374655758250124,0.2412864802090537,0.016562240749017628,0.0002053534514315613,0.0015330380826489786,0.0029473116828357938
"75098, USA",0.3764723787817763,0.5755979717499133,0.03933123649981066,0.0004918115781770151,0.0072705217074216155,0.0008360796829009264
"30022, USA",0.7206407579513098,0.2567458428680017,0.017329642242036893,0.0,0.00034206818598436946,0.004941688752667198
"78596, USA",0.06689822219668332,0.8698654514126619,0.054422262276736966,0.0,0.0014455208189575607,0.0073685432949602715
"19111, USA",0.7930038968220203,0.15672863317604716,0.020300268398073255,0.020712652432821613,0.003028359216186117,0.006226189954851634
"85383, USA",0.6366597663426984,0.32558682413664924,0.015520001800572752,0.0,0.020584660698266997,0.00164874702181257
"32218, USA",0.02310002533567689,0.950062399273901,0.014873224483322636,0.00022181715977969148,0.0023818139692725108,0.009360719778047224
"33157, USA",0.03770065838815078,0.9096231655322341,0.001269883096877153,0.001123358124160558,0.0028823575339741937,0.04740057732460326
"11434, USA",0.7928718787187237,0.07259634549681239,0.014284995436312706,0.08126945088564302,0.008184278928611939,0.030793050533896447
"90262, USA",0.700998509879699,0.20417599464974906,0.004324487695372773,0.0,0.00984652582946417,0.08065448194571491
"30062, USA",0.8027139542818221,0.17991824165739614,0.013165692793440034,0.0,0.0017558555517621947,0.0024462557155794235
"60640, USA",0.6772640336048564,0.24219934925507827,0.02113237384056626,0.0012072007062015346,0.022789842015358372,0.0354072005779391
"11432, USA",0.7902463919054951,0.05651663029015657,0.015482448760281842,0.09724122706958044,0.014687128592694223,0.025826173381791974
"92201, USA",0.4530731194051185,0.5221628545463423,0.010435397840029862,0.0005127686963891336,0.0027610622113261036,0.011054797300794101
"10023, USA",0.45632951889239703,0.2000757978598576,0.006532337745687872,0.2388690156545281,0.0449319833288607,0.0532613465186688
"89115, USA",0.5236505337107665,0.43171336571538826,0.016002125825404792,0.00390078425563395,0.009238699552817252,0.015494490939989131
"92407, USA",0.7148304792132936,0.2219751534512656,0.011853552315100786,0.0009768858678078885,0.026963886322049293,0.023400042830482696
"94080, USA",0.6536474208519579,0.306549251328169,0.013730664018300033,0.0,0.004108411579731197,0.02196425222184202
"60620, USA",0.859183037512539,0.10203273200099533,0.02083650427302672,0.0001548978114151107,0.00449203653103821,0.013300791870985665
"33023, USA",0.027565192709202217,0.9242372211963252,0.00228770149566689,0.0023836536555292983,0.002240634436197542,0.0412855965070789
"19120, USA",0.7830814815735687,0.15797788549574932,0.018544413190852423,0.028394812558224587,0.004652313639019251,0.007349093542585754
"23322, USA",0.4769966345339819,0.4541944921843845,0.025466207619699387,0.030482099026993684,0.007267607809602156,0.005592958825338362
"85308, USA",0.2517132638972459,0.7264410763803033,0.005697892936589859,0.0,0.01236024914985661,0.003787517636004554
"98682, USA",0.36068914447218126,0.5937119658431053,0.009481299358727607,0.001969633661743275,0.029623095943137046,0.004524860721105532
"95624, USA",0.6150334480051199,0.3121423921368426,0.04447439625814061,0.002064945248446336,0.01419013903912185,0.012094679312328535
"20147, USA",0.7254893738958439,0.24959962090574234,0.01561941636753299,0.003631555601519189,0.0018585183738202848,0.0038015148555414916
"17603, USA",0.5317063316940013,0.3041797599657884,0.02574290235249707,0.11034967655496275,0.021761106911947294,0.006260222520803228
