longname,No internet access %,Uninsured %,Public Insurance %,Private Insurance %
"77494, USA",0.010878883017052863,0.07656250025845895,0.041374359123325294,0.8820631406182157
"08701, USA",0.3219640797495467,0.10386166309441643,0.42105932357321874,0.47507901333236485
"77449, USA",0.04526128997725663,0.250173870490318,0.08007138817402125,0.6697547413356607
"75034, USA",0.01733479405075342,0.09518665460537303,0.02776238259939916,0.8770509627952279
"11368, USA",0.1281291196897067,0.28964785567174406,0.3092153103899143,0.4011368339383417
"75070, USA",0.03124951760906892,0.08320141336912697,0.04151082208434317,0.8752877645465299
"60629, USA",0.1989953054830276,0.19998843960307325,0.25718304358257577,0.542828516814351
"11211, USA",0.1723799553137182,0.06707382801891743,0.26153231891475903,0.6713938530663236
"78660, USA",0.031879483478685654,0.11911587338841013,0.07231385785973483,0.8085702687518551
"77084, USA",0.0736085488218308,0.2467236280077704,0.07820046485343768,0.675075907138792
"77433, USA",0.025774087422634026,0.10702037429087292,0.04081777372120141,0.8521618519879257
"11220, USA",0.1549820584715809,0.17835906643561789,0.4491577578532693,0.37248317571111283
"11373, USA",0.10219088307548972,0.19663733597826924,0.33111356176731077,0.47224910225442013
"79936, USA",0.0850581098393356,0.24938365198993673,0.10942547419352064,0.6411908738165425
"10467, USA",0.1263472208358999,0.10713114118425805,0.4166586346722865,0.4762102241434554
"11208, USA",0.13867459415350547,0.0705167635297974,0.3768647488680019,0.5526184876022008
"90011, USA",0.19831078375585862,0.25585428386957343,0.460698535937548,0.28344718019287846
"11219, USA",0.31602384543593265,0.10568659713243243,0.5592265608963959,0.3350868419711718
"90650, USA",0.0841102924370281,0.11522774594226583,0.23861752870018121,0.646154725357553
"11207, USA",0.1542121291906369,0.07934111168732207,0.41751309412944265,0.5031457941832354
"11226, USA",0.16890649209488026,0.1329586987070677,0.2922318015743673,0.5748094997185651
"11385, USA",0.09875371193206195,0.15287431415291783,0.21881460454088794,0.6283110813061944
"91331, USA",0.11517168719013578,0.1726518643680733,0.3161474305951387,0.5112007050367879
"37013, USA",0.051631049341390664,0.18227290793323322,0.13947298250201837,0.6782541095647484
"11236, USA",0.1124197535074433,0.09097445575921013,0.2700886244753538,0.638936919765436
"94565, USA",0.06761720014164359,0.1019341313693722,0.27033887205363843,0.6277269965769893
"00926, USA",0.2782238750838698,0.08760127315023059,0.24391585872255472,0.6684828681272146
"92336, USA",0.03224166285321142,0.08671694736766505,0.18819787569161106,0.7250851769407238
"11214, USA",0.11842388396694178,0.12644620469627507,0.3399334703656041,0.5336203249381207
"77573, USA",0.033854005665202025,0.0875092169798767,0.041254007687375624,0.8712367753327477
"90250, USA",0.06982544278732639,0.13720034168631745,0.2786920140206817,0.5841076442930009
"10025, USA",0.07700250868865582,0.04690071983120224,0.1465190142389818,0.806580265929816
"91342, USA",0.07907405258786443,0.12464569952617802,0.27303785833743216,0.6023164421363898
"90201, USA",0.13008099582481644,0.24855771688550046,0.3511385866347153,0.40030369647978414
"92335, USA",0.059235685301298587,0.2024344640092348,0.3006085702399576,0.4969569657508076
"29483, USA",0.08834869035027008,0.1210604738169309,0.1695926423148331,0.709346883868236
"90805, USA",0.1251093540662972,0.13120820930120228,0.30640178284230923,0.5623900078564885
"90044, USA",0.12822164964145963,0.20173903568497176,0.4373571216826679,0.36090384263236036
"77429, USA",0.027424359755040602,0.08112027292554944,0.05526816375263973,0.8636115633218108
"75052, USA",0.047343083430768436,0.15951138293304373,0.10705897162394641,0.7334296454430099
"78245, USA",0.0434068102254857,0.1719562648494883,0.11244052209244895,0.7156032130580627
"79938, USA",0.03895748479737913,0.23599578493008774,0.09927348482987457,0.6647307302400377
"10456, USA",0.16381390787761985,0.12165195057976314,0.5047541589564173,0.37359389046381963
"77584, USA",0.022495795831922842,0.09546703383366617,0.04025807238230145,0.8642748937840323
"11377, USA",0.12158778058110484,0.10128798344855386,0.34025767497771375,0.5584543415737324
"11206, USA",0.182415520852086,0.0789344440883363,0.40066272895113214,0.5204028269605315
"90280, USA",0.11119071227334776,0.2050958360925797,0.29273938870860705,0.5021647751988133
"30044, USA",0.06611587661669424,0.2471101072630719,0.07199245411777985,0.6808974386191482
"10314, USA",0.08137356991496117,0.0536289935996446,0.2104707520351985,0.7359002543651569
"60632, USA",0.1723539241553941,0.21498314356692452,0.24584610935317047,0.5391707470799051
"11230, USA",0.14593106939534317,0.09961747108888347,0.376032043051132,0.5243504858599846
"11234, USA",0.08286804879013215,0.06478029867089985,0.22364785626635947,0.7115718450627406
"77479, USA",0.01754186052025189,0.09048476062866204,0.030040497434541565,0.8794747419367964
"11355, USA",0.1855160964979216,0.2046176975784686,0.3197930659120706,0.4755892365094607
"91710, USA",0.05923416780227805,0.10300683697556677,0.1705130394010317,0.7264801236234015
"92683, USA",0.07941536639554399,0.10166046550489165,0.30374758293494586,0.5945919515601625
"11212, USA",0.1673642199964607,0.09548576803699714,0.5168491165934898,0.38766511536951315
"60618, USA",0.08666891599101581,0.1364170435620451,0.08662712407480623,0.7769558323631487
"92503, USA",0.06756698073658561,0.14234533610294883,0.2054244334338918,0.6522302304631593
"93307, USA",0.1311562907883224,0.18943310418296114,0.42829443079400015,0.38227246502303885
"93727, USA",0.10251027430746736,0.07082302263675633,0.30260400636183477,0.626572971001409
"34787, USA",0.034023947922340446,0.12690065204358825,0.07218361748186428,0.8009157304745474
"60639, USA",0.16723175093926715,0.2361428722984444,0.22737291979708202,0.5364842079044735
"78521, USA",0.2130465069404331,0.4982357664208899,0.1541765367805898,0.3475876967985203
"30043, USA",0.03761908240225536,0.16575781083214483,0.06092493117436121,0.7733172579934939
"78130, USA",0.060178278163371506,0.19023230745091793,0.09391608530241966,0.7158516072466624
"60623, USA",0.22647779331348267,0.28898862232619416,0.2810190062953671,0.4299923713784388
"11221, USA",0.12625681906219996,0.10241971148934263,0.26834365062979,0.6292366378808674
"85142, USA",0.02603586480220313,0.07749217240281063,0.08656333227911292,0.8359444953180765
"78613, USA",0.023155962572210254,0.1008108334174613,0.053172256085209056,0.8460169104973296
"92804, USA",0.09932356040722194,0.14162654677084752,0.24732134148253532,0.6110521117466172
"92345, USA",0.05475074492843249,0.1311779786491146,0.40521365675854565,0.4636083645923397
"78666, USA",0.08925543836451158,0.1964735928925254,0.07688941811825392,0.7266369889892207
"91911, USA",0.0833694724558971,0.1286971035379806,0.2515398448437731,0.6197630516182462
"60804, USA",0.11674312803264408,0.2630336917714467,0.21644532779619266,0.5205209804323606
"93722, USA",0.09710378161201962,0.08466703193828945,0.3077111395411714,0.6076218285205391
"11235, USA",0.137655675663064,0.12476779514789318,0.32082480149032044,0.5544074033617864
"99301, USA",0.07011661012523122,0.18031631876584384,0.22893098976087864,0.5907526914732776
"77379, USA",0.02940362252573792,0.11293583354245655,0.06456807294830193,0.8224960935092415
"92154, USA",0.0711520594987266,0.12368788648925438,0.24711944664056773,0.6291926668701779
"92376, USA",0.07201148948983838,0.16806313160652525,0.3048253918229055,0.5271114765705692
"66062, USA",0.02829519664331546,0.05814200715563182,0.04134461668542072,0.9005133761589474
"30024, USA",0.012145857370179512,0.0830345449314794,0.04364774690220393,0.8733177081663166
"11229, USA",0.12517606853936877,0.0782180499655045,0.2946976731287903,0.6270842769057052
"60647, USA",0.08213613649372403,0.0950794996689218,0.10233038524676721,0.8025901150843111
"73099, USA",0.05401375406491109,0.11002062387012133,0.07334431047101408,0.8166350656588647
"11223, USA",0.12052269027680705,0.07866671896080189,0.3728622380683439,0.5484710429708543
"95076, USA",0.09390633007382744,0.11929592989240927,0.29561662376827424,0.5850874463393165
"10002, USA",0.20829974058872705,0.07008432847253909,0.3706907117761151,0.5592249597513457
"37042, USA",0.07306311361380717,0.15271171858237934,0.2298038756281702,0.6174844057894505
"11204, USA",0.16091879177679483,0.12403158789898044,0.3843151984236751,0.4916532136773444
"92704, USA",0.08460283638042834,0.16974469357749697,0.2703073463402254,0.5599479600822777
"11203, USA",0.12855774628166275,0.08864631033657017,0.26736031707590113,0.6439933725875286
"78542, USA",0.29650873324654115,0.48206535518359284,0.09575604198906007,0.4221786028273471
"10462, USA",0.10970908657130216,0.07658599481582007,0.3678926063747649,0.555521398809415
"75217, USA",0.2503321226249164,0.47165127470773965,0.13894400471861945,0.38940472057364095
"28269, USA",0.047823573306941015,0.14572025471021685,0.08984214509717374,0.7644376001926094
"22193, USA",0.019035894572644232,0.15052532065194227,0.07558175403477957,0.7738929253132781
"10453, USA",0.129693708821648,0.12344974756137965,0.5208853141931491,0.35566493824547124
"93550, USA",0.09401196780424563,0.12889323344857567,0.3866332510919443,0.48447351545948
"93535, USA",0.10716152575925712,0.06682682070931238,0.3359525546382889,0.5972206246523987
"91744, USA",0.07771265168141912,0.13811956485304971,0.27855647062605254,0.5833239645208977
"10458, USA",0.0896169642213487,0.1368730023947518,0.4671184731078824,0.3960085244973659
"30040, USA",0.03871677456956259,0.11365462243473297,0.045277667734790535,0.8410677098304765
"30349, USA",0.06841167446152956,0.20481328501529758,0.1577733429029639,0.6374133720817385
"92592, USA",0.0211319284702862,0.07181621219642338,0.13121479570149036,0.7969689921020863
"92126, USA",0.02579958181958517,0.07432532078119501,0.15637772408453968,0.7692969551342653
"94544, USA",0.07097276169060275,0.0570612652309496,0.2542748085115065,0.6886639262575439
"95823, USA",0.08679719636444147,0.09886417014484712,0.38249386006216757,0.5186419697929853
"78641, USA",0.027311695819720108,0.13503901215986,0.06167490233160232,0.8032860855085378
"95630, USA",0.028377635197066858,0.03642289939404545,0.10563734605035749,0.8579397545555971
"95035, USA",0.023431438318692332,0.0322707302456141,0.11447876183759559,0.8532505079167902
"37211, USA",0.07200429616080233,0.21042498016210995,0.10882477741080496,0.6807502424270852
"96706, USA",0.05277068902661316,0.04085530406137258,0.14422089088707724,0.8149238050515502
"76244, USA",0.026247265034858303,0.11150356965723307,0.05747854212917149,0.8310178882135956
"75035, USA",0.01703119567611375,0.07572298137503164,0.026437581171593175,0.8978394374533751
"93257, USA",0.13094368682976326,0.09878405896155704,0.4631165911804554,0.4380993498579876
"93033, USA",0.13113993389797265,0.3082187133645464,0.2539588024760432,0.43782248415941044
"78577, USA",0.24745093301704849,0.4618144101670987,0.14741548769390828,0.39077010213899305
"78572, USA",0.18140400668319626,0.425784392864095,0.10900833010305234,0.46520727703285264
"87121, USA",0.11296270678211517,0.15860446878838827,0.35234353704041615,0.48905199417119555
"90706, USA",0.11266550087434424,0.10844704031375114,0.23570968537239723,0.6558432743138517
"91910, USA",0.09653848377174831,0.11693842210021417,0.23591454577026735,0.6471470321295185
"77459, USA",0.021406614776313764,0.10607035028131134,0.04170136078553908,0.8522282889331495
"79912, USA",0.07679408667089917,0.235536818109209,0.06754367201458811,0.6969195098762029
"79928, USA",0.07044276683327155,0.3043421729391126,0.09688275248584116,0.5987750745750463
"93274, USA",0.13041628793062868,0.14041660222223612,0.31809004652561573,0.5414933512521481
"10468, USA",0.12021772226112751,0.12778223542611802,0.48267761548920984,0.3895401490846721
"91709, USA",0.02770018722468549,0.050628767186263024,0.11844268090371654,0.8309285519100205
"96797, USA",0.09704070902809073,0.059575738784453824,0.13587722876552277,0.8045470324500233
"92509, USA",0.07065713730652262,0.17118329454247633,0.23161860005509086,0.5971981054024328
"94112, USA",0.049865462523614956,0.06638321118746753,0.19144498149140504,0.7421718073211274
"76063, USA",0.041499628218664465,0.12374037098120118,0.06264770609620235,0.8136119229225964
"94533, USA",0.06203448635360366,0.08973264384098799,0.2592852036157784,0.6509821525432337
"00725, USA",0.2287695105486456,0.0955343074455296,0.4826985296346662,0.4217671629198042
"60617, USA",0.13669178523214706,0.14449689501099633,0.3285102715210049,0.5269928334679987
"11218, USA",0.12348402049142779,0.06631137341495816,0.30948513182812876,0.6242034947569132
"84095, USA",0.019672775276402443,0.052999534815678685,0.037486810039037824,0.9095136551452835
"98052, USA",0.02356309678979294,0.048101303533799336,0.06657929197539375,0.8853194044908069
"10029, USA",0.20199264190368643,0.07797053183188185,0.3687770516895608,0.5532524164785574
"34953, USA",0.02013642119021362,0.15154468173336083,0.10205266431681508,0.7464026539498241
"27610, USA",0.08353325863309319,0.18301416722456856,0.16565698185260602,0.6513288509228254
"10452, USA",0.19120565512284285,0.09653086308251706,0.5047827638838196,0.39868637303366333
"27587, USA",0.03618901354745119,0.089113329914333,0.06128052275285159,0.8496061473328155
"92553, USA",0.06424226013451068,0.1749882392767811,0.3251704915769909,0.49984126914622795
"91335, USA",0.07243533842675973,0.1380630599209912,0.2656393623556527,0.5962975777233561
"77450, USA",0.035347207583302814,0.13363964602631093,0.05867725170032704,0.807683102273362
"28027, USA",0.06437868591708024,0.11391727772685256,0.08653967943234993,0.7995430428407976
"11233, USA",0.16963238268390843,0.08717130715165235,0.31912463231882715,0.5937040605295204
"80134, USA",0.011414100461426682,0.038280293393032995,0.05720484171540277,0.9045148648915642
"60608, USA",0.09704603026397937,0.14804025354159195,0.19746171290284742,0.6544980335555607
"10457, USA",0.1953026988555506,0.13708809142717762,0.5130366515568342,0.3498752570159882
"60625, USA",0.07785717388887536,0.18830255064830492,0.1373273574216489,0.6743700919300462
"78254, USA",0.014938475488491504,0.11482765619232024,0.06493727736020333,0.8202350664474765
"60634, USA",0.14595757371218057,0.14843017845827744,0.133015304802463,0.7185545167392595
"63376, USA",0.04613515305708676,0.05017867723005227,0.06103048755659098,0.8887908352133568
"97006, USA",0.01946742736415158,0.08121377011666839,0.1301031273992584,0.7886831024840733
"33025, USA",0.0804196886108835,0.1834007747873426,0.08066340541217885,0.7359358198004785
"92880, USA",0.020887957525900207,0.06060271376669264,0.14534398135745696,0.7940533048758504
"95747, USA",0.03353904472223069,0.029816967266393945,0.12482073380000658,0.8453622989335995
"84043, USA",0.012976513637404914,0.06249627862089839,0.042262865510499126,0.8952408558686025
"80013, USA",0.03566281539570878,0.10090651614894139,0.16533996310554985,0.7337535207455088
"33024, USA",0.06744287899518393,0.2331227878543158,0.09115731916176406,0.6757198929839202
"85225, USA",0.07374811966349844,0.14538863929469037,0.1579387459838486,0.696672614721461
"22191, USA",0.03034916206271242,0.18371432047394587,0.08659166522149354,0.7296940143045606
"92805, USA",0.07715450837620601,0.18892347111525928,0.2298989110617867,0.5811776178229539
"77036, USA",0.24649149858703154,0.6020466920835584,0.12743610720551407,0.2705172007109274
"97229, USA",0.024001632828991926,0.03465831707329762,0.07644879249271828,0.888892890433984
"93536, USA",0.07630336770311073,0.04777778503884553,0.1823279071041553,0.7698943078569992
"89108, USA",0.14214660811099178,0.20755922498617552,0.23574647248139874,0.5566943025324257
"33411, USA",0.06261101243339254,0.14898405879991866,0.09941523224266238,0.751600708957419
"23464, USA",0.05020195326362964,0.08435001323851266,0.11116063876993577,0.8044893479915516
"94536, USA",0.04461870801089389,0.02965366535188452,0.15956264672632936,0.8107836879217861
"89110, USA",0.17988256940519812,0.26784898456458217,0.21499749599556206,0.5171535194398558
"45011, USA",0.08184184787784825,0.09528120689185536,0.17643365288988513,0.7282851402182596
"97701, USA",0.05089032741588126,0.07876539689602273,0.1544816755402602,0.7667529275637169
"93306, USA",0.1121363228238169,0.1238205918824096,0.3650577133173733,0.5111216948002172
"76028, USA",0.05665428887005375,0.14830579256159118,0.06514671138960196,0.7865474960488068
"60614, USA",0.051751693910360934,0.030341409975784724,0.03537453946101689,0.9342840505631983
"93065, USA",0.06467512465400137,0.06326890624157429,0.12436172235966016,0.8123693713987655
"11209, USA",0.09116596292701909,0.07982709700765159,0.20419851942956693,0.7159743835627814
"47906, USA",0.031911388417332036,0.05321038469613911,0.05658630484874018,0.8902033104551208
"30041, USA",0.02059698879088112,0.09663714618802492,0.043504002893150436,0.8598588509188246
"78046, USA",0.24211716293364405,0.46770782522127247,0.11819574266540275,0.4140964321133248
"97007, USA",0.02458227181927853,0.08898925807795527,0.141347761123892,0.7696629807981527
"77083, USA",0.05532461292659522,0.2589526323264531,0.1174126705907723,0.6236346970827746
"91706, USA",0.07510572145260319,0.12130309973567333,0.31771807414066267,0.5609788261236639
"30052, USA",0.05891754145097419,0.13171393285063962,0.08890246141120686,0.7793836057381536
"85326, USA",0.05614172632451116,0.13213753916499257,0.16435565923929904,0.7035068015957083
"28277, USA",0.020082418893458062,0.059158942842507604,0.03574940698232689,0.9050916501751656
"11375, USA",0.06431497737684445,0.050322740737123554,0.13738220992142758,0.8122950493414488
"85364, USA",0.14455002021907173,0.15691084630253752,0.31072976764730614,0.5323593860501562
"10472, USA",0.20015659587369203,0.17147109604644178,0.46905710809571294,0.3594717958578452
"60657, USA",0.03295229966217201,0.045262511614447894,0.027170176355835032,0.9275673120297171
"84118, USA",0.040644874425269574,0.1809428616647171,0.07450528672574103,0.7445518516095418
"77095, USA",0.021731850726399896,0.142685152612054,0.047840201681790206,0.8094746457061559
"06902, USA",0.07505828370572508,0.16587243917326042,0.1636447965606284,0.6704827642661111
"77407, USA",0.03385153149588064,0.13875369435542975,0.0795620850329425,0.7816842206116277
"83646, USA",0.043348271570880795,0.09679628339730312,0.07602623350098303,0.8271774831017139
"20906, USA",0.06431270498972355,0.18163656787226998,0.16932823058423369,0.6490352015434963
"07002, USA",0.1088107518281789,0.12241071045631477,0.22613935236474186,0.6514499371789434
"91730, USA",0.052648405377213756,0.07325038539939033,0.18353807124217505,0.7432115433584346
"60085, USA",0.12409036093487204,0.2272257791109964,0.20953159235617771,0.5632426285328259
"80015, USA",0.017883994810054097,0.0498439960300729,0.11664103053340893,0.833514973436518
"98012, USA",0.016696042488525614,0.045910493892576135,0.08488532678462461,0.8692041793227993
"00956, USA",0.21647025641513387,0.11767132714278669,0.40033401496773224,0.48199465788948115
"10463, USA",0.10172049565722881,0.06678767422193425,0.3104137152989529,0.6227986104791129
"10977, USA",0.2436950456874822,0.13481276629339273,0.40950795186715083,0.45567928183945644
"30096, USA",0.08103569677620098,0.23128278619174367,0.08025834749386852,0.6884588663143879
"37075, USA",0.04761986247420476,0.07497233212804044,0.10314856774845205,0.8218791001235075
"10466, USA",0.11159506381966523,0.10370390899111048,0.3236718656723886,0.572624225336501
"90255, USA",0.12194082565113332,0.25365850695397685,0.3430715338588586,0.40326995918716446
"91766, USA",0.07885120618208763,0.17963307679883708,0.30035305476111424,0.5200138684400486
"10469, USA",0.11815483087126202,0.06582652614814584,0.29248274385301815,0.641690729998836
"92021, USA",0.07509562090700198,0.09354415190709116,0.308806549448763,0.5976492986441457
"89031, USA",0.06060163548612581,0.14885884157913332,0.1666549640683578,0.6844861943525089
"90003, USA",0.11959894931312148,0.2239376339920664,0.4751175562865683,0.3009448097213652
"91402, USA",0.13513745059038318,0.18365538788844266,0.36914330034821385,0.44720131176334343
"07055, USA",0.11039924019670116,0.37101800371888716,0.29163160438639035,0.33735039189472243
"33186, USA",0.03710347409665408,0.13986506039350108,0.07596041934812342,0.7841745202583754
"33012, USA",0.21866955268686916,0.2520167611166574,0.17517505967122704,0.5728081792121156
"30047, USA",0.09549465034693924,0.25572266389521436,0.07474012411151748,0.6695372119932681
"21234, USA",0.09023195063774873,0.0637494647251085,0.16903313084383653,0.7672174044310549
"20002, USA",0.08116557531194903,0.037284266562065335,0.1913926837896845,0.7713230496482502
"95687, USA",0.045957233124319714,0.04383905383475419,0.15846875056267717,0.7976921956025685
"95123, USA",0.03351795917329235,0.05454975027924728,0.12776995554066667,0.817680294180086
"94509, USA",0.07061670885754158,0.1028716546977201,0.30345892945324515,0.5936694158490348
"30281, USA",0.06427378380143692,0.148328723115524,0.09325219899138798,0.7584190778930882
"75002, USA",0.03239972126930335,0.10555256506043105,0.047129758815096616,0.8473176761244724
"60641, USA",0.13506858385442147,0.18621749488674913,0.1479787764812528,0.665803728631998
"90631, USA",0.06566355927338112,0.10711346932452875,0.16389575252975394,0.7289907781457172
"94587, USA",0.05216122828534527,0.025337059452921275,0.1872547572644859,0.7874081832825929
"23462, USA",0.061186982473607154,0.12701148922006147,0.13250893245138748,0.740479578328551
"11201, USA",0.04698573970156848,0.03307044928727917,0.11877037190419547,0.8481591788085253
"33647, USA",0.025291004444327414,0.08056966274766629,0.08865434582552051,0.8307759914268132
"75211, USA",0.17064908483215677,0.37047741182881433,0.11441832157436024,0.5151042665968254
"02301, USA",0.1388258897418003,0.06217075491401914,0.4173493304866446,0.5204799145993363
"95206, USA",0.14746090906792986,0.1217250150350216,0.38986209578533937,0.48841288917963904
"76179, USA",0.02333106050960943,0.11106490865548599,0.06081582946808457,0.8281192618764295
"34711, USA",0.05630781482197214,0.0854713944255387,0.11269134270748607,0.8018372628669752
"93230, USA",0.12312729591163857,0.0957972904825265,0.3299400760482987,0.5742626334691747
"89121, USA",0.15585769296854335,0.2046790256578676,0.2546817434870793,0.540639230855053
"46307, USA",0.06144141104111988,0.04652807083875102,0.10727110552773429,0.8462008236335147
"87114, USA",0.06199097507274712,0.09354605352895302,0.19773183865345909,0.7087221078175878
"75228, USA",0.24670066147352135,0.3745983609815541,0.11406677322776791,0.5113348657906781
"85032, USA",0.0954672213601186,0.15639318340547287,0.17507465189431878,0.6685321647002083
"33311, USA",0.1963065429049723,0.2390161871760037,0.23729586203499423,0.523687950789002
"85281, USA",0.06817982620895588,0.13121891650923892,0.11768480934912597,0.751096274141635
"10701, USA",0.13845343974586194,0.10191400118939374,0.3563917689543123,0.541694229856294
"30004, USA",0.01561355049804968,0.08503153707194766,0.025855151543750992,0.8891133113843014
"11746, USA",0.07576354898368728,0.06417549923736839,0.13809455875976007,0.7977299420028715
"00949, USA",0.2988936949300339,0.09404776544455476,0.37542494218687195,0.5305272923685733
"07087, USA",0.13103698623000115,0.3227271669202124,0.23086881812434956,0.446404014955438
"84015, USA",0.07216288119515224,0.10724209008541265,0.10978583032007361,0.7829720795945138
"19124, USA",0.1631937767142398,0.1227817469663434,0.4353393253866883,0.4418789276469683
"77346, USA",0.031614988168615514,0.10554143214416155,0.0713853140354567,0.8230732538203818
"30188, USA",0.028228449781885205,0.12520456936470034,0.0644344127514532,0.8103610178838465
"14850, USA",0.03890819749504074,0.03831126884905136,0.13168064535890497,0.8300080857920437
"75067, USA",0.03390146204348653,0.20268909836757748,0.061668809798688155,0.7356420918337344
"92618, USA",0.018915800647249036,0.06361322458497759,0.1013393417184657,0.8350474336965567
"32828, USA",0.02531474418533167,0.1139228275590433,0.11721364314735182,0.7688635292936049
"94541, USA",0.08249052473088156,0.058939385373789434,0.24170532104101167,0.6993552935851989
"10128, USA",0.05142332726251953,0.05843849430026306,0.07310744133841272,0.8684540643613242
"28078, USA",0.038802992522817596,0.07318972974128816,0.062206052993313755,0.8646042172653982
"94110, USA",0.05117857149184233,0.06298086285684042,0.15297083686639767,0.784048300276762
"95020, USA",0.03818837900601344,0.08603585274132033,0.2012360689818565,0.712728078276823
"48197, USA",0.052716824428833256,0.06230292826254449,0.18873479394774564,0.7489622777897099
"07305, USA",0.11892228411231728,0.13968054935201352,0.24523394104654295,0.6150855096014436
"94513, USA",0.02836929903938346,0.025450150301108924,0.16998162895553215,0.8045682207433589
"92882, USA",0.07666958919323912,0.1254861716384869,0.17944316650958492,0.6950706618519282
"30135, USA",0.06397312031473279,0.13819878826074336,0.1306502352174702,0.7311509765217864
"77845, USA",0.027705320151054938,0.07394866521161118,0.03846837339945329,0.8875829613889356
"11215, USA",0.03425869700810292,0.04291152903224756,0.09156363017657522,0.8655248407911772
"11213, USA",0.16476597395204834,0.08159741660319929,0.30370823386283213,0.6146943495339686
"75068, USA",0.014495353920472008,0.12022469703678805,0.03321082803784496,0.8465644749253671
"85301, USA",0.22484301369718593,0.26129623864717394,0.3566759259280623,0.38202783542476365
"11372, USA",0.11925697701678782,0.13836347864239976,0.33166468741399324,0.5299718339436071
"30127, USA",0.052264688887355436,0.14115648762309327,0.08385912206511567,0.7749843903117911
"75098, USA",0.031296620642102015,0.17194863664410162,0.05520043597335143,0.7728509273825469
"30022, USA",0.02586045605418955,0.07115132323596278,0.053254753912192795,0.8755939228518445
"78596, USA",0.1341318260138258,0.40700476913328326,0.13007467548116208,0.46292055538555466
"19111, USA",0.12541728755074613,0.12354254946832631,0.2619573537831296,0.6145000967485441
"85383, USA",0.013333528954943271,0.03553340186657415,0.06676261029341063,0.8977039878400153
"32218, USA",0.08920887401173178,0.1708623409770601,0.14774473518666034,0.6813929238362797
"33157, USA",0.10693462652737813,0.22333930582639464,0.12282452893529855,0.6538361652383068
"11434, USA",0.13552908324759763,0.08069462791652998,0.262963841187242,0.656341530896228
"90262, USA",0.13945298285684515,0.21563110267831714,0.29818096919616405,0.48618792812551875
"30062, USA",0.031013203219893964,0.09436243817523937,0.05441483972175956,0.8512227221030011
"60640, USA",0.10375841764068093,0.09099278821158625,0.15626894129865704,0.7527382704897566
"11432, USA",0.11580316179446573,0.12467883218322655,0.35449687153411336,0.5208242962826601
"92201, USA",0.0955633415278431,0.0980949909920459,0.4461965354402501,0.45570847356770405
"10023, USA",0.042134843343226695,0.03862799105055737,0.09558723759785714,0.8657847713515854
"89115, USA",0.1381126405360444,0.2520413230892911,0.2843763817132759,0.46358229519743305
"92407, USA",0.058796009262112384,0.11081718059393876,0.29821395509475784,0.5909688643113034
"94080, USA",0.06850087088837192,0.06422657664897685,0.13501336143308768,0.8007600619179356
"60620, USA",0.22838202715351985,0.11921680082496171,0.35192770220914577,0.5288554969658925
"33023, USA",0.117653018117495,0.2555264814599374,0.11633073645460613,0.6281427820854566
"19120, USA",0.1344146225500152,0.15255481515282435,0.38699953295764516,0.46044565188953046
"23322, USA",0.03540029277341924,0.05362315221329223,0.06085238684893871,0.885524460937769
"85308, USA",0.039263304208085006,0.08426033191654815,0.12105577095803989,0.7946838971254119
"98682, USA",0.04675770749499892,0.08902982302953263,0.20879007632775376,0.7021801006427136
"95624, USA",0.033008931452426435,0.03846737120327746,0.20054661910354057,0.760986009693182
"20147, USA",0.0176741759943577,0.05015588477428393,0.03412552661215893,0.9157185886135571
"17603, USA",0.08350117195047713,0.08132715610456062,0.21719628096889323,0.7014765629265461
"77840, USA",0.0350019917966881,0.12467189066087021,0.05580747760704388,0.819520631732086
"93906, USA",0.07116012845325843,0.17315221846172002,0.20018558843924888,0.626662193099031
"75071, USA",0.030085900261511124,0.10353714996822752,0.04290031161598275,0.8535625384157898
"00953, USA",0.43623584113585034,0.08880625014159678,0.36231980191530433,0.548873947943099
"20011, USA",0.12240115555118347,0.05851355374642392,0.26731530157218986,0.6741711446813863
"02148, USA",0.08637886698355807,0.0708963936235699,0.23605951900829927,0.6930440873681308
"84404, USA",0.0670827003600751,0.11747227879033524,0.1142505081455293,0.7682772130641354
"66061, USA",0.0463551475558958,0.1383788218191488,0.0531304945808901,0.8084906835999611
"92105, USA",0.10971882306323029,0.21229111836799816,0.3356438571875569,0.4520650244444451
"11706, USA",0.08005889880919086,0.06862472424338412,0.21116654737046123,0.7202087283861547
"43123, USA",0.06183042936971106,0.061880008026392395,0.12364511973320509,0.8144748722404024
"92114, USA",0.06369083265253121,0.11462722535960747,0.22916538572574602,0.6562073889146465
"21740, USA",0.16613186575905461,0.06324975354813824,0.30794119290071426,0.6288090535511476
"33033, USA",0.0652456548414759,0.2536652796245434,0.19012156806451996,0.5562131523109366
"60609, USA",0.15620978151525464,0.22701163822836312,0.27184899315905037,0.5011393686125865
"80634, USA",0.060563090717493724,0.09692732603878394,0.1861013002860825,0.7169713736751335
"99654, USA",0.08221212359178015,0.16662642000420705,0.20506350835623538,0.6283100716395575
"32210, USA",0.15446839860234649,0.17540073285834692,0.1934237182989089,0.6311755488427443
"94538, USA",0.04735662653722368,0.037562031523644124,0.1437294918931133,0.8187084765832426
"33015, USA",0.04654526846845643,0.19468081047508012,0.09855724413264667,0.7067619453922732
"92563, USA",0.02321688609586895,0.07310396023156779,0.1695632231058932,0.7573328166625389
"44256, USA",0.05375098249090469,0.04517103438279737,0.11865571591811237,0.8361732496990903
"77521, USA",0.08405733755700256,0.29332181600889223,0.0995815376162663,0.6070966463748415
"95608, USA",0.06569416361574006,0.07403903035822304,0.2262168653058737,0.6997441043359033
"94558, USA",0.0674216818413359,0.08233365176938433,0.13049312859096862,0.787173219639647
"78045, USA",0.05434537448824505,0.24619339745255978,0.05553807426263306,0.6982685282848072
"32765, USA",0.04325967354462946,0.08705011346540648,0.05135896031441628,0.8615909262201772
"95758, USA",0.041293480808752545,0.0366343060395494,0.19525493118672138,0.7681107627737294
"77386, USA",0.032216614044168625,0.11443125639085246,0.06630342616210229,0.8192653174470451
"78574, USA",0.23147056251401127,0.5478539631710324,0.12346898038783351,0.32867705644113393
"92677, USA",0.02794792119019483,0.05514314390770713,0.09892567803615822,0.8459311780561347
"75150, USA",0.09863751066253822,0.2838919442604254,0.14144635870395728,0.5746616970356173
"29072, USA",0.04044661703235486,0.0708874719120913,0.06915378490410425,0.8599587431838044
"94568, USA",0.0259534511926406,0.023865870299723896,0.07677787028829215,0.899356259411984
"19143, USA",0.19600502473633244,0.09338739917314479,0.35086765488538674,0.5557449459414686
"94806, USA",0.06512143748205917,0.09530673629502169,0.2696517869115998,0.6350414767933785
"78520, USA",0.24927500328904945,0.4144962994693848,0.13644924583285198,0.449054454697763
"28173, USA",0.022500091881124864,0.06648074934562931,0.0707164161019956,0.8628028345523752
"78640, USA",0.08868302546122424,0.23348249707876026,0.07895901992388035,0.6875584829973594
"20878, USA",0.019078476246787067,0.05784376516987164,0.08847816925827723,0.8536780655718511
"11691, USA",0.12772275480663087,0.12752774909788575,0.3674916227163601,0.5049806281857543
"85041, USA",0.1500713085798792,0.204507634330117,0.23385799490560005,0.5616343707642831
"37129, USA",0.04999773134070764,0.0815040100666264,0.11127047414249465,0.807225515790879
"60402, USA",0.09716102601368685,0.14460980870701193,0.18572150494060077,0.6696686863523873
"92404, USA",0.10983330153688807,0.1482219907849357,0.34256013730077417,0.5092178719142901
"07093, USA",0.10093129964001987,0.2685111789212915,0.17037877217506625,0.5611100489036422
"90022, USA",0.19298837784917688,0.17820955440055186,0.3610810322757391,0.46070941332370907
"92115, USA",0.07514589563231545,0.10413426764778835,0.21498730188485332,0.6808784304673583
"42101, USA",0.10426914158193956,0.09379461928643464,0.3019142217984605,0.6042911589151049
"43026, USA",0.02999474534683706,0.05380992489277174,0.08616632556629136,0.8600237495409369
"08753, USA",0.06233057789796468,0.08503426824953778,0.1411132550923609,0.7738524766581012
"37128, USA",0.029884125234823568,0.09554200311432,0.05450194094250668,0.8499560559431734
"87120, USA",0.07052184711980906,0.08525797071509131,0.2185628534450938,0.6961791758398149
"80016, USA",0.007420075477875053,0.0434173522375713,0.05999796786963857,0.8965846798927901
"92562, USA",0.03992293802869367,0.09039038500676883,0.18073374936658038,0.7288758656266507
"93905, USA",0.11053023006915384,0.25663524488138745,0.2725483350277863,0.4708164200908263
"85204, USA",0.0766225507848914,0.21403053796717167,0.19457084032401134,0.5913986217088171
"32822, USA",0.10383802384914177,0.19941194571320445,0.1848120142385535,0.6157760400482422
"94501, USA",0.0569446621727543,0.03912636659115536,0.14542499753767366,0.815448635871171
"37122, USA",0.047867268575384495,0.07335703625250276,0.08696364847237857,0.8396793152751187
"28215, USA",0.08669148344593398,0.21327580298477392,0.12326919904201708,0.6634549979732091
"33178, USA",0.024733159299405845,0.1667554296499339,0.05873200158759029,0.7745125687624759
"43081, USA",0.02530612039994755,0.05283514177674584,0.07626508564361262,0.8708997725796416
"75040, USA",0.06529527526610124,0.3117160760379335,0.08618418241329905,0.6020997415487673
"90026, USA",0.09820357137565541,0.153776207470039,0.25425703429515795,0.5919667582348032
"10460, USA",0.18265250242367753,0.10084614121819033,0.5229904685775713,0.37616339020423845
"07047, USA",0.09979364865129818,0.16696899574169957,0.2155983478030108,0.6174326564552896
"11210, USA",0.09191406570944309,0.08551512517076046,0.27554420374975563,0.6389406710794838
"33027, USA",0.12275670207058594,0.10390436173353142,0.08201428433549376,0.8140813539309748
"33463, USA",0.0806419451011123,0.2590643685823849,0.1109293937053183,0.6300062377122969
"75043, USA",0.06670548605540966,0.2756941132811383,0.10636622639793833,0.6179396603209234
"74012, USA",0.051063571588958176,0.14988841946835346,0.06953393245854558,0.7805776480731009
"75056, USA",0.031610728879656165,0.11027975058869438,0.02906920075908449,0.8606510486522211
"95127, USA",0.05872488779014106,0.0799377722500408,0.20375927913827038,0.7163029486116888
"93291, USA",0.09618654056185588,0.12461408848132052,0.3583367221732171,0.5170491893454624
"38401, USA",0.09963236655732816,0.12989400900353076,0.16733237932501843,0.7027736116714509
"72712, USA",0.05419456364466607,0.08429336453832457,0.10095672339585371,0.8147499120658217
"48180, USA",0.10017046838217372,0.0670325270273453,0.2890218338554303,0.6439456391172245
"94015, USA",0.06744157076042598,0.05969292560029874,0.12807594316125742,0.8122311312384439
"32825, USA",0.06906758770206364,0.1426766046525252,0.1361965769841668,0.7211268183633079
"95828, USA",0.08195078713685755,0.09050050495643058,0.36518066151390555,0.5443188335296637
"77373, USA",0.05194743807903196,0.1893132394089637,0.08205291836434145,0.7286338422266948
"22554, USA",0.027551281799897402,0.09973914399799795,0.06116146873653366,0.8390993872654683
"30114, USA",0.06394298303248366,0.17874971040929077,0.08819983166574075,0.7330504579249686
"77396, USA",0.08984436067541526,0.29681415477339734,0.09158772689734755,0.6115981183292551
"78253, USA",0.019193032568016122,0.11706919585001026,0.0736845276627385,0.8092462764872511
"77375, USA",0.04440767951423279,0.12451864479179058,0.05498220212590162,0.8204991530823077
"33313, USA",0.1578304677730912,0.25760086074660266,0.18901685042734936,0.5533822888260479
"32244, USA",0.06367654630521244,0.16174984888656488,0.18494430665163153,0.6533058444618035
"92703, USA",0.14662967242401914,0.19633088030176488,0.32483401486299146,0.47883510483524355
"60619, USA",0.22455792521261844,0.14168718529506893,0.34547954224336097,0.5128332724615701
"92392, USA",0.06351505467496164,0.11343325633065289,0.32444044128341315,0.562126302385934
"60628, USA",0.18933541966110298,0.13949778532599091,0.35354539441109306,0.5069568202629161
"22407, USA",0.04084053710932987,0.10792258421429154,0.10800410065825192,0.7840733151274565
"10027, USA",0.13261804554788373,0.07239909057479847,0.2608157696288068,0.6667851397963948
"95014, USA",0.03250748974318623,0.02297031684626329,0.05156966172952172,0.9254600214242149
"10473, USA",0.14801896073696444,0.07379855055013591,0.3684099732552683,0.5577914761945958
"90640, USA",0.15971045867545802,0.14506189583154272,0.26985107034084505,0.5850870338276122
"30253, USA",0.04137469735805769,0.1355346472503066,0.1161379462615752,0.7483274064881182
"90037, USA",0.16961699006565018,0.20431578452830632,0.4478849968155518,0.34779921865614194
"92801, USA",0.07099011749174164,0.16817833457552928,0.26615791206500955,0.5656637533594611
"91702, USA",0.13687740665188766,0.12503550994550253,0.24700273879018927,0.6279617512643082
"95355, USA",0.06533396142806637,0.054865164453709765,0.23931660263457122,0.705818232911719
"33064, USA",0.06217198502267815,0.2996373180852468,0.11661579475738487,0.5837468871573682
"37064, USA",0.04512728900502334,0.08527174754289188,0.06809422451435258,0.8466340279427554
"11717, USA",0.20990227798074262,0.1327912659800182,0.2181702526244004,0.6490384813955814
"91343, USA",0.0721135293017465,0.15126124700851012,0.305030017957265,0.543708735034225
"10950, USA",0.3387558061715163,0.03804690807939472,0.41723544974349275,0.5447176421771125
"40475, USA",0.11153487236762653,0.06097016252458868,0.2137685015866916,0.7252613358887197
"20874, USA",0.0291915914745074,0.09184266292244599,0.1441511693836942,0.7640061676938599
"37167, USA",0.06225574353724637,0.12356260185925666,0.12120647061550953,0.7552309275252339
"43055, USA",0.10793587678634937,0.08537043002355876,0.26911333973243806,0.6455162302440031
"21122, USA",0.054110036637898144,0.051856438334221,0.1209493023643218,0.8271942593014573
"60651, USA",0.20108533555972155,0.1943053043398457,0.3050926128920489,0.5006020827681052
"46227, USA",0.09515108152873424,0.11752755214219719,0.22562698311203402,0.6568454647457689
"27519, USA",0.015404676421029617,0.036173657507991445,0.030105030871035846,0.9337213116209727
"46143, USA",0.049472238885066626,0.06857998026632937,0.12164039759031821,0.8097796221433524
"02151, USA",0.10548365273437525,0.06752960721656083,0.33402235029103117,0.5984480424924079
"90019, USA",0.10607622954193476,0.18581711655238775,0.26424174961779084,0.5499411338298213
"60016, USA",0.09226568400342426,0.15647087261521897,0.14551063841674236,0.6980184889680386
"90660, USA",0.11408527136851321,0.1305224335633658,0.21155528703319842,0.6579222794034358
"44035, USA",0.1633907359524481,0.1049459126484573,0.2518824097715508,0.6431716775799918
"11550, USA",0.09727567985433701,0.16255886875404374,0.29183484897219014,0.5456062822737661
"02169, USA",0.0759822160924725,0.043302023652010566,0.2326013149853525,0.724096661362637
"91761, USA",0.056271466349090624,0.09816900826460538,0.24058045032004619,0.6612505414153484
"92627, USA",0.056898254699504554,0.16755006462664124,0.13325765663280004,0.6991922787405587
"27406, USA",0.16956382525337876,0.14556578549063726,0.18139897017329018,0.6730352443360725
"43130, USA",0.1387821621849286,0.09095534336521079,0.259096738075858,0.6499479185589311
"60073, USA",0.04865780244643755,0.13034069831841194,0.12429022074267355,0.7453690809389144
"95051, USA",0.03314813625842551,0.031227558803086267,0.07763223492765743,0.8911402062692563
"80219, USA",0.10497241473884208,0.29146381822842227,0.255969845565492,0.4525663362060857
"75243, USA",0.0973671832312229,0.33428043971397786,0.12394449586201164,0.5417750644240105
